1.01999963278043	1.52408e-38	7.085093040000001e-17
1.0607978032552452	2.3051500000000002e-38	1.070303058e-16
1.0920000262540155	3.1485e-38	1.4641467120000002e-16
1.1075978969741112	3.6677e-38	1.71023094e-16
1.1161632766361127	3.9821e-38	1.8606375000000005e-16
1.1238990168000162	4.2849e-38	1.9947375000000003e-16
1.1339551549351623	4.708e-38	2.1953019300000001e-16
1.1470284585887807	5.3107e-38	2.4795268800000003e-16
1.1609573279748127	6.0246e-38	2.8138471200000003e-16
1.1730908056344924	6.7101e-38	3.1312439400000003e-16
1.185959940192876	7.5035e-38	3.5154315000000006e-16
1.2004753906302974	8.491e-38	3.98309184e-16
1.2142487026104358	9.5231e-38	4.46723307e-16
1.227224782885371	1.05856e-37	4.98456852e-16
1.240009657182229	1.17235e-37	5.535071370000001e-16
1.2524769351087215	1.29259e-37	6.101997e-16
1.2665840473556729	1.43987e-37	6.81903864e-16
1.2819291372911918	1.6153900000000002e-37	7.66936674e-16
1.2957024492713303	1.78737e-37	8.50253451e-16
1.3104285503625657	1.9865e-37	9.46632015e-16
1.3268301343464435	2.2290899999999997e-37	1.0648845240000001e-15
1.3421039271375947	2.47564e-37	1.186410861e-15
1.3564703017277018	2.72677e-37	1.3095401400000003e-15
1.3729691090902632	3.0386e-37	1.464290646e-15
1.391441551040096	3.4212000000000004e-37	1.6535280960000003e-15
1.4076389659287387	3.7877000000000005e-37	1.8330576000000003e-15
1.421198386475774	4.117e-37	1.9991628e-15
1.4361610644551386	4.505e-37	2.19848904e-15
1.4556122217503837	5.0509e-37	2.4636494400000002e-15
1.4757536650342804	5.6716000000000005e-37	2.77918227e-15
1.4925084939607078	6.2449e-37	3.0779079e-15
1.5100054613444178	6.8589e-37	3.39310548e-15
1.5327492503977387	7.7455e-37	3.84012783e-15
1.5561509176468162	8.7527e-37	4.3531273799999995e-15
1.5753979058468264	9.6552e-37	4.8170508e-15
1.595422681076303	1.06623e-36	5.345708759999999e-15
1.6174016462173146	1.1865100000000001e-36	5.9567577600000006e-15
1.6374782739154228	1.3053600000000001e-36	6.58550349e-15
1.6591299203482004	1.44299e-36	7.31144043e-15
1.6833515047575076	1.6105e-36	8.185723260000001e-15
1.7061698317344853	1.78192e-36	9.094635180000002e-15
1.7310979060288914	1.98388e-36	1.016592432e-14
1.7588195320707987	2.2294900000000002e-36	1.1467722420000002e-14
1.784807341192853	2.48138e-36	1.2817725e-14
1.8132322163405694	2.7803099999999998e-36	1.441421232e-14
1.8451409292244385	3.1498e-36	1.640103345e-14
1.873549600475708	3.5117e-36	1.83235581e-14
1.89797535398025	3.8462e-36	2.01339528e-14
1.9252562340387929	4.2529e-36	2.2426168800000004e-14
1.9607200818031822	4.8119000000000004e-36	2.5373686800000002e-14
1.9966765280195677	5.4725999999999995e-36	2.914743960000001e-14
2.0251273294016	6.031799999999999e-36	3.2258738400000006e-14
2.053973505856944	6.6437e-36	3.5531136000000005e-14
2.0914725630151048	7.4983e-36	4.02686655e-14
2.130504508777173	8.481299999999999e-36	4.58195562e-14
2.1632007310283767	9.424400000000001e-36	5.12111808e-14
2.1973747486355677	1.0463000000000001e-35	5.707349639999999e-14
2.2418025919145603	1.19386e-35	6.536637450000001e-14
2.2869822959887047	1.36541e-35	7.5298044e-14
2.3232336531204294	1.51758e-35	8.4091428e-14
2.3604540032596977	1.68697e-35	9.383057460000001e-14
2.408838838051102	1.9292600000000001e-35	1.0809738419999999e-13
2.455554671508443	2.18288e-35	1.2285571500000001e-13
2.4899847106794994	2.3952000000000002e-35	1.355075136e-13
2.52462864128366	2.62651e-35	1.4924525400000003e-13
2.5696625102897785	2.9461200000000004e-35	1.6763528100000004e-13
2.6172501133759796	3.3387e-35	1.9188994800000001e-13
2.657662631115351	3.6986e-35	2.1447954000000002e-13
2.699702020058023	4.1025000000000003e-35	2.38655088e-13
2.754354521995213	4.6835000000000004e-35	2.7561573e-13
2.809907960574868	5.3501e-35	3.17505888e-13
2.8546145108727536	5.9465e-35	3.560891400000001e-13
2.9007081147065206	6.6132e-35	3.9773255400000005e-13
2.960633364547636	7.5497e-35	4.58536176e-13
3.0232354980818332	8.686400000000001e-35	5.33828856e-13
3.075418526200466	9.741799999999998e-35	6.0589956e-13
3.12934833435611	1.09314e-34	6.855192e-13
3.1994593535039497	1.26516e-34	8.050894650000001e-13
3.2706268667001477	1.46498e-34	9.467907e-13
3.3275997666085795	1.64643e-34	1.079080797e-12
3.376503126086295	1.80813e-34	1.1963959469999998e-12
3.4305269168413326	2.00539e-34	1.3422431069999999e-12
3.5007870118364863	2.28581e-34	1.5556055940000001e-12
3.573153613369779	2.6109899999999997e-34	1.8022324800000001e-12
3.632686728916872	2.9049399999999996e-34	2.0397504e-12
3.694455982173682	3.2314e-34	2.307414e-12
3.7747624929661128	3.6975999999999997e-34	2.6840427900000003e-12
3.8555227128590666	4.2236e-34	3.14019288e-12
3.919009579139282	4.6752e-34	3.5326946399999997e-12
3.9836631259636963	5.1617e-34	3.9548325e-12
4.067761348524778	5.8470000000000004e-34	4.594319640000001e-12
4.155521651682932	6.6404e-34	5.32880322e-12
4.229249380517791	7.362e-34	6.02969922e-12
4.306282704227883	8.1591e-34	6.8209696799999994e-12
4.40639037647882	9.2764e-34	7.965826080000001e-12
4.509252711125784	1.05485e-33	9.31143465e-12
4.593642603822915	1.16712e-33	1.0548306e-11
4.663902698818069	1.2674e-33	1.168797273e-11
4.7377924666174005	1.37401e-33	1.290224376e-11
4.833816756963637	1.52199e-33	1.466050038e-11
4.932595709705901	1.68735e-33	1.67614272e-11
5.01361519194201	1.832e-33	1.8596988000000005e-11
5.0975837833315145	1.98291e-33	2.0415384000000003e-11
5.206765637592895	2.19164e-33	2.3299964400000002e-11
5.318637338664514	2.42252e-33	2.6486538000000002e-11
5.409508789940534	2.62136e-33	2.9361150300000004e-11
5.503102495819688	2.8267099999999996e-33	3.2369594400000005e-11
5.624761350345429	3.1079e-33	3.655825260000001e-11
5.750503586775871	3.4204e-33	4.1520936000000006e-11
5.8541761162451955	3.6907000000000004e-33	4.60059552e-11
5.961737580861854	3.9725e-33	5.076132e-11
6.101544799408484	4.3531000000000003e-33	5.74140657e-11
6.246310410267964	4.7767e-33	6.5118066e-11
6.366446098527666	5.1406999999999996e-33	7.222031490000001e-11
6.491540179100219	5.5205999999999996e-33	7.95461532e-11
6.654097668258748	6.0289e-33	9.00236097e-11
6.823914503025633	6.595799999999999e-33	1.022997495e-10
6.967481025548018	7.0864e-33	1.1364152520000002e-10
7.086774111192465	7.5069e-33	1.2306357e-10
7.210182986534506	7.9337e-33	1.336991304e-10
7.370633969154897	8.497800000000001e-33	1.4768880000000001e-10
7.538473928555221	9.120599999999999e-33	1.64860752e-10
7.67951264323184	9.649800000000001e-33	1.7914419000000002e-10
7.826384760629458	1.01866e-32	1.9464257399999999e-10
8.017299068570626	1.08877e-32	2.1566856e-10
8.211972680487548	1.16455e-32	2.3962999499999996e-10
8.368178242238766	1.22542e-32	2.606904e-10
8.52791625341548	1.28494e-32	2.8136862e-10
8.735585390283076	1.36173e-32	3.10221576e-10
8.954175953356097	1.44653e-32	3.43296e-10
9.140164276777309	1.51837e-32	3.7347654600000005e-10
9.334999927658705	1.58881e-32	4.04479125e-10
9.588299236921676	1.6788300000000002e-32	4.4734374299999997e-10
9.851839408739291	1.7772600000000002e-32	4.957793220000001e-10
10.072277216007297	1.8561499999999998e-32	5.384852550000001e-10
10.302372545557848	1.9347200000000002e-32	5.830431089999999e-10
10.601496473973562	2.0309299999999998e-32	6.426876599999999e-10
10.919935446954366	2.13732e-32	7.13146482e-10
11.196049842415025	2.22677e-32	7.75047042e-10
11.423649771912704	2.29922e-32	8.29191258e-10
11.655559937865343	2.3636e-32	8.844297300000001e-10
11.95704963516235	2.4436999999999998e-32	9.56311353e-10
12.275067306835526	2.53245e-32	1.0388311290000001e-09
12.547001097012803	2.60553e-32	1.1111503650000001e-09
12.832967461513373	2.67528e-32	1.1829922049999999e-09
13.204717253805537	2.7494600000000003e-32	1.283518929e-09
13.579513378629779	2.83145e-32	1.3937370599999997e-09
13.873257613425015	2.90138e-32	1.4767628400000002e-09
14.170145404131015	2.95104e-32	1.57003386e-09
14.556057401918048	3.0215e-32	1.6712167800000003e-09
14.978719836847382	3.0852e-32	1.7969489400000001e-09
15.357178042268695	3.1459000000000003e-32	1.92247101e-09
15.757252245550603	3.1986e-32	2.04236088e-09
16.277332505920636	3.2538e-32	2.19045198e-09
16.813292584808945	3.3096000000000003e-32	2.37698955e-09
17.24946906937526	3.3532e-32	2.51593056e-09
17.695983639874903	3.3813e-32	2.6574865200000003e-09
18.276504433993075	3.422e-32	2.82359619e-09
18.903141517400037	3.4504e-32	3.0356664000000002e-09
19.454365666741626	3.48e-32	3.2250781800000004e-09
20.035664247889265	3.4845e-32	3.3994171200000006e-09
20.77148318555761	3.4843e-32	3.62540691e-09
21.54340440451036	3.4961e-32	3.872137500000001e-09
22.22529677480235	3.4986e-32	4.09507875e-09
22.95499063961364	3.4711e-32	4.3073054100000005e-09
23.74975935255698	3.466e-32	4.5496107e-09
24.46775400413338	3.4335e-32	4.76991465e-09
25.239837262050607	3.392e-32	4.97544525e-09
26.18974207957964	3.3362e-32	5.21520264e-09
27.18012423043384	3.2944e-32	5.49247674e-09
28.04725954491047	3.2365e-32	5.7449870400000005e-09
28.944923000293663	3.1595e-32	5.9451e-09
30.04134344949848	3.0658e-32	6.186247560000001e-09
31.187801530932315	2.9810899999999996e-32	6.4521320999999996e-09
32.2325315504705	2.90332e-32	6.6815325e-09
33.353452291103515	2.79317e-32	6.870001110000001e-09
34.666616059186374	2.67507e-32	7.100326800000001e-09
35.993391100284896	2.56224e-32	7.3320069000000005e-09
37.279332322336415	2.4533e-32	7.526536830000001e-09
38.677080429873776	2.3219200000000002e-32	7.68213306e-09
40.22390438472557	2.1879499999999998e-32	7.847174400000002e-09
41.8329513019347	2.05314e-32	8.034378e-09
43.50616564907482	1.91944e-32	8.1168495e-09
45.24646412750645	1.7862500000000002e-32	8.2428588e-09
47.05643936066112	1.6552800000000001e-32	8.3393661e-09
48.93868397197041	1.5269899999999998e-32	8.3431656e-09
50.89611466279481	1.4036799999999999e-32	8.376958800000001e-09
52.93197221242376	1.28221e-32	8.3289063e-09
55.04917332221777	1.1678600000000001e-32	8.3120544e-09
57.2512828493952	1.05824e-32	8.212373400000001e-09
59.541217495316594	9.5523e-33	8.095214700000001e-09
61.92286619512926	8.5843e-33	7.953918e-09
64.39979380605158	7.6776e-33	7.788483300000002e-09
66.97588926323091	6.8357e-33	7.60979952e-09
69.65504150181458	6.0648e-33	7.37019858e-09
72.44113945694988	5.382500000000001e-33	7.120102080000001e-09
75.16857930694627	4.7572e-33	6.9066059400000005e-09
77.65166439851853	4.2968e-33	6.7307025e-09
79.88650579651937	3.8986e-33	6.518332800000001e-09
81.89773342354854	3.6034e-33	6.3743764500000014e-09
83.70803273463217	3.3404e-33	6.1897878e-09
85.33717248343585	3.1221e-33	6.062661e-09
86.80330103398047	2.94961e-33	5.9278279200000004e-09
88.12294636064223	2.79321e-33	5.808318e-09
89.31069197022359	2.66165e-33	5.70797991e-09
90.37982505781129	2.5503899999999997e-33	5.59567116e-09
91.38090178032066	2.44321e-33	5.5124487000000016e-09
92.3709598532459	2.34327e-33	5.429941440000001e-09
93.36101792617116	2.2564299999999998e-33	5.32286706e-09
94.35107599909641	2.15843e-33	5.220329730000001e-09
95.34113407202166	2.07003e-33	5.14391508e-09
96.33086806701797	1.98741e-33	5.04087264e-09
97.32092613994323	1.91049e-33	4.9423896e-09
98.31098421286849	1.83021e-33	4.8457303200000006e-09
99.30104228579373	1.7630600000000002e-33	4.75180668e-09
99.8979938309094	1.73118e-33	4.77997662e-09
