1.01999963278043	2.8192e-33	7.812480000000002e-11
1.0607978032552452	3.0883e-33	9.04473e-11
1.0920000262540155	3.3097e-33	1.0130400000000002e-10
1.1075978969741112	3.4234e-33	1.069035e-10
1.1161632766361127	3.4858e-33	1.0987500000000001e-10
1.1238990168000162	3.5419e-33	1.1287500000000001e-10
1.1339551549351623	3.615e-33	1.165939e-10
1.1470284585887807	3.7102e-33	1.2181e-10
1.1609573279748127	3.8118e-33	1.2739800000000003e-10
1.1730908056344924	3.9001e-33	1.3223380000000001e-10
1.185959940192876	3.9927e-33	1.3781600000000001e-10
1.2004753906302974	4.0967e-33	1.437696e-10
1.2142487026104358	4.1945e-33	1.4972e-10
1.227224782885371	4.2856e-33	1.5529300000000001e-10
1.240009657182229	4.3745e-33	1.612371e-10
1.2524769351087215	4.4602e-33	1.66804e-10
1.2665840473556729	4.5553e-33	1.734896e-10
1.2819291372911918	4.6579e-33	1.805454e-10
1.2957024492713303	4.749e-33	1.8722370000000002e-10
1.3104285503625657	4.8444e-33	1.9422000000000005e-10
1.3268301343464435	4.9494e-33	2.0238280000000002e-10
1.3421039271375947	5.0457e-33	2.1016790000000004e-10
1.3564703017277018	5.1346e-33	2.1720240000000003e-10
1.3729691090902632	5.2344e-33	2.2572550000000002e-10
1.391441551040096	5.3443e-33	2.356728e-10
1.4076389659287387	5.4391e-33	2.44184e-10
1.421198386475774	5.5167e-33	2.515725e-10
1.4361610644551386	5.6002e-33	2.597022e-10
1.4556122217503837	5.706e-33	2.703624e-10
1.4757536650342804	5.8138e-33	2.8183110000000004e-10
1.4925084939607078	5.9077e-33	2.918048e-10
1.5100054613444178	5.9892e-33	3.0140100000000007e-10
1.5327492503977387	6.1e-33	3.1499930000000003e-10
1.5561509176468162	6.2117e-33	3.2895449999999997e-10
1.5753979058468264	6.3007e-33	3.4038560000000005e-10
1.595422681076303	6.3889e-33	3.5283e-10
1.6174016462173146	6.484e-33	3.6637440000000006e-10
1.6374782739154228	6.5681e-33	3.78522e-10
1.6591299203482004	6.6546e-33	3.9315400000000007e-10
1.6833515047575076	6.7489e-33	4.0777000000000003e-10
1.7061698317344853	6.8348e-33	4.22484e-10
1.7310979060288914	6.9234e-33	4.40776e-10
1.7588195320707987	7.0191e-33	4.59048e-10
1.784807341192853	7.1062e-33	4.773000000000001e-10
1.8132322163405694	7.1961e-33	4.955320000000001e-10
1.8451409292244385	7.2941e-33	5.173000000000001e-10
1.873549600475708	7.3792e-33	5.391780000000001e-10
1.89797535398025	7.4481e-33	5.574919999999999e-10
1.9252562340387929	7.5264e-33	5.754840000000001e-10
1.9607200818031822	7.607e-33	6.04504e-10
1.9966765280195677	7.7136e-33	6.299640000000001e-10
2.0251273294016	7.7858e-33	6.55396e-10
2.053973505856944	7.8568e-33	6.7712e-10
2.0914725630151048	7.9378e-33	7.05984e-10
2.130504508777173	8.0195e-33	7.384740000000001e-10
2.1632007310283767	8.1077e-33	7.674480000000001e-10
2.1973747486355677	8.1816e-33	7.96173e-10
2.2418025919145603	8.2714e-33	8.356200000000001e-10
2.2869822959887047	8.3756e-33	8.752180000000002e-10
2.3232336531204294	8.46e-33	9.1134e-10
2.3604540032596977	8.5428e-33	9.47163e-10
2.408838838051102	8.6477e-33	9.936159999999999e-10
2.455554671508443	8.7285e-33	1.04025e-09
2.4899847106794994	8.8079e-33	1.07616e-09
2.52462864128366	8.8892e-33	1.1117250000000001e-09
2.5696625102897785	8.9796e-33	1.1614790000000003e-09
2.6172501133759796	9.1092e-33	1.215092e-09
2.657662631115351	9.2091e-33	1.2649800000000001e-09
2.699702020058023	9.3084e-33	1.314784e-09
2.754354521995213	9.4414e-33	1.3818869999999997e-09
2.809907960574868	9.5834e-33	1.4532240000000001e-09
2.8546145108727536	9.7037e-33	1.513578e-09
2.9007081147065206	9.8258e-33	1.573395e-09
2.960633364547636	9.9676e-33	1.6579079999999999e-09
3.0232354980818332	1.015e-32	1.74988e-09
3.075418526200466	1.0307e-32	1.827735e-09
3.12934833435611	1.0466e-32	1.9152e-09
3.1994593535039497	1.0677e-32	2.02758e-09
3.2706268667001477	1.0906e-32	2.15041e-09
3.3275997666085795	1.1112e-32	2.256223e-09
3.376503126086295	1.1253e-32	2.343282e-09
3.4305269168413326	1.143e-32	2.4444570000000003e-09
3.5007870118364863	1.1659e-32	2.5797060000000008e-09
3.573153613369779	1.1909e-32	2.7259520000000003e-09
3.632686728916872	1.2117e-32	2.855565e-09
3.694455982173682	1.2326e-32	2.98684e-09
3.7747624929661128	1.26e-32	3.165723e-09
3.8555227128590666	1.2889e-32	3.3528600000000004e-09
3.919009579139282	1.3118e-32	3.5050160000000003e-09
3.9836631259636963	1.3338e-32	3.6805599999999995e-09
4.067761348524778	1.3623e-32	3.885200000000001e-09
4.155521651682932	1.393e-32	4.09132e-09
4.229249380517791	1.4185e-32	4.29684e-09
4.306282704227883	1.4437e-32	4.53564e-09
4.40639037647882	1.4757e-32	4.805960000000001e-09
4.509252711125784	1.5098e-32	5.11146e-09
4.593642603822915	1.537e-32	5.3488799999999994e-09
4.663902698818069	1.5614e-32	5.5856e-09
4.7377924666174005	1.5811e-32	5.8216200000000004e-09
4.833816756963637	1.6084e-32	6.121280000000001e-09
4.932595709705901	1.6377e-32	6.45792e-09
5.01361519194201	1.6635e-32	6.725980000000001e-09
5.0975837833315145	1.6829e-32	7.0238000000000005e-09
5.206765637592895	1.7107e-32	7.38728e-09
5.318637338664514	1.7401e-32	7.82015e-09
5.409508789940534	1.7657e-32	8.15043e-09
5.503102495819688	1.7846e-32	8.511360000000002e-09
5.624761350345429	1.8113e-32	8.965640000000002e-09
5.750503586775871	1.8401e-32	9.45955e-09
5.8541761162451955	1.8655e-32	9.883199999999999e-09
5.961737580861854	1.8841e-32	1.0302000000000002e-08
6.101544799408484	1.91e-32	1.0912580000000002e-08
6.246310410267964	1.9387e-32	1.1525800000000001e-08
6.366446098527666	1.9639e-32	1.207534e-08
6.491540179100219	1.9818e-32	1.2615e-08
6.654097668258748	2.0068e-32	1.337049e-08
6.823914503025633	2.0349e-32	1.416584e-08
6.967481025548018	2.0604e-32	1.4894040000000004e-08
7.086774111192465	2.0755e-32	1.5461250000000002e-08
7.210182986534506	2.0935e-32	1.60826e-08
7.370633969154897	2.1108e-32	1.688344e-08
7.538473928555221	2.1337e-32	1.774927e-08
7.67951264323184	2.1517e-32	1.8527400000000006e-08
7.826384760629458	2.1675e-32	1.9316600000000002e-08
8.017299068570626	2.1855e-32	2.03424e-08
8.211972680487548	2.2085e-32	2.147589e-08
8.368178242238766	2.2248e-32	2.23884e-08
8.52791625341548	2.238e-32	2.3273880000000002e-08
8.735585390283076	2.2533e-32	2.451519e-08
8.954175953356097	2.2731e-32	2.5856000000000003e-08
9.140164276777309	2.2889e-32	2.701083e-08
9.334999927658705	2.2999e-32	2.8225750000000007e-08
9.588299236921676	2.3126e-32	2.9802079999999997e-08
9.851839408739291	2.3309e-32	3.142e-08
10.072277216007297	2.3464e-32	3.31674e-08
10.302372545557848	2.3523e-32	3.45543e-08
10.601496473973562	2.3602e-32	3.6485600000000005e-08
10.919935446954366	2.3742e-32	3.87324e-08
11.196049842415025	2.3849e-32	4.09772e-08
11.423649771912704	2.3926e-32	4.2644e-08
11.655559937865343	2.3949e-32	4.4238e-08
11.95704963516235	2.3953e-32	4.63386e-08
12.275067306835526	2.4014e-32	4.87533e-08
12.547001097012803	2.4054e-32	5.0906700000000004e-08
12.832967461513373	2.3996e-32	5.2930299999999995e-08
13.204717253805537	2.3954e-32	5.5727e-08
13.579513378629779	2.4008e-32	5.88628e-08
13.873257613425015	2.399e-32	6.11478e-08
14.170145404131015	2.3908e-32	6.362590000000001e-08
14.556057401918048	2.3745e-32	6.64982e-08
14.978719836847382	2.3701e-32	6.99257e-08
15.357178042268695	2.3631e-32	7.3086e-08
15.757252245550603	2.3446e-32	7.60578e-08
16.277332505920636	2.3202e-32	8.01123e-08
16.813292584808945	2.3092e-32	8.48097e-08
17.24946906937526	2.2966e-32	8.84862e-08
17.695983639874903	2.2738e-32	9.18554e-08
18.276504433993075	2.2384e-32	9.62052e-08
18.903141517400037	2.2162e-32	1.013456e-07
19.454365666741626	2.1942e-32	1.0602600000000001e-07
20.035664247889265	2.1597e-32	1.1050160000000001e-07
20.77148318555761	2.1152e-32	1.157571e-07
21.54340440451036	2.0802e-32	1.2201750000000001e-07
22.22529677480235	2.0477e-32	1.2752459999999998e-07
22.95499063961364	2.0019e-32	1.3264560000000001e-07
23.74975935255698	1.9605e-32	1.384695e-07
24.46775400413338	1.9271e-32	1.440695e-07
25.239837262050607	1.8779e-32	1.4894550000000003e-07
26.18974207957964	1.8201e-32	1.5488720000000001e-07
27.18012423043384	1.7697e-32	1.6169980000000001e-07
28.04725954491047	1.7316e-32	1.678183e-07
28.944923000293663	1.6775e-32	1.727936e-07
30.04134344949848	1.6165e-32	1.7870800000000001e-07
31.187801530932315	1.5615e-32	1.8540960000000002e-07
32.2325315504705	1.513e-32	1.9132799999999998e-07
33.353452291103515	1.4521e-32	1.9624300000000002e-07
34.666616059186374	1.3889e-32	2.02337e-07
35.993391100284896	1.3315e-32	2.08259e-07
37.279332322336415	1.275e-32	2.1204600000000002e-07
38.677080429873776	1.2114e-32	2.16132e-07
40.22390438472557	1.1483e-32	2.2112800000000002e-07
41.8329513019347	1.085e-32	2.25492e-07
43.50616564907482	1.0219e-32	2.28955e-07
45.24646412750645	9.6e-33	2.3164799999999998e-07
47.05643936066112	8.9931e-33	2.3357100000000002e-07
48.93868397197041	8.3963e-33	2.34724e-07
50.89611466279481	7.8099e-33	2.3629199999999998e-07
52.93197221242376	7.2433e-33	2.3584300000000003e-07
55.04917332221777	6.6918e-33	2.3462400000000002e-07
57.2512828493952	6.1609e-33	2.3263500000000002e-07
59.541217495316594	5.6504e-33	2.30078e-07
61.92286619512926	5.1619e-33	2.2676499999999998e-07
64.39979380605158	4.6936e-33	2.2269600000000005e-07
66.97588926323091	4.2518e-33	2.172048e-07
69.65504150181458	3.8345e-33	2.1119640000000003e-07
72.44113945694988	3.4356e-33	2.0392160000000002e-07
75.16857930694627	3.114e-33	1.985373e-07
77.65166439851853	2.8432e-33	1.9337000000000004e-07
79.88650579651937	2.6216e-33	1.8835600000000002e-07
81.89773342354854	2.4357e-33	1.835563e-07
83.70803273463217	2.2764e-33	1.787445e-07
85.33717248343585	2.1449e-33	1.74675e-07
86.80330103398047	2.0304e-33	1.712648e-07
88.12294636064223	1.9301e-33	1.676226e-07
89.31069197022359	1.847e-33	1.645427e-07
90.37982505781129	1.7767e-33	1.61928e-07
91.38090178032066	1.7104e-33	1.5934050000000004e-07
92.3709598532459	1.6474e-33	1.5678080000000002e-07
93.36101792617116	1.5834e-33	1.536892e-07
94.35107599909641	1.5243e-33	1.5130390000000002e-07
95.34113407202166	1.4662e-33	1.483583e-07
96.33086806701797	1.4087e-33	1.453864e-07
97.32092613994323	1.3537e-33	1.42546e-07
98.31098421286849	1.3025e-33	1.397582e-07
99.30104228579373	1.2522e-33	1.3704930000000003e-07
99.8979938309094	1.2444e-33	1.380806e-07
