   0.0000000E+00   7.6721020E+07   3.7312272E+07   1.1403329E+08   1.2451086E-03   3.6315449E-05   8.4917944E-04
   1.0101010E-02   7.7164025E+07   3.7296673E+07   1.1445914E+08   1.4703318E-03   8.8881946E-05   1.0223317E-03
   2.0202020E-02   7.2652079E+07   3.5420141E+07   1.0806988E+08   1.0829820E-03   1.8641839E-05   7.3202619E-04
   3.0303030E-02   5.9668958E+07   2.9308540E+07   8.8976978E+07   5.4115251E-04   2.2044384E-05   3.6801425E-04
   4.0404040E-02   4.3234347E+07   2.1439348E+07   6.4671745E+07   1.0786378E-03   9.5292822E-05   7.5283892E-04
   5.0505051E-02   2.8978782E+07   1.4677200E+07   4.3654422E+07   7.5403974E-04   8.7740223E-05   5.1472118E-04
   6.0606061E-02   1.8289825E+07   9.2508541E+06   2.7540419E+07   1.0053729E-03   1.7058348E-04   7.2550930E-04
   7.0707071E-02   1.0566165E+07   5.4729420E+06   1.6039107E+07   2.2853360E-03   1.9420709E-04   1.5349966E-03
   8.0808081E-02   6.3908185E+06   3.3383330E+06   9.7291516E+06   1.6681618E-03   1.2337352E-04   1.1129072E-03
   9.0909091E-02   3.9823675E+06   2.0779303E+06   6.0602978E+06   1.3221044E-03   1.6487318E-04   9.0289627E-04
   1.0101010E-01   2.2761734E+06   1.2060974E+06   3.4821148E+06   2.9117367E-03   5.9729649E-05   1.9167873E-03
   1.1111111E-01   1.0743302E+06   5.9714951E+05   1.6714797E+06   8.7826771E-03   3.9405634E-04   5.7851478E-03
   1.2121212E-01   2.4802054E+05   1.2907987E+05   3.7710041E+05   4.3624116E-02   3.0926517E-04   2.8751481E-02
   1.3131313E-01   2.6277938E+04   9.9592185E+03   3.6237156E+04   1.4305758E-01   4.8942579E-06   1.0373952E-01
   1.4141414E-01   1.9275630E+04   7.4651285E+03   2.6740759E+04   1.7084485E-01   5.3049372E-06   1.2315171E-01
   1.5151515E-01   1.6534703E+04   3.4317307E+03   1.9966433E+04   1.6788847E-01   1.0123521E-05   1.3903095E-01
   1.6161616E-01   9.8467273E+03   3.9971863E+03   1.3843914E+04   1.8929831E-01   2.7282990E-06   1.3464181E-01
   1.7171717E-01   7.3406005E+03   3.8538152E+03   1.1194416E+04   2.0619853E-01   1.4037028E-05   1.3521206E-01
   1.8181818E-01   5.8928709E+03   2.5997960E+03   8.4926669E+03   2.2732384E-01   5.5240026E-06   1.5773331E-01
   1.9191919E-01   7.1425974E+03   2.9555576E+03   1.0098155E+04   2.1649619E-01   2.8027171E-05   1.5313857E-01
   2.0202020E-01   5.0696022E+03   1.6378715E+03   6.7074737E+03   2.4362338E-01   1.1236403E-05   1.8413235E-01
   2.1212121E-01   4.5310730E+03   1.7084374E+03   6.2395104E+03   2.6571789E-01   1.8274515E-05   1.9296647E-01
   2.2222222E-01   3.4033693E+03   1.2762635E+03   4.6796328E+03   2.8486037E-01   2.0309605E-05   2.0716582E-01
   2.3232323E-01   2.7806514E+03   1.2207738E+03   4.0014251E+03   2.6254756E-01   5.8052643E-06   1.8244662E-01
   2.4242424E-01   2.5348011E+03   1.0399184E+03   3.5747195E+03   2.3002267E-01   9.0077070E-05   1.6308365E-01
   2.5252525E-01   2.3086188E+03   8.7353145E+02   3.1821503E+03   2.7298552E-01   1.1058606E-05   1.9804530E-01
   2.6262626E-01   1.7998588E+03   4.7996234E+02   2.2798211E+03   2.3464120E-01   1.2506853E-05   1.8524561E-01
   2.7272727E-01   2.5420228E+03   6.3550569E+02   3.1775284E+03   2.9036677E-01   8.3460623E-06   2.3229382E-01
   2.8282828E-01   2.0612668E+03   3.8996940E+02   2.4512362E+03   2.9324769E-01   7.1688320E-06   2.4659579E-01
   2.9292929E-01   1.6136665E+03   3.7652218E+02   1.9901887E+03   2.9105973E-01   7.7634200E-06   2.3599294E-01
   3.0303030E-01   1.8718531E+03   2.0798368E+02   2.0798368E+03   2.7887173E-01   6.8135384E-06   2.5098419E-01
   3.1313131E-01   1.1573285E+03   6.0382359E+02   1.7611521E+03   2.5286884E-01   2.0151715E-06   1.6617027E-01
   3.2323232E-01   1.0724158E+03   4.3871557E+02   1.5111314E+03   2.6123962E-01   2.2118256E-06   1.8539526E-01
   3.3333333E-01   1.3235325E+03   3.7815214E+02   1.7016847E+03   3.0723425E-01   4.4853543E-06   2.3896097E-01
   3.4343434E-01   1.0093326E+03   1.8351501E+02   1.1928476E+03   2.9691550E-01   4.4377128E-06   2.5123686E-01
   3.5353535E-01   5.3481518E+02   1.3370379E+02   6.6851897E+02   3.2641324E-01   1.1051125E-05   2.6113272E-01
   3.6363636E-01   8.6659867E+02   2.1664967E+02   1.0832483E+03   3.1470226E-01   1.6006474E-05   2.5176494E-01
   3.7373737E-01   5.0590625E+02   3.3727083E+02   8.4317708E+02   3.7459220E-01   1.6995009E-05   2.2476188E-01
   3.8383838E-01   5.7469175E+02   8.2098821E+01   6.5679057E+02   2.7980826E-01   3.3713502E-06   2.4483264E-01
   3.9393939E-01   7.9993723E+02   1.1999058E+02   9.1992781E+02   3.1575295E-01   1.0212167E-04   2.7458064E-01
   4.0404040E-01   4.2896634E+02   1.1699082E+02   5.4595716E+02   3.3521385E-01   4.3291377E-05   2.6339158E-01
   4.1414141E-01   6.4677852E+02   3.8045795E+01   6.8482431E+02   3.4102099E-01   2.7472918E-06   3.2207554E-01
   4.2424242E-01   5.5709914E+02   7.4279886E+01   6.3137903E+02   3.3584413E-01   7.7594345E-06   2.9633397E-01
   4.3434343E-01   3.6276223E+02   7.2552446E+01   4.3531468E+02   3.0088339E-01   2.3670046E-06   2.5073655E-01
   4.4444444E-01   2.1271058E+02   1.7725882E+02   3.8996940E+02   3.4589862E-01   1.2893522E-04   1.8873040E-01
   4.5454545E-01   2.0798368E+02   3.4663947E+01   2.4264763E+02   3.4753757E-01   5.1503721E-06   2.9789008E-01
   4.6464646E-01   1.3564153E+02   3.3910383E+01   1.6955191E+02   3.9193626E-01   1.3462550E-06   3.1354927E-01
   4.7474747E-01   1.9913331E+02   1.3275554E+02   3.3188885E+02   3.0052804E-01   3.7601406E-05   1.8033186E-01
   4.8484848E-01   1.6248725E+02   6.4994900E+01   2.2748215E+02   3.7246075E-01   7.8881186E-05   2.6602098E-01
   4.9494949E-01   6.3668473E+01   0.0000000E+00   6.3668473E+01   2.7712658E-01   0.0000000E+00   2.7712658E-01
   5.0505051E-01   2.1838286E+02   3.1197552E+01   2.4958042E+02   2.6727832E-01   5.1389522E-05   2.3387493E-01
   5.1515152E-01   3.0585835E+01   0.0000000E+00   3.0585835E+01   4.4820357E-01   0.0000000E+00   4.4820357E-01
   5.2525253E-01   1.1999058E+02   2.9997646E+01   1.4998823E+02   3.1776316E-01   1.4899022E-06   2.5421082E-01
   5.3535354E-01   5.8863306E+01   0.0000000E+00   5.8863306E+01   3.6862511E-01   0.0000000E+00   3.6862511E-01
   5.4545455E-01   1.1554649E+02   2.8886622E+01   1.4443311E+02   4.3236990E-01   2.7868674E-06   3.4589648E-01
   5.5555556E-01   1.1344564E+02   0.0000000E+00   1.1344564E+02   4.3625774E-01   0.0000000E+00   4.3625774E-01
   5.6565657E-01   8.3564871E+01   5.5709914E+01   1.3927479E+02   3.0411900E-01   7.8867202E-05   1.8243991E-01
   5.7575758E-01   2.7366274E+01   0.0000000E+00   2.7366274E+01   3.3932718E-01   0.0000000E+00   3.3932718E-01
   5.8585859E-01   2.6894441E+01   2.6894441E+01   5.3788883E+01   1.3148445E-01   6.5505274E-06   6.5743151E-02
   5.9595960E-01   0.0000000E+00   2.6438603E+01   2.6438603E+01   0.0000000E+00   3.2285682E-05   3.2285682E-05
   6.0606061E-01   7.7993880E+01   0.0000000E+00   7.7993880E+01   3.8621330E-01   0.0000000E+00   3.8621330E-01
   6.1616162E-01   5.1143528E+01   2.5571764E+01   7.6715292E+01   4.6039176E-01   1.1694013E-05   3.0692396E-01
   6.2626263E-01   5.0318632E+01   0.0000000E+00   5.0318632E+01   3.1826520E-01   0.0000000E+00   3.1826520E-01
   6.3636364E-01   4.9519924E+01   0.0000000E+00   4.9519924E+01   4.0942908E-01   0.0000000E+00   4.0942908E-01
   6.4646465E-01   2.4373087E+01   0.0000000E+00   2.4373087E+01   1.8465951E-01   0.0000000E+00   1.8465951E-01
   6.5656566E-01   0.0000000E+00   0.0000000E+00   0.0000000E+00   0.0000000E+00   0.0000000E+00   0.0000000E+00
   6.6666667E-01   0.0000000E+00   0.0000000E+00   0.0000000E+00   0.0000000E+00   0.0000000E+00   0.0000000E+00
   6.7676768E-01   0.0000000E+00   0.0000000E+00   0.0000000E+00   0.0000000E+00   0.0000000E+00   0.0000000E+00
   6.8686869E-01   2.2939376E+01   0.0000000E+00   2.2939376E+01   3.7946977E-01   0.0000000E+00   3.7946977E-01
   6.9696970E-01   0.0000000E+00   0.0000000E+00   0.0000000E+00   0.0000000E+00   0.0000000E+00   0.0000000E+00
   7.0707071E-01   0.0000000E+00   0.0000000E+00   0.0000000E+00   0.0000000E+00   0.0000000E+00   0.0000000E+00
   7.1717172E-01   0.0000000E+00   0.0000000E+00   0.0000000E+00   0.0000000E+00   0.0000000E+00   0.0000000E+00
   7.2727273E-01   2.1664967E+01   0.0000000E+00   2.1664967E+01   4.3068852E-01   0.0000000E+00   4.3068852E-01
   7.3737374E-01   0.0000000E+00   0.0000000E+00   0.0000000E+00   0.0000000E+00   0.0000000E+00   0.0000000E+00
   7.4747475E-01   0.0000000E+00   0.0000000E+00   0.0000000E+00   0.0000000E+00   0.0000000E+00   0.0000000E+00
   7.5757576E-01   0.0000000E+00   0.0000000E+00   0.0000000E+00   0.0000000E+00   0.0000000E+00   0.0000000E+00
   7.6767677E-01   0.0000000E+00   0.0000000E+00   0.0000000E+00   0.0000000E+00   0.0000000E+00   0.0000000E+00
   7.7777778E-01   0.0000000E+00   0.0000000E+00   0.0000000E+00   0.0000000E+00   0.0000000E+00   0.0000000E+00
   7.8787879E-01   0.0000000E+00   0.0000000E+00   0.0000000E+00   0.0000000E+00   0.0000000E+00   0.0000000E+00
   7.9797980E-01   1.9745286E+01   0.0000000E+00   1.9745286E+01   9.8909948E-06   0.0000000E+00   9.8909948E-06
   8.0808081E-01   0.0000000E+00   0.0000000E+00   0.0000000E+00   0.0000000E+00   0.0000000E+00   0.0000000E+00
   8.1818182E-01   0.0000000E+00   0.0000000E+00   0.0000000E+00   0.0000000E+00   0.0000000E+00   0.0000000E+00
   8.2828283E-01   0.0000000E+00   0.0000000E+00   0.0000000E+00   0.0000000E+00   0.0000000E+00   0.0000000E+00
   8.3838384E-01   0.0000000E+00   0.0000000E+00   0.0000000E+00   0.0000000E+00   0.0000000E+00   0.0000000E+00
   8.4848485E-01   0.0000000E+00   0.0000000E+00   0.0000000E+00   0.0000000E+00   0.0000000E+00   0.0000000E+00
   8.5858586E-01   0.0000000E+00   0.0000000E+00   0.0000000E+00   0.0000000E+00   0.0000000E+00   0.0000000E+00
   8.6868687E-01   0.0000000E+00   0.0000000E+00   0.0000000E+00   0.0000000E+00   0.0000000E+00   0.0000000E+00
   8.7878788E-01   0.0000000E+00   0.0000000E+00   0.0000000E+00   0.0000000E+00   0.0000000E+00   0.0000000E+00
   8.8888889E-01   0.0000000E+00   0.0000000E+00   0.0000000E+00   0.0000000E+00   0.0000000E+00   0.0000000E+00
   8.9898990E-01   0.0000000E+00   0.0000000E+00   0.0000000E+00   0.0000000E+00   0.0000000E+00   0.0000000E+00
   9.0909091E-01   0.0000000E+00   0.0000000E+00   0.0000000E+00   0.0000000E+00   0.0000000E+00   0.0000000E+00
   9.1919192E-01   0.0000000E+00   0.0000000E+00   0.0000000E+00   0.0000000E+00   0.0000000E+00   0.0000000E+00
   9.2929293E-01   0.0000000E+00   0.0000000E+00   0.0000000E+00   0.0000000E+00   0.0000000E+00   0.0000000E+00
   9.3939394E-01   0.0000000E+00   0.0000000E+00   0.0000000E+00   0.0000000E+00   0.0000000E+00   0.0000000E+00
   9.4949495E-01   0.0000000E+00   0.0000000E+00   0.0000000E+00   0.0000000E+00   0.0000000E+00   0.0000000E+00
   9.5959596E-01   0.0000000E+00   0.0000000E+00   0.0000000E+00   0.0000000E+00   0.0000000E+00   0.0000000E+00
   9.6969697E-01   1.6248725E+01   0.0000000E+00   1.6248725E+01   4.9486379E-06   0.0000000E+00   4.9486379E-06
   9.7979798E-01   0.0000000E+00   0.0000000E+00   0.0000000E+00   0.0000000E+00   0.0000000E+00   0.0000000E+00
   9.8989899E-01   0.0000000E+00   0.0000000E+00   0.0000000E+00   0.0000000E+00   0.0000000E+00   0.0000000E+00
   1.0000000E+00   0.0000000E+00   0.0000000E+00   0.0000000E+00   0.0000000E+00   0.0000000E+00   0.0000000E+00
