   0.0000000E+00   1.1717801E+08   5.5119835E+07   1.7229784E+08   2.2121626E-03   1.2639632E-04   1.4984190E-03
   1.0101010E-02   1.1449814E+08   5.4770422E+07   1.6925920E+08   1.1846498E-03   3.1072036E-05   8.0879804E-04
   2.0202020E-02   9.8861922E+07   4.8181499E+07   1.4703250E+08   2.2459446E-04   1.2762990E-05   1.4881575E-04
   3.0303030E-02   7.0804924E+07   3.4963096E+07   1.0576178E+08   8.9960438E-05   2.9878783E-05   6.6746735E-05
   4.0404040E-02   4.3792394E+07   2.2013773E+07   6.5802657E+07   1.1328409E-03   1.7114848E-04   7.2193640E-04
   5.0505051E-02   2.5455019E+07   1.3006259E+07   3.8459094E+07   2.1464720E-03   2.4074726E-04   1.4877147E-03
   6.0606061E-02   1.4046438E+07   7.2804687E+06   2.1326906E+07   4.1670041E-04   2.1496528E-04   2.2776313E-04
   7.0707071E-02   6.9592825E+06   3.7552939E+06   1.0714131E+07   1.3123522E-03   3.8478024E-04   8.6923536E-04
   8.0808081E-02   3.6345148E+06   1.9866991E+06   5.6210189E+06   3.7086095E-03   5.8833491E-04   2.6051265E-03
   9.0909091E-02   1.9441274E+06   1.0796086E+06   3.0237361E+06   2.3845213E-03   7.8704401E-04   1.4767286E-03
   1.0101010E-01   1.0011294E+06   5.9868102E+05   1.5998105E+06   7.8292318E-03   7.3586739E-04   5.0730937E-03
   1.1111111E-01   4.2145057E+05   2.5752161E+05   6.7897218E+05   1.3182158E-02   1.8873443E-04   8.2099944E-03
   1.2121212E-01   8.5923258E+04   5.2385889E+04   1.3830915E+05   4.3502516E-02   1.5435181E-05   2.7019797E-02
   1.3131313E-01   1.0799153E+04   3.7197081E+03   1.4518861E+04   1.4999928E-01   1.3672674E-05   1.1156622E-01
   1.4141414E-01   9.3592656E+03   3.6768543E+03   1.3036120E+04   1.7525849E-01   3.7216889E-05   1.2582427E-01
   1.5151515E-01   7.1754369E+03   3.0157634E+03   1.0191200E+04   1.8173377E-01   9.2350138E-06   1.2795786E-01
   1.6161616E-01   5.8495410E+03   1.4623852E+03   7.3119262E+03   2.0905002E-01   5.2622274E-06   1.6723905E-01
   1.7171717E-01   4.4043603E+03   9.1757506E+02   5.3219353E+03   2.4587622E-01   6.1217346E-05   2.0349432E-01
   1.8181818E-01   4.6796328E+03   6.9327893E+02   5.3729117E+03   2.3900184E-01   2.9999212E-06   2.0816310E-01
   1.9191919E-01   3.9407434E+03   1.1493835E+03   5.0901269E+03   2.6484203E-01   4.9921587E-06   2.0503991E-01
   2.0202020E-01   2.4958042E+03   4.6796328E+02   2.9637674E+03   2.5522845E-01   2.5507765E-06   2.1492881E-01
   2.1212121E-01   2.0055569E+03   7.4279886E+02   2.7483558E+03   2.5992688E-01   5.9574281E-06   1.8967482E-01
   2.2222222E-01   1.5598776E+03   4.9632469E+02   2.0562023E+03   2.9619230E-01   5.5282102E-05   2.2470842E-01
   2.3232323E-01   1.5598776E+03   6.1038689E+02   2.1702645E+03   2.7787185E-01   3.0733096E-06   1.9972118E-01
   2.4242424E-01   1.6248725E+03   3.8996940E+02   2.0148419E+03   2.9475845E-01   1.3266749E-05   2.3770590E-01
   2.5252525E-01   8.7353145E+02   1.8718531E+02   1.0607168E+03   2.9297619E-01   5.5713309E-06   2.4127545E-01
   2.6262626E-01   1.1999058E+03   2.3998117E+02   1.4398870E+03   2.5292562E-01   1.5812322E-05   2.1077376E-01
   2.7272727E-01   9.8214515E+02   1.7331973E+02   1.1554649E+03   3.2932111E-01   1.9839744E-05   2.7992010E-01
   2.8282828E-01   8.3564871E+02   5.5709914E+01   8.9135863E+02   2.0238446E-01   1.8681529E-06   1.8973532E-01
   2.9292929E-01   4.8409994E+02   3.2273330E+02   8.0683324E+02   2.0910371E-01   1.0957248E-05   1.2545786E-01
   3.0303030E-01   2.5997960E+02   1.5598776E+02   4.1596736E+02   1.7872184E-06   2.7835729E-05   1.0571277E-05
   3.1313131E-01   2.0127453E+02   5.0318632E+01   2.5159316E+02   1.1881544E-01   1.2786181E-06   9.5052101E-02
   3.2323232E-01   4.8746175E+02   0.0000000E+00   4.8746175E+02   2.3743584E-01   0.0000000E+00   2.3743584E-01
   3.3333333E-01   5.6722822E+02   0.0000000E+00   5.6722822E+02   1.1965146E-01   0.0000000E+00   1.1965146E-01
   3.4343434E-01   2.7527252E+02   4.5878753E+01   3.2115127E+02   7.2816323E-02   9.4671914E-09   6.2413993E-02
   3.5353535E-01   1.7827173E+02   0.0000000E+00   1.7827173E+02   3.1924682E-06   0.0000000E+00   3.1924682E-06
   3.6363636E-01   4.3329933E+01   0.0000000E+00   4.3329933E+01   2.4533169E-05   0.0000000E+00   2.4533169E-05
   3.7373737E-01   1.2647656E+02   0.0000000E+00   1.2647656E+02   1.9505560E-06   0.0000000E+00   1.9505560E-06
   3.8383838E-01   1.2314823E+02   0.0000000E+00   1.2314823E+02   1.4763285E-01   0.0000000E+00   1.4763285E-01
   3.9393939E-01   1.5998745E+02   0.0000000E+00   1.5998745E+02   1.4849995E-05   0.0000000E+00   1.4849995E-05
   4.0404040E-01   1.9498470E+02   0.0000000E+00   1.9498470E+02   3.8682382E-06   0.0000000E+00   3.8682382E-06
   4.1414141E-01   2.6632057E+02   0.0000000E+00   2.6632057E+02   2.1241325E-05   0.0000000E+00   2.1241325E-05
   4.2424242E-01   1.1141983E+02   0.0000000E+00   1.1141983E+02   1.0429351E-05   0.0000000E+00   1.0429351E-05
   4.3434343E-01   1.0882867E+02   0.0000000E+00   1.0882867E+02   1.3152912E-06   0.0000000E+00   1.3152912E-06
   4.4444444E-01   2.8361411E+02   0.0000000E+00   2.8361411E+02   3.1660025E-06   0.0000000E+00   3.1660025E-06
   4.5454545E-01   3.4663947E+02   0.0000000E+00   3.4663947E+02   5.2156377E-05   0.0000000E+00   5.2156377E-05
   4.6464646E-01   3.3910383E+02   0.0000000E+00   3.3910383E+02   2.7200817E-05   0.0000000E+00   2.7200817E-05
   4.7474747E-01   2.3232220E+02   0.0000000E+00   2.3232220E+02   2.0809494E-06   0.0000000E+00   2.0809494E-06
   4.8484848E-01   2.2748215E+02   0.0000000E+00   2.2748215E+02   2.5801253E-04   0.0000000E+00   2.5801253E-04
   4.9494949E-01   2.5467389E+02   0.0000000E+00   2.5467389E+02   1.1364205E-05   0.0000000E+00   1.1364205E-05
   5.0505051E-01   1.2479021E+02   0.0000000E+00   1.2479021E+02   9.8077247E-06   0.0000000E+00   9.8077247E-06
   5.1515152E-01   2.4468668E+02   0.0000000E+00   2.4468668E+02   2.0698591E-05   0.0000000E+00   2.0698591E-05
   5.2525253E-01   2.3998117E+02   0.0000000E+00   2.3998117E+02   1.0727503E-05   0.0000000E+00   1.0727503E-05
   5.3535354E-01   4.4147479E+02   0.0000000E+00   4.4147479E+02   1.2843813E-05   0.0000000E+00   1.2843813E-05
   5.4545455E-01   3.4663947E+02   0.0000000E+00   3.4663947E+02   9.9291127E-06   0.0000000E+00   9.9291127E-06
   5.5555556E-01   2.8361411E+02   0.0000000E+00   2.8361411E+02   9.0785458E-06   0.0000000E+00   9.0785458E-06
   5.6565657E-01   3.8996940E+02   0.0000000E+00   3.8996940E+02   4.5149006E-04   0.0000000E+00   4.5149006E-04
   5.7575758E-01   2.4629646E+02   0.0000000E+00   2.4629646E+02   2.1782669E-06   0.0000000E+00   2.1782669E-06
   5.8585859E-01   3.7652218E+02   0.0000000E+00   3.7652218E+02   2.1572822E-07   0.0000000E+00   2.1572822E-07
   5.9595960E-01   1.3219302E+02   0.0000000E+00   1.3219302E+02   6.9759866E-06   0.0000000E+00   6.9759866E-06
   6.0606061E-01   3.3797348E+02   0.0000000E+00   3.3797348E+02   2.9791875E-06   0.0000000E+00   2.9791875E-06
   6.1616162E-01   2.3014588E+02   0.0000000E+00   2.3014588E+02   1.9580870E-05   0.0000000E+00   1.9580870E-05
   6.2626263E-01   1.5095590E+02   0.0000000E+00   1.5095590E+02   3.6412844E-06   0.0000000E+00   3.6412844E-06
   6.3636364E-01   1.7331973E+02   0.0000000E+00   1.7331973E+02   2.6183132E-06   0.0000000E+00   2.6183132E-06
   6.4646465E-01   1.2186544E+02   0.0000000E+00   1.2186544E+02   6.8326104E-06   0.0000000E+00   6.8326104E-06
   6.5656566E-01   1.1999058E+02   0.0000000E+00   1.1999058E+02   1.5292817E-05   0.0000000E+00   1.5292817E-05
   6.6666667E-01   1.4180705E+02   0.0000000E+00   1.4180705E+02   1.5588011E-05   0.0000000E+00   1.5588011E-05
   6.7676768E-01   1.3969053E+02   0.0000000E+00   1.3969053E+02   3.2342894E-06   0.0000000E+00   3.2342894E-06
   6.8686869E-01   4.5878753E+01   0.0000000E+00   4.5878753E+01   1.0929069E-05   0.0000000E+00   1.0929069E-05
   6.9696970E-01   9.0427687E+01   0.0000000E+00   9.0427687E+01   1.1814191E-06   0.0000000E+00   1.1814191E-06
   7.0707071E-01   2.2283966E+01   0.0000000E+00   2.2283966E+01   1.3126718E-06   0.0000000E+00   1.3126718E-06
   7.1717172E-01   2.1970107E+01   0.0000000E+00   2.1970107E+01   1.1383888E-05   0.0000000E+00   1.1383888E-05
   7.2727273E-01   0.0000000E+00   0.0000000E+00   0.0000000E+00   0.0000000E+00   0.0000000E+00   0.0000000E+00
   7.3737374E-01   2.1368186E+01   0.0000000E+00   2.1368186E+01   3.0425921E-06   0.0000000E+00   3.0425921E-06
   7.4747475E-01   0.0000000E+00   0.0000000E+00   0.0000000E+00   0.0000000E+00   0.0000000E+00   0.0000000E+00
   7.5757576E-01   0.0000000E+00   0.0000000E+00   0.0000000E+00   0.0000000E+00   0.0000000E+00   0.0000000E+00
   7.6767677E-01   0.0000000E+00   0.0000000E+00   0.0000000E+00   0.0000000E+00   0.0000000E+00   0.0000000E+00
   7.7777778E-01   0.0000000E+00   0.0000000E+00   0.0000000E+00   0.0000000E+00   0.0000000E+00   0.0000000E+00
   7.8787879E-01   0.0000000E+00   0.0000000E+00   0.0000000E+00   0.0000000E+00   0.0000000E+00   0.0000000E+00
   7.9797980E-01   1.9745286E+01   0.0000000E+00   1.9745286E+01   4.8301892E-07   0.0000000E+00   4.8301892E-07
   8.0808081E-01   1.9498470E+01   0.0000000E+00   1.9498470E+01   4.1916322E-06   0.0000000E+00   4.1916322E-06
   8.1818182E-01   0.0000000E+00   0.0000000E+00   0.0000000E+00   0.0000000E+00   0.0000000E+00   0.0000000E+00
   8.2828283E-01   0.0000000E+00   0.0000000E+00   0.0000000E+00   0.0000000E+00   0.0000000E+00   0.0000000E+00
   8.3838384E-01   0.0000000E+00   0.0000000E+00   0.0000000E+00   0.0000000E+00   0.0000000E+00   0.0000000E+00
   8.4848485E-01   0.0000000E+00   0.0000000E+00   0.0000000E+00   0.0000000E+00   0.0000000E+00   0.0000000E+00
   8.5858586E-01   0.0000000E+00   0.0000000E+00   0.0000000E+00   0.0000000E+00   0.0000000E+00   0.0000000E+00
   8.6868687E-01   0.0000000E+00   0.0000000E+00   0.0000000E+00   0.0000000E+00   0.0000000E+00   0.0000000E+00
   8.7878788E-01   0.0000000E+00   0.0000000E+00   0.0000000E+00   0.0000000E+00   0.0000000E+00   0.0000000E+00
   8.8888889E-01   0.0000000E+00   0.0000000E+00   0.0000000E+00   0.0000000E+00   0.0000000E+00   0.0000000E+00
   8.9898990E-01   0.0000000E+00   0.0000000E+00   0.0000000E+00   0.0000000E+00   0.0000000E+00   0.0000000E+00
   9.0909091E-01   0.0000000E+00   0.0000000E+00   0.0000000E+00   0.0000000E+00   0.0000000E+00   0.0000000E+00
   9.1919192E-01   0.0000000E+00   0.0000000E+00   0.0000000E+00   0.0000000E+00   0.0000000E+00   0.0000000E+00
   9.2929293E-01   0.0000000E+00   0.0000000E+00   0.0000000E+00   0.0000000E+00   0.0000000E+00   0.0000000E+00
   9.3939394E-01   0.0000000E+00   0.0000000E+00   0.0000000E+00   0.0000000E+00   0.0000000E+00   0.0000000E+00
   9.4949495E-01   0.0000000E+00   0.0000000E+00   0.0000000E+00   0.0000000E+00   0.0000000E+00   0.0000000E+00
   9.5959596E-01   0.0000000E+00   0.0000000E+00   0.0000000E+00   0.0000000E+00   0.0000000E+00   0.0000000E+00
   9.6969697E-01   0.0000000E+00   0.0000000E+00   0.0000000E+00   0.0000000E+00   0.0000000E+00   0.0000000E+00
   9.7979798E-01   0.0000000E+00   0.0000000E+00   0.0000000E+00   0.0000000E+00   0.0000000E+00   0.0000000E+00
   9.8989899E-01   0.0000000E+00   0.0000000E+00   0.0000000E+00   0.0000000E+00   0.0000000E+00   0.0000000E+00
   1.0000000E+00   0.0000000E+00   0.0000000E+00   0.0000000E+00   0.0000000E+00   0.0000000E+00   0.0000000E+00
