   0.0000000E+00   1.0270234E+08   5.0440202E+07   1.5313006E+08   6.3140058E-04   9.0058613E-05   4.2847995E-04
   1.0101010E-02   1.0997605E+08   5.5012203E+07   1.6498201E+08   5.3785461E-04   2.3304497E-05   3.6156586E-04
   2.0202020E-02   9.2650490E+07   4.6421177E+07   1.3906387E+08   6.3093645E-04   1.6814695E-05   4.1561654E-04
   3.0303030E-02   6.4719322E+07   3.1866219E+07   9.6580341E+07   4.8675137E-04   3.4809311E-05   3.1568436E-04
   4.0404040E-02   4.1208456E+07   2.0496402E+07   6.1702518E+07   6.7973166E-04   1.0089932E-04   4.3667187E-04
   5.0505051E-02   2.5797568E+07   1.2879285E+07   3.8674981E+07   1.7189671E-03   1.3452609E-04   1.1095792E-03
   6.0606061E-02   1.5639073E+07   7.7596111E+06   2.3398424E+07   7.5946607E-04   7.4793232E-05   5.2938782E-04
   7.0707071E-02   8.2539809E+06   4.2203603E+06   1.2474341E+07   1.5963945E-03   2.4616419E-04   1.1395416E-03
   8.0808081E-02   4.7486574E+06   2.4415984E+06   7.1902558E+06   2.4887810E-03   2.8944336E-04   1.7231079E-03
   9.0909091E-02   2.8523228E+06   1.4980025E+06   4.3503253E+06   2.0116248E-03   1.7915028E-04   1.2580277E-03
   1.0101010E-01   1.5993425E+06   8.6651201E+05   2.4658545E+06   2.3609670E-03   5.6902197E-05   1.5238071E-03
   1.1111111E-01   7.2747019E+05   4.1223311E+05   1.1397033E+06   1.1290835E-02   4.7924981E-05   7.1897011E-03
   1.2121212E-01   1.6144733E+05   9.7102380E+04   2.5854971E+05   5.0066320E-02   6.2576404E-04   3.1496531E-02
   1.3131313E-01   1.8358559E+04   6.1195198E+03   2.4478079E+04   1.3659437E-01   1.1459782E-04   1.0241734E-01
   1.4141414E-01   1.4038898E+04   5.2367319E+03   1.9275630E+04   1.5131595E-01   6.9407421E-06   1.1020574E-01
   1.5151515E-01   1.1855070E+04   3.0157634E+03   1.4870833E+04   1.9668259E-01   2.5080111E-06   1.5679540E-01
   1.6161616E-01   9.3592656E+03   2.6322934E+03   1.1991559E+04   1.9416978E-01   4.0277129E-05   1.5155462E-01
   1.7171717E-01   7.5241155E+03   2.9362402E+03   1.0460356E+04   1.8636117E-01   1.0650299E-05   1.3404900E-01
   1.8181818E-01   6.7594696E+03   1.9931769E+03   8.7526465E+03   2.4690911E-01   1.0226461E-06   1.9068251E-01
   1.9191919E-01   6.4037080E+03   1.2314823E+03   7.6351903E+03   2.5564702E-01   1.6311276E-04   2.1443978E-01
   2.0202020E-01   3.9776879E+03   1.3258960E+03   5.3035838E+03   2.4732042E-01   7.3974389E-06   1.8548929E-01
   2.1212121E-01   3.8625541E+03   1.2627581E+03   5.1253121E+03   2.5156440E-01   3.4902043E-05   1.8959332E-01
   2.2222222E-01   3.9705975E+03   1.1344564E+03   5.1050540E+03   2.3785844E-01   4.1496792E-05   1.8499207E-01
   2.3232323E-01   3.2553967E+03   1.0173115E+03   4.2727082E+03   2.5210951E-01   3.1582866E-06   1.9208275E-01
   2.4242424E-01   2.0148419E+03   6.4994900E+02   2.6647909E+03   2.3381310E-01   4.5570290E-06   1.7678565E-01
   2.5252525E-01   2.5581993E+03   7.4874125E+02   3.3069405E+03   2.9199434E-01   1.5790500E-05   2.2587898E-01
   2.6262626E-01   2.2198258E+03   5.9995292E+02   2.8197787E+03   2.7497007E-01   1.4598308E-05   2.1646890E-01
   2.7272727E-01   1.7331973E+03   5.7773244E+02   2.3109298E+03   2.8656180E-01   3.4639516E-06   2.1492048E-01
   2.8282828E-01   1.3370379E+03   4.4567931E+02   1.7827173E+03   3.2974673E-01   5.1430585E-06   2.4730893E-01
   2.9292929E-01   1.7750331E+03   2.6894441E+02   2.0439775E+03   2.8836317E-01   1.2797664E-05   2.5041896E-01
   3.0303030E-01   1.5078817E+03   2.0798368E+02   1.7158654E+03   2.6444912E-01   4.0046944E-05   2.3238986E-01
   3.1313131E-01   1.1573285E+03   2.5159316E+02   1.4089217E+03   2.8665449E-01   1.0794388E-05   2.3546802E-01
   3.2323232E-01   9.2617732E+02   5.3620792E+02   1.4623852E+03   2.9312569E-01   5.5957033E-06   1.8564425E-01
   3.3333333E-01   9.4538036E+02   1.8907607E+02   1.1344564E+03   3.4376723E-01   7.8584413E-04   2.8634662E-01
   3.4343434E-01   7.7993880E+02   3.2115127E+02   1.1010901E+03   2.8950917E-01   7.2299173E-04   2.0526996E-01
   3.5353535E-01   5.7938311E+02   2.2283966E+02   8.0222276E+02   3.2572617E-01   2.7096523E-07   2.3524670E-01
   3.6363636E-01   4.7662927E+02   8.6659867E+01   5.6328913E+02   3.0832186E-01   3.1360371E-06   2.6088821E-01
   3.7373737E-01   6.7454166E+02   4.2158854E+01   7.1670052E+02   3.3266290E-01   1.9055756E-05   3.1309338E-01
   3.8383838E-01   4.1049410E+02   2.0524705E+02   6.1574116E+02   2.4839010E-01   1.0714244E-05   1.6559693E-01
   3.9393939E-01   4.3996548E+02   1.5998745E+02   5.9995292E+02   3.4987917E-01   2.0717372E-06   2.5657861E-01
   4.0404040E-01   7.7993880E+01   0.0000000E+00   7.7993880E+01   1.5815760E-01   0.0000000E+00   1.5815760E-01
   4.1414141E-01   1.5218318E+02   7.6091590E+01   2.2827477E+02   2.7460470E-01   1.1455223E-05   1.8306601E-01
   4.2424242E-01   2.2283966E+02   7.4279886E+01   2.9711954E+02   3.0255275E-01   1.0996898E-04   2.2688956E-01
   4.3434343E-01   2.9020979E+02   3.6276223E+01   3.2648601E+02   3.3016924E-01   2.7587112E-06   2.9348407E-01
   4.4444444E-01   1.4180705E+02   0.0000000E+00   1.4180705E+02   2.9456622E-01   0.0000000E+00   2.9456622E-01
   4.5454545E-01   2.4264763E+02   3.4663947E+01   2.7731157E+02   2.4097563E-01   3.1160960E-05   2.1084979E-01
   4.6464646E-01   2.3737268E+02   1.0173115E+02   3.3910383E+02   1.8458338E-01   1.7642858E-05   1.2920308E-01
   4.7474747E-01   1.3275554E+02   0.0000000E+00   1.3275554E+02   1.9310923E-01   0.0000000E+00   1.9310923E-01
   4.8484848E-01   0.0000000E+00   3.2497450E+01   3.2497450E+01   0.0000000E+00   4.6091466E-07   4.6091466E-07
   4.9494949E-01   1.2733695E+02   6.3668473E+01   1.9100542E+02   2.8964447E-01   5.2573878E-05   1.9307880E-01
   5.0505051E-01   1.2479021E+02   3.1197552E+01   1.5598776E+02   1.7459920E-01   1.1468608E-05   1.3967707E-01
   5.1515152E-01   3.0585835E+01   0.0000000E+00   3.0585835E+01   4.6117648E-01   0.0000000E+00   4.6117648E-01
   5.2525253E-01   8.9992938E+01   0.0000000E+00   8.9992938E+01   1.1201864E-01   0.0000000E+00   1.1201864E-01
   5.3535354E-01   1.1772661E+02   0.0000000E+00   1.1772661E+02   2.8444349E-01   0.0000000E+00   2.8444349E-01
   5.4545455E-01   8.6659867E+01   0.0000000E+00   8.6659867E+01   8.0630750E-07   0.0000000E+00   8.0630750E-07
   5.5555556E-01   8.5084233E+01   0.0000000E+00   8.5084233E+01   2.8066646E-01   0.0000000E+00   2.8066646E-01
   5.6565657E-01   5.5709914E+01   0.0000000E+00   5.5709914E+01   2.1002709E-01   0.0000000E+00   2.1002709E-01
   5.7575758E-01   2.7366274E+01   0.0000000E+00   2.7366274E+01   3.7041764E-01   0.0000000E+00   3.7041764E-01
   5.8585859E-01   1.3447221E+02   0.0000000E+00   1.3447221E+02   7.9776923E-02   0.0000000E+00   7.9776923E-02
   5.9595960E-01   1.0575441E+02   0.0000000E+00   1.0575441E+02   7.1901705E-06   0.0000000E+00   7.1901705E-06
   6.0606061E-01   5.1995920E+01   0.0000000E+00   5.1995920E+01   2.0565052E-01   0.0000000E+00   2.0565052E-01
   6.1616162E-01   1.0228706E+02   0.0000000E+00   1.0228706E+02   6.2157159E-06   0.0000000E+00   6.2157159E-06
   6.2626263E-01   2.5159316E+01   0.0000000E+00   2.5159316E+01   1.0236031E-05   0.0000000E+00   1.0236031E-05
   6.3636364E-01   2.4759962E+01   2.4759962E+01   4.9519924E+01   9.3060360E-06   7.9896471E-06   7.1461050E-07
   6.4646465E-01   0.0000000E+00   0.0000000E+00   0.0000000E+00   0.0000000E+00   0.0000000E+00   0.0000000E+00
   6.5656566E-01   2.3998117E+01   0.0000000E+00   2.3998117E+01   7.9652303E-06   0.0000000E+00   7.9652303E-06
   6.6666667E-01   2.3634509E+01   0.0000000E+00   2.3634509E+01   5.9371481E-06   0.0000000E+00   5.9371481E-06
   6.7676768E-01   0.0000000E+00   0.0000000E+00   0.0000000E+00   0.0000000E+00   0.0000000E+00   0.0000000E+00
   6.8686869E-01   2.2939376E+01   0.0000000E+00   2.2939376E+01   3.0917560E-01   0.0000000E+00   3.0917560E-01
   6.9696970E-01   4.5213843E+01   0.0000000E+00   4.5213843E+01   6.1955997E-07   0.0000000E+00   6.1955997E-07
   7.0707071E-01   2.2283966E+01   0.0000000E+00   2.2283966E+01   1.7430492E-05   0.0000000E+00   1.7430492E-05
   7.1717172E-01   1.3182064E+02   0.0000000E+00   1.3182064E+02   3.3315963E-05   0.0000000E+00   3.3315963E-05
   7.2727273E-01   4.3329933E+01   0.0000000E+00   4.3329933E+01   1.4221612E-06   0.0000000E+00   1.4221612E-06
   7.3737374E-01   2.1368186E+01   0.0000000E+00   2.1368186E+01   5.1680112E-06   0.0000000E+00   5.1680112E-06
   7.4747475E-01   8.4317708E+01   0.0000000E+00   8.4317708E+01   6.9729668E-05   0.0000000E+00   6.9729668E-05
   7.5757576E-01   2.0798368E+01   0.0000000E+00   2.0798368E+01   3.0328754E-06   0.0000000E+00   3.0328754E-06
   7.6767677E-01   6.1574116E+01   0.0000000E+00   6.1574116E+01   3.6997218E-06   0.0000000E+00   3.6997218E-06
   7.7777778E-01   8.1032602E+01   0.0000000E+00   8.1032602E+01   3.4990227E-05   0.0000000E+00   3.4990227E-05
   7.8787879E-01   5.9995292E+01   0.0000000E+00   5.9995292E+01   1.8296648E-05   0.0000000E+00   1.8296648E-05
   7.9797980E-01   7.8981144E+01   0.0000000E+00   7.8981144E+01   2.3836978E-05   0.0000000E+00   2.3836978E-05
   8.0808081E-01   3.8996940E+01   0.0000000E+00   3.8996940E+01   1.3148530E-06   0.0000000E+00   1.3148530E-06
   8.1818182E-01   7.7030992E+01   0.0000000E+00   7.7030992E+01   1.4642573E-05   0.0000000E+00   1.4642573E-05
   8.2828283E-01   0.0000000E+00   0.0000000E+00   0.0000000E+00   0.0000000E+00   0.0000000E+00   0.0000000E+00
   8.3838384E-01   5.6381118E+01   0.0000000E+00   5.6381118E+01   3.4082524E-05   0.0000000E+00   3.4082524E-05
   8.4848485E-01   7.4279886E+01   0.0000000E+00   7.4279886E+01   4.6872044E-05   0.0000000E+00   4.6872044E-05
   8.5858586E-01   1.8351501E+01   0.0000000E+00   1.8351501E+01   1.1402754E-09   0.0000000E+00   1.1402754E-09
   8.6868687E-01   1.8138112E+01   0.0000000E+00   1.8138112E+01   4.3785946E-06   0.0000000E+00   4.3785946E-06
   8.7878788E-01   5.3788883E+01   0.0000000E+00   5.3788883E+01   1.8789829E-05   0.0000000E+00   1.8789829E-05
   8.8888889E-01   1.7725882E+01   0.0000000E+00   1.7725882E+01   9.6543733E-06   0.0000000E+00   9.6543733E-06
   8.9898990E-01   1.0516029E+02   0.0000000E+00   1.0516029E+02   6.5110521E-02   0.0000000E+00   6.5110521E-02
   9.0909091E-01   3.4663947E+01   0.0000000E+00   3.4663947E+01   1.2851354E-05   0.0000000E+00   1.2851354E-05
   9.1919192E-01   3.4283024E+01   0.0000000E+00   3.4283024E+01   1.5576566E-05   0.0000000E+00   1.5576566E-05
   9.2929293E-01   0.0000000E+00   0.0000000E+00   0.0000000E+00   0.0000000E+00   0.0000000E+00   0.0000000E+00
   9.3939394E-01   3.3545755E+01   0.0000000E+00   3.3545755E+01   2.1697896E-06   0.0000000E+00   2.1697896E-06
   9.4949495E-01   1.6594443E+01   0.0000000E+00   1.6594443E+01   1.0417007E-05   0.0000000E+00   1.0417007E-05
   9.5959596E-01   1.6419764E+01   0.0000000E+00   1.6419764E+01   4.1080503E-06   0.0000000E+00   4.1080503E-06
   9.6969697E-01   0.0000000E+00   0.0000000E+00   0.0000000E+00   0.0000000E+00   0.0000000E+00   0.0000000E+00
   9.7979798E-01   0.0000000E+00   0.0000000E+00   0.0000000E+00   0.0000000E+00   0.0000000E+00   0.0000000E+00
   9.8989899E-01   1.5917118E+01   0.0000000E+00   1.5917118E+01   6.7125173E-06   0.0000000E+00   6.7125173E-06
   1.0000000E+00   0.0000000E+00   0.0000000E+00   0.0000000E+00   0.0000000E+00   0.0000000E+00   0.0000000E+00
