   0.0000000E+00   4.5997671E+07   2.5631909E+07   7.1629579E+07   2.1358421E-03   1.1691821E-03   1.7842585E-03
   1.0101010E-02   4.7403120E+07   2.6305776E+07   7.3707336E+07   2.3926904E-03   6.5448383E-04   1.5419300E-03
   2.0202020E-02   4.7201896E+07   2.6389229E+07   7.3588786E+07   2.6712898E-03   1.7865634E-04   1.7761346E-03
   3.0303030E-02   4.3916794E+07   2.3860928E+07   6.7773562E+07   1.3493128E-03   5.2316601E-04   8.9865585E-04
   4.0404040E-02   3.7371547E+07   1.9742591E+07   5.7111798E+07   1.2200738E-04   7.4601568E-05   5.7542048E-05
   5.0505051E-02   2.9870408E+07   1.4959538E+07   4.4826203E+07   1.2602135E-03   3.2994859E-04   9.3322833E-04
   6.0606061E-02   2.1832047E+07   1.0618087E+07   3.2448314E+07   1.2992098E-03   2.3167213E-04   9.3392195E-04
   7.0707071E-02   1.5105855E+07   6.9829035E+06   2.2088312E+07   6.8764540E-04   9.2291532E-04   5.9473638E-04
   8.0808081E-02   1.0331459E+07   4.7515821E+06   1.5083041E+07   1.2946828E-03   3.1508702E-04   9.7793327E-04
   9.0909091E-02   7.0220490E+06   3.1455798E+06   1.0167455E+07   2.7564273E-03   8.2727929E-04   2.0020248E-03
   1.0101010E-01   4.5163136E+06   2.0180136E+06   6.5341713E+06   5.0334563E-03   5.2340833E-04   3.6030748E-03
   1.1111111E-01   2.2382825E+06   1.0266831E+06   3.2649656E+06   1.2027016E-02   2.6332747E-03   8.8029120E-03
   1.2121212E-01   4.7303288E+05   2.0681377E+05   6.7984665E+05   3.9326090E-02   8.6642429E-03   2.9907282E-02
   1.3131313E-01   3.2517448E+04   1.0679162E+04   4.3196610E+04   1.0829761E-01   2.3680935E-02   8.6828618E-02
   1.4141414E-01   2.1615447E+04   9.6935251E+03   3.1308972E+04   1.1234199E-01   4.1279389E-02   8.8495661E-02
   1.5151515E-01   1.3830915E+04   5.6155594E+03   1.9446474E+04   1.2255010E-01   4.8131849E-02   1.0105706E-01
   1.6161616E-01   1.0236697E+04   4.1921710E+03   1.4428868E+04   1.5977699E-01   5.5735614E-02   1.2952615E-01
   1.7171717E-01   8.7169630E+03   2.3856951E+03   1.1102658E+04   1.4436387E-01   5.2560786E-02   1.2420184E-01
   1.8181818E-01   6.1528505E+03   2.9464355E+03   9.0992860E+03   1.8727315E-01   5.0572665E-02   1.4283648E-01
   1.9191919E-01   5.5827198E+03   1.9703717E+03   7.5530915E+03   2.0490126E-01   7.9454618E-02   1.7182391E-01
   2.0202020E-01   4.9136144E+03   1.2479021E+03   6.1615165E+03   2.0252302E-01   5.9092711E-02   1.7323610E-01
   2.1212121E-01   1.9312770E+03   1.0399184E+03   2.9711954E+03   1.8659779E-01   3.9689291E-02   1.3408855E-01
   2.2222222E-01   2.2689129E+03   1.0635529E+03   3.3324658E+03   2.1587071E-01   5.9115808E-02   1.6568025E-01
   2.3232323E-01   1.8311607E+03   1.4242361E+03   3.2553967E+03   2.1602756E-01   4.0508918E-02   1.3912340E-01
   2.4242424E-01   1.6248725E+03   7.1494390E+02   2.3398164E+03   2.2677403E-01   4.3464773E-06   1.5748064E-01
   2.5252525E-01   1.3726923E+03   4.9916083E+02   1.8718531E+03   1.6213032E-01   4.4970329E-02   1.2828905E-01
   2.6262626E-01   1.5598776E+03   4.1996705E+02   1.9798446E+03   1.6531785E-01   5.4821340E-02   1.3944987E-01
   2.7272727E-01   1.0976916E+03   5.1995920E+02   1.6176508E+03   2.2272859E-01   1.2685297E-01   1.9190733E-01
   2.8282828E-01   1.0584884E+03   3.3425949E+02   1.3927479E+03   2.2489609E-01   4.9828738E-02   1.8281109E-01
   2.9292929E-01   6.9925547E+02   2.1515553E+02   9.1441101E+02   1.5875237E-01   9.9570807E-06   1.2139656E-01
   3.0303030E-01   7.7993880E+02   2.5997960E+02   1.0399184E+03   1.4346979E-01   1.2182938E-01   1.3652085E-01
   3.1313131E-01   6.0382359E+02   2.5159316E+02   8.5541675E+02   1.6614062E-01   4.4208402E-02   1.2961977E-01
   3.2323232E-01   7.7993880E+02   2.9247705E+02   1.0724158E+03   2.2382380E-01   6.7734314E-02   1.7750407E-01
   3.3333333E-01   6.6176625E+02   4.7269018E+01   7.0903527E+02   2.2727761E-01   6.0085748E-06   2.1212541E-01
   3.4343434E-01   5.5054503E+02   9.1757506E+01   6.4230254E+02   2.2980049E-01   5.5287918E-06   1.9697264E-01
   3.5353535E-01   3.5654345E+02   0.0000000E+00   3.5654345E+02   2.2784677E-01   0.0000000E+00   2.2784677E-01
   3.6363636E-01   4.3329933E+02   8.6659867E+01   5.1995920E+02   1.8757125E-01   4.2072655E-05   1.5630295E-01
   3.7373737E-01   3.7942969E+02   1.2647656E+02   5.0590625E+02   1.9555721E-01   1.7889878E-05   1.4666360E-01
   3.8383838E-01   3.2839528E+02   8.2098821E+01   4.1049410E+02   1.1792256E-01   2.1105884E-05   9.4342109E-02
   3.9393939E-01   1.1999058E+02   1.5998745E+02   2.7997803E+02   2.6778754E-01   4.2320593E-06   1.1476459E-01
   4.0404040E-01   3.5097246E+02   3.8996940E+01   3.8996940E+02   1.5944518E-01   6.8036742E-05   1.4349600E-01
   4.1414141E-01   7.6091590E+01   3.8045795E+01   1.1413739E+02   8.1852063E-02   4.7725507E-05   5.4566991E-02
   4.2424242E-01   1.1141983E+02   1.4855977E+02   2.5997960E+02   2.9593577E-01   1.0630065E-05   1.2683560E-01
   4.3434343E-01   1.4510489E+02   3.6276223E+01   1.8138112E+02   2.5105416E-01   4.2047044E-01   2.6958610E-01
   4.4444444E-01   2.4816235E+02   7.0903527E+01   3.1906587E+02   2.0826650E-01   2.1826524E-01   2.1042614E-01
   4.5454545E-01   2.4264763E+02   2.0798368E+02   4.5063131E+02   1.8743767E-01   3.0607262E-06   1.0092657E-01
   4.6464646E-01   1.6955191E+02   6.7820765E+01   2.3737268E+02   1.5904144E-01   7.2039711E-06   1.1360302E-01
   4.7474747E-01   2.3232220E+02   9.9566655E+01   3.3188885E+02   3.3271862E-01   4.9149293E-02   2.4745120E-01
   4.8484848E-01   1.9498470E+02   6.4994900E+01   2.5997960E+02   1.5292284E-01   8.7033107E-06   1.1469009E-01
   4.9494949E-01   3.1834237E+02   0.0000000E+00   3.1834237E+02   2.5036534E-01   0.0000000E+00   2.5036534E-01
   5.0505051E-01   6.2395104E+01   3.1197552E+01   9.3592656E+01   1.8612324E-01   1.0729482E-05   1.2408563E-01
   5.1515152E-01   6.1171670E+01   0.0000000E+00   6.1171670E+01   3.9448526E-01   0.0000000E+00   3.9448526E-01
   5.2525253E-01   1.7998588E+02   0.0000000E+00   1.7998588E+02   2.4112594E-01   0.0000000E+00   2.4112594E-01
   5.3535354E-01   1.7658992E+02   0.0000000E+00   1.7658992E+02   2.1434151E-01   0.0000000E+00   2.1434151E-01
   5.4545455E-01   5.7773244E+01   0.0000000E+00   5.7773244E+01   2.5753841E-01   0.0000000E+00   2.5753841E-01
   5.5555556E-01   2.8361411E+01   2.8361411E+01   5.6722822E+01   4.1834988E-01   5.8917128E-06   2.0917202E-01
   5.6565657E-01   5.5709914E+01   2.7854957E+01   8.3564871E+01   3.9487119E-01   2.4845670E-06   2.6324670E-01
   5.7575758E-01   1.0946509E+02   5.4732547E+01   1.6419764E+02   1.1945492E-01   1.9792092E-01   1.4543240E-01
   5.8585859E-01   2.6894441E+01   2.6894441E+01   5.3788883E+01   3.3996284E-01   7.3329450E-06   1.6997803E-01
   5.9595960E-01   7.9315810E+01   2.6438603E+01   1.0575441E+02   1.4566544E-01   7.1352837E-06   1.0925084E-01
   6.0606061E-01   2.5997960E+01   2.5997960E+01   5.1995920E+01   3.5656652E-01   5.8441469E-06   1.7828062E-01
   6.1616162E-01   1.2785882E+02   0.0000000E+00   1.2785882E+02   1.0607835E-01   0.0000000E+00   1.0607835E-01
   6.2626263E-01   7.5477948E+01   2.5159316E+01   1.0063726E+02   8.5155698E-02   7.3553625E-06   6.3867828E-02
   6.3636364E-01   4.9519924E+01   2.4759962E+01   7.4279886E+01   3.1528949E-01   1.0188969E-05   2.1019018E-01
   6.4646465E-01   4.8746175E+01   2.4373087E+01   7.3119262E+01   2.0334640E-01   1.8755810E-06   1.3556486E-01
   6.5656566E-01   9.5992468E+01   0.0000000E+00   9.5992468E+01   3.4990671E-01   0.0000000E+00   3.4990671E-01
   6.6666667E-01   7.0903527E+01   0.0000000E+00   7.0903527E+01   9.6616573E-06   0.0000000E+00   9.6616573E-06
   6.7676768E-01   6.9845266E+01   0.0000000E+00   6.9845266E+01   3.4928596E-01   0.0000000E+00   3.4928596E-01
   6.8686869E-01   9.1757506E+01   0.0000000E+00   9.1757506E+01   1.0554714E-01   0.0000000E+00   1.0554714E-01
   6.9696970E-01   1.3564153E+02   0.0000000E+00   1.3564153E+02   2.2426591E-01   0.0000000E+00   2.2426591E-01
   7.0707071E-01   2.2283966E+01   0.0000000E+00   2.2283966E+01   3.7759275E-01   0.0000000E+00   3.7759275E-01
   7.1717172E-01   2.1970107E+01   2.1970107E+01   4.3940214E+01   4.4395754E-01   4.6476674E-01   4.5315646E-01
   7.2727273E-01   6.4994900E+01   0.0000000E+00   6.4994900E+01   1.4102320E-01   0.0000000E+00   1.4102320E-01
   7.3737374E-01   0.0000000E+00   0.0000000E+00   0.0000000E+00   0.0000000E+00   0.0000000E+00   0.0000000E+00
   7.4747475E-01   2.1079427E+01   0.0000000E+00   2.1079427E+01   2.5326302E-01   0.0000000E+00   2.5326302E-01
   7.5757576E-01   2.0798368E+01   0.0000000E+00   2.0798368E+01   1.9308688E-06   0.0000000E+00   1.9308688E-06
   7.6767677E-01   4.1049410E+01   0.0000000E+00   4.1049410E+01   4.7159354E-01   0.0000000E+00   4.7159354E-01
   7.7777778E-01   4.0516301E+01   0.0000000E+00   4.0516301E+01   2.0017697E-01   0.0000000E+00   2.0017697E-01
   7.8787879E-01   0.0000000E+00   0.0000000E+00   0.0000000E+00   0.0000000E+00   0.0000000E+00   0.0000000E+00
   7.9797980E-01   5.9235858E+01   0.0000000E+00   5.9235858E+01   8.4319124E-02   0.0000000E+00   8.4319124E-02
   8.0808081E-01   0.0000000E+00   0.0000000E+00   0.0000000E+00   0.0000000E+00   0.0000000E+00   0.0000000E+00
   8.1818182E-01   1.9257748E+01   1.9257748E+01   3.8515496E+01   4.3662263E-01   4.4289403E-01   4.3856446E-01
   8.2828283E-01   3.8045795E+01   0.0000000E+00   3.8045795E+01   2.0981796E-01   0.0000000E+00   2.0981796E-01
   8.3838384E-01   0.0000000E+00   0.0000000E+00   0.0000000E+00   0.0000000E+00   0.0000000E+00   0.0000000E+00
   8.4848485E-01   1.8569971E+01   1.8569971E+01   3.7139943E+01   2.4706677E-01   1.9297030E-05   1.2354269E-01
   8.5858586E-01   0.0000000E+00   1.8351501E+01   1.8351501E+01   0.0000000E+00   2.1268092E-05   2.1268092E-05
   8.6868687E-01   0.0000000E+00   1.8138112E+01   1.8138112E+01   0.0000000E+00   5.2244128E-06   5.2244128E-06
   8.7878788E-01   3.5859255E+01   0.0000000E+00   3.5859255E+01   1.8195131E-01   0.0000000E+00   1.8195131E-01
   8.8888889E-01   0.0000000E+00   0.0000000E+00   0.0000000E+00   0.0000000E+00   0.0000000E+00   0.0000000E+00
   8.9898990E-01   1.7526715E+01   0.0000000E+00   1.7526715E+01   4.0274870E-01   0.0000000E+00   4.0274870E-01
   9.0909091E-01   0.0000000E+00   1.7331973E+01   1.7331973E+01   0.0000000E+00   3.2778233E-01   3.2778233E-01
   9.1919192E-01   1.7141512E+01   0.0000000E+00   1.7141512E+01   5.0578544E-01   0.0000000E+00   5.0578544E-01
   9.2929293E-01   0.0000000E+00   0.0000000E+00   0.0000000E+00   0.0000000E+00   0.0000000E+00   0.0000000E+00
   9.3939394E-01   0.0000000E+00   0.0000000E+00   0.0000000E+00   0.0000000E+00   0.0000000E+00   0.0000000E+00
   9.4949495E-01   0.0000000E+00   0.0000000E+00   0.0000000E+00   0.0000000E+00   0.0000000E+00   0.0000000E+00
   9.5959596E-01   0.0000000E+00   0.0000000E+00   0.0000000E+00   0.0000000E+00   0.0000000E+00   0.0000000E+00
   9.6969697E-01   0.0000000E+00   0.0000000E+00   0.0000000E+00   0.0000000E+00   0.0000000E+00   0.0000000E+00
   9.7979798E-01   1.6081212E+01   0.0000000E+00   1.6081212E+01   4.7489633E-01   0.0000000E+00   4.7489633E-01
   9.8989899E-01   0.0000000E+00   0.0000000E+00   0.0000000E+00   0.0000000E+00   0.0000000E+00   0.0000000E+00
   1.0000000E+00   0.0000000E+00   0.0000000E+00   0.0000000E+00   0.0000000E+00   0.0000000E+00   0.0000000E+00
