   0.0000000E+00   1.7687764E+08   8.6903901E+07   2.6378154E+08   1.1717796E-03   5.9965253E-05   7.6629531E-04
   1.0101010E-02   1.8691857E+08   9.2541298E+07   2.7942711E+08   3.5912427E-04   4.3745588E-06   2.3759133E-04
   2.0202020E-02   1.3672483E+08   6.8620575E+07   2.0529627E+08   3.7796537E-04   6.5299561E-05   2.6177351E-04
   3.0303030E-02   7.3702137E+07   3.7090250E+07   1.1077419E+08   8.7046980E-04   1.5096999E-04   6.3267113E-04
   4.0404040E-02   3.4743934E+07   1.7449181E+07   5.2184925E+07   1.9875112E-03   5.4233123E-04   1.4997943E-03
   5.0505051E-02   1.7824409E+07   8.9103328E+06   2.6733806E+07   3.5780917E-03   1.1776845E-03   2.7756999E-03
   6.0606061E-02   9.5344918E+06   4.8179419E+06   1.4351914E+07   2.3310967E-03   1.3987791E-03   2.0246784E-03
   7.0707071E-02   3.3454918E+06   1.6995981E+06   5.0450898E+06   5.1836830E-03   2.4780297E-03   4.2628144E-03
   8.0808081E-02   1.4676498E+06   7.4952119E+05   2.2171710E+06   7.7885089E-03   2.7468791E-03   6.0138135E-03
   9.0909091E-02   8.0021721E+05   4.2012703E+05   1.2203442E+06   7.0772507E-03   3.7512555E-03   5.7234196E-03
   1.0101010E-01   4.3193011E+05   2.1822688E+05   6.5015698E+05   1.0031875E-02   3.5803968E-03   7.8520592E-03
   1.1111111E-01   1.7300461E+05   8.7778567E+04   2.6078317E+05   1.7441924E-02   1.8905359E-03   1.2129586E-02
   1.2121212E-01   3.3667358E+04   1.7158654E+04   5.0826012E+04   1.1252988E-01   3.7369428E-06   7.4541289E-02
   1.3131313E-01   1.5238804E+04   5.3995763E+03   2.0638381E+04   2.7243235E-01   1.7340829E-04   2.0111557E-01
   1.4141414E-01   1.6712974E+04   4.6796328E+03   2.1392607E+04   2.9816279E-01   5.0764901E-06   2.3293913E-01
   1.5151515E-01   1.3102972E+04   3.3277389E+03   1.6430711E+04   3.2455320E-01   5.4002920E-06   2.5882200E-01
   1.6161616E-01   5.9470333E+03   1.2674005E+03   7.2144339E+03   3.4543139E-01   5.3804561E-06   2.8474656E-01
   1.7171717E-01   3.1197552E+03   6.4230254E+02   3.7620577E+03   2.7880762E-01   1.2379215E-05   2.3120843E-01
   1.8181818E-01   6.9327893E+02   6.0661907E+02   1.2998980E+03   2.9127197E-01   5.0009731E-06   1.5534736E-01
   1.9191919E-01   1.1493835E+03   2.4629646E+02   1.3956800E+03   3.7316543E-01   3.0516475E-05   3.0731705E-01
   2.0202020E-01   7.7993880E+02   3.1197552E+02   1.0919143E+03   3.0192007E-01   1.5885408E-05   2.1566163E-01
   2.1212121E-01   2.9711954E+02   2.2283966E+02   5.1995920E+02   2.1121218E-01   2.8845354E-05   1.2070420E-01
   2.2222222E-01   3.5451764E+02   0.0000000E+00   3.5451764E+02   1.3577340E-01   0.0000000E+00   1.3577340E-01
   2.3232323E-01   1.3564153E+02   6.7820765E+01   2.0346230E+02   3.1377551E-06   1.7513372E-05   6.1624926E-06
   2.4242424E-01   6.4994900E+01   0.0000000E+00   6.4994900E+01   6.0786523E-07   0.0000000E+00   6.0786523E-07
   2.5252525E-01   2.4958042E+02   0.0000000E+00   2.4958042E+02   1.2530592E-06   0.0000000E+00   1.2530592E-06
   2.6262626E-01   2.9997646E+02   0.0000000E+00   2.9997646E+02   5.9593754E-05   0.0000000E+00   5.9593754E-05
   2.7272727E-01   4.0441271E+02   0.0000000E+00   4.0441271E+02   7.1484089E-06   0.0000000E+00   7.1484089E-06
   2.8282828E-01   3.3425949E+02   0.0000000E+00   3.3425949E+02   1.6990326E-05   0.0000000E+00   1.6990326E-05
   2.9292929E-01   2.1515553E+02   0.0000000E+00   2.1515553E+02   6.6126976E-06   0.0000000E+00   6.6126976E-06
   3.0303030E-01   2.5997960E+02   0.0000000E+00   2.5997960E+02   1.3966879E-05   0.0000000E+00   1.3966879E-05
   3.1313131E-01   1.0063726E+02   0.0000000E+00   1.0063726E+02   4.1570380E-06   0.0000000E+00   4.1570380E-06
   3.2323232E-01   1.9498470E+02   0.0000000E+00   1.9498470E+02   1.5348293E-05   0.0000000E+00   1.5348293E-05
   3.3333333E-01   2.3634509E+02   0.0000000E+00   2.3634509E+02   1.1429303E-05   0.0000000E+00   1.1429303E-05
   3.4343434E-01   9.1757506E+01   0.0000000E+00   9.1757506E+01   1.3703707E-06   0.0000000E+00   1.3703707E-06
   3.5353535E-01   3.5654345E+02   0.0000000E+00   3.5654345E+02   1.2310428E-05   0.0000000E+00   1.2310428E-05
   3.6363636E-01   4.3329933E+01   0.0000000E+00   4.3329933E+01   3.7545465E-06   0.0000000E+00   3.7545465E-06
   3.7373737E-01   2.9511198E+02   0.0000000E+00   2.9511198E+02   1.6495494E-05   0.0000000E+00   1.6495494E-05
   3.8383838E-01   1.6419764E+02   0.0000000E+00   1.6419764E+02   3.0296909E-06   0.0000000E+00   3.0296909E-06
   3.9393939E-01   1.5998745E+02   0.0000000E+00   1.5998745E+02   6.0572250E-06   0.0000000E+00   6.0572250E-06
   4.0404040E-01   3.5097246E+02   0.0000000E+00   3.5097246E+02   6.6364662E-06   0.0000000E+00   6.6364662E-06
   4.1414141E-01   1.9022898E+02   0.0000000E+00   1.9022898E+02   2.5158697E-06   0.0000000E+00   2.5158697E-06
   4.2424242E-01   2.9711954E+02   0.0000000E+00   2.9711954E+02   2.5226168E-07   0.0000000E+00   2.5226168E-07
   4.3434343E-01   1.0882867E+02   0.0000000E+00   1.0882867E+02   2.4223764E-06   0.0000000E+00   2.4223764E-06
   4.4444444E-01   1.7725882E+02   0.0000000E+00   1.7725882E+02   7.5975818E-06   0.0000000E+00   7.5975818E-06
   4.5454545E-01   1.3865579E+02   0.0000000E+00   1.3865579E+02   6.4242080E-06   0.0000000E+00   6.4242080E-06
   4.6464646E-01   4.7474536E+02   0.0000000E+00   4.7474536E+02   1.9836665E-06   0.0000000E+00   1.9836665E-06
   4.7474747E-01   1.9913331E+02   0.0000000E+00   1.9913331E+02   3.6014488E-06   0.0000000E+00   3.6014488E-06
   4.8484848E-01   2.9247705E+02   0.0000000E+00   2.9247705E+02   5.5108278E-06   0.0000000E+00   5.5108278E-06
   4.9494949E-01   3.8201084E+02   0.0000000E+00   3.8201084E+02   1.7614320E-06   0.0000000E+00   1.7614320E-06
   5.0505051E-01   2.8077797E+02   0.0000000E+00   2.8077797E+02   4.8391444E-06   0.0000000E+00   4.8391444E-06
   5.1515152E-01   4.8937336E+02   0.0000000E+00   4.8937336E+02   2.1172589E-05   0.0000000E+00   2.1172589E-05
   5.2525253E-01   2.0998352E+02   0.0000000E+00   2.0998352E+02   6.2605214E-06   0.0000000E+00   6.2605214E-06
   5.3535354E-01   3.8261149E+02   0.0000000E+00   3.8261149E+02   7.1491630E-06   0.0000000E+00   7.1491630E-06
   5.4545455E-01   4.9107258E+02   0.0000000E+00   4.9107258E+02   1.8570906E-06   0.0000000E+00   1.8570906E-06
   5.5555556E-01   3.4033693E+02   0.0000000E+00   3.4033693E+02   2.2160834E-05   0.0000000E+00   2.2160834E-05
   5.6565657E-01   4.1782436E+02   0.0000000E+00   4.1782436E+02   4.6902493E-07   0.0000000E+00   4.6902493E-07
   5.7575758E-01   4.3786038E+02   0.0000000E+00   4.3786038E+02   3.7915812E-05   0.0000000E+00   3.7915812E-05
   5.8585859E-01   4.3031106E+02   0.0000000E+00   4.3031106E+02   9.8562983E-06   0.0000000E+00   9.8562983E-06
   5.9595960E-01   2.1150883E+02   0.0000000E+00   2.1150883E+02   2.1419976E-05   0.0000000E+00   2.1419976E-05
   6.0606061E-01   2.5997960E+02   0.0000000E+00   2.5997960E+02   1.2289351E-05   0.0000000E+00   1.2289351E-05
   6.1616162E-01   1.2785882E+02   0.0000000E+00   1.2785882E+02   5.0813684E-06   0.0000000E+00   5.0813684E-06
   6.2626263E-01   0.0000000E+00   0.0000000E+00   0.0000000E+00   0.0000000E+00   0.0000000E+00   0.0000000E+00
   6.3636364E-01   0.0000000E+00   0.0000000E+00   0.0000000E+00   0.0000000E+00   0.0000000E+00   0.0000000E+00
   6.4646465E-01   2.4373087E+01   0.0000000E+00   2.4373087E+01   3.0261179E-05   0.0000000E+00   3.0261179E-05
   6.5656566E-01   0.0000000E+00   0.0000000E+00   0.0000000E+00   0.0000000E+00   0.0000000E+00   0.0000000E+00
   6.6666667E-01   0.0000000E+00   0.0000000E+00   0.0000000E+00   0.0000000E+00   0.0000000E+00   0.0000000E+00
   6.7676768E-01   0.0000000E+00   0.0000000E+00   0.0000000E+00   0.0000000E+00   0.0000000E+00   0.0000000E+00
   6.8686869E-01   0.0000000E+00   0.0000000E+00   0.0000000E+00   0.0000000E+00   0.0000000E+00   0.0000000E+00
   6.9696970E-01   0.0000000E+00   0.0000000E+00   0.0000000E+00   0.0000000E+00   0.0000000E+00   0.0000000E+00
   7.0707071E-01   0.0000000E+00   0.0000000E+00   0.0000000E+00   0.0000000E+00   0.0000000E+00   0.0000000E+00
   7.1717172E-01   0.0000000E+00   0.0000000E+00   0.0000000E+00   0.0000000E+00   0.0000000E+00   0.0000000E+00
   7.2727273E-01   2.1664967E+01   0.0000000E+00   2.1664967E+01   8.5966871E-05   0.0000000E+00   8.5966871E-05
   7.3737374E-01   0.0000000E+00   0.0000000E+00   0.0000000E+00   0.0000000E+00   0.0000000E+00   0.0000000E+00
   7.4747475E-01   0.0000000E+00   0.0000000E+00   0.0000000E+00   0.0000000E+00   0.0000000E+00   0.0000000E+00
   7.5757576E-01   0.0000000E+00   0.0000000E+00   0.0000000E+00   0.0000000E+00   0.0000000E+00   0.0000000E+00
   7.6767677E-01   0.0000000E+00   0.0000000E+00   0.0000000E+00   0.0000000E+00   0.0000000E+00   0.0000000E+00
   7.7777778E-01   0.0000000E+00   0.0000000E+00   0.0000000E+00   0.0000000E+00   0.0000000E+00   0.0000000E+00
   7.8787879E-01   0.0000000E+00   0.0000000E+00   0.0000000E+00   0.0000000E+00   0.0000000E+00   0.0000000E+00
   7.9797980E-01   0.0000000E+00   0.0000000E+00   0.0000000E+00   0.0000000E+00   0.0000000E+00   0.0000000E+00
   8.0808081E-01   0.0000000E+00   0.0000000E+00   0.0000000E+00   0.0000000E+00   0.0000000E+00   0.0000000E+00
   8.1818182E-01   0.0000000E+00   0.0000000E+00   0.0000000E+00   0.0000000E+00   0.0000000E+00   0.0000000E+00
   8.2828283E-01   0.0000000E+00   0.0000000E+00   0.0000000E+00   0.0000000E+00   0.0000000E+00   0.0000000E+00
   8.3838384E-01   0.0000000E+00   0.0000000E+00   0.0000000E+00   0.0000000E+00   0.0000000E+00   0.0000000E+00
   8.4848485E-01   0.0000000E+00   0.0000000E+00   0.0000000E+00   0.0000000E+00   0.0000000E+00   0.0000000E+00
   8.5858586E-01   0.0000000E+00   0.0000000E+00   0.0000000E+00   0.0000000E+00   0.0000000E+00   0.0000000E+00
   8.6868687E-01   0.0000000E+00   0.0000000E+00   0.0000000E+00   0.0000000E+00   0.0000000E+00   0.0000000E+00
   8.7878788E-01   0.0000000E+00   0.0000000E+00   0.0000000E+00   0.0000000E+00   0.0000000E+00   0.0000000E+00
   8.8888889E-01   0.0000000E+00   0.0000000E+00   0.0000000E+00   0.0000000E+00   0.0000000E+00   0.0000000E+00
   8.9898990E-01   0.0000000E+00   0.0000000E+00   0.0000000E+00   0.0000000E+00   0.0000000E+00   0.0000000E+00
   9.0909091E-01   0.0000000E+00   0.0000000E+00   0.0000000E+00   0.0000000E+00   0.0000000E+00   0.0000000E+00
   9.1919192E-01   0.0000000E+00   0.0000000E+00   0.0000000E+00   0.0000000E+00   0.0000000E+00   0.0000000E+00
   9.2929293E-01   0.0000000E+00   0.0000000E+00   0.0000000E+00   0.0000000E+00   0.0000000E+00   0.0000000E+00
   9.3939394E-01   0.0000000E+00   0.0000000E+00   0.0000000E+00   0.0000000E+00   0.0000000E+00   0.0000000E+00
   9.4949495E-01   0.0000000E+00   0.0000000E+00   0.0000000E+00   0.0000000E+00   0.0000000E+00   0.0000000E+00
   9.5959596E-01   0.0000000E+00   0.0000000E+00   0.0000000E+00   0.0000000E+00   0.0000000E+00   0.0000000E+00
   9.6969697E-01   0.0000000E+00   0.0000000E+00   0.0000000E+00   0.0000000E+00   0.0000000E+00   0.0000000E+00
   9.7979798E-01   0.0000000E+00   0.0000000E+00   0.0000000E+00   0.0000000E+00   0.0000000E+00   0.0000000E+00
   9.8989899E-01   0.0000000E+00   0.0000000E+00   0.0000000E+00   0.0000000E+00   0.0000000E+00   0.0000000E+00
   1.0000000E+00   0.0000000E+00   0.0000000E+00   0.0000000E+00   0.0000000E+00   0.0000000E+00   0.0000000E+00
