   0.0000000E+00   9.1608492E+07   4.2890394E+07   1.3449889E+08   2.1851935E-03   7.4672410E-05   1.4645551E-03
   1.0101010E-02   8.9413744E+07   4.3419193E+07   1.3282982E+08   1.1609099E-03   5.0011721E-05   7.9740570E-04
   2.0202020E-02   8.2138475E+07   3.9918828E+07   1.2205262E+08   3.3434155E-04   2.1972909E-05   2.2634175E-04
   3.0303030E-02   6.4304914E+07   3.1359259E+07   9.5658454E+07   1.2256574E-03   9.1757727E-05   7.9473488E-04
   4.0404040E-02   4.3810722E+07   2.1798120E+07   6.5604552E+07   9.6282265E-04   2.6709907E-05   6.3085229E-04
   5.0505051E-02   2.7968605E+07   1.4156825E+07   4.2123559E+07   7.1147103E-04   1.3316281E-04   5.1121778E-04
   6.0606061E-02   1.6704209E+07   8.5010729E+06   2.5204502E+07   1.1422197E-03   1.5616751E-04   7.2738235E-04
   7.0707071E-02   9.2315785E+06   4.8073199E+06   1.4038676E+07   7.8959282E-04   2.3559354E-04   5.9197601E-04
   8.0808081E-02   5.3379011E+06   2.8541860E+06   8.1918922E+06   1.2253545E-03   3.0440497E-04   9.0279506E-04
   9.0909091E-02   3.1686314E+06   1.7148254E+06   4.8834568E+06   2.6259980E-03   5.1217924E-04   1.8515478E-03
   1.0101010E-01   1.7470629E+06   9.6696812E+05   2.7140310E+06   5.7652347E-03   9.9787021E-05   3.6996466E-03
   1.1111111E-01   7.8802180E+05   4.4853571E+05   1.2365575E+06   1.4571993E-02   2.2744652E-05   9.2939964E-03
   1.2121212E-01   1.8133577E+05   9.4372595E+04   2.7570837E+05   3.6502394E-02   1.1949670E-05   2.4009019E-02
   1.3131313E-01   2.2198258E+04   8.1593597E+03   3.0357618E+04   1.4444872E-01   4.0903254E-06   1.0562374E-01
   1.4141414E-01   1.7604333E+04   6.1280906E+03   2.3732423E+04   1.6074366E-01   4.8809798E-06   1.1923628E-01
   1.5151515E-01   1.1335111E+04   4.0556818E+03   1.5390792E+04   1.9371688E-01   4.6719194E-06   1.4267084E-01
   1.6161616E-01   1.0139204E+04   3.2172475E+03   1.3356452E+04   2.1278040E-01   7.3711977E-05   1.6154252E-01
   1.7171717E-01   8.2581755E+03   2.6609677E+03   1.0919143E+04   1.8983155E-01   7.8323752E-06   1.4357197E-01
   1.8181818E-01   6.3261703E+03   2.0798368E+03   8.4060071E+03   2.0653145E-01   4.6793201E-06   1.5543204E-01
   1.9191919E-01   5.9932139E+03   1.2314823E+03   7.2246962E+03   2.3977808E-01   5.3575115E-06   1.9890762E-01
   2.0202020E-01   3.9776879E+03   1.4818837E+03   5.4595716E+03   2.6765884E-01   4.3200345E-04   1.9512549E-01
   2.1212121E-01   4.2339535E+03   1.4855977E+03   5.7195512E+03   2.6062194E-01   3.9018507E-06   1.9292696E-01
   2.2222222E-01   3.3324658E+03   1.2053600E+03   4.5378257E+03   2.3904519E-01   6.6028637E-05   1.7553794E-01
   2.3232323E-01   2.5771891E+03   6.7820765E+02   3.2553967E+03   2.6508349E-01   8.7327806E-07   2.0985762E-01
   2.4242424E-01   2.8597756E+03   7.7993880E+02   3.6397144E+03   2.9028022E-01   6.6882425E-06   2.2807645E-01
   2.5252525E-01   2.9325699E+03   1.1855070E+03   4.1180769E+03   3.0534070E-01   2.7809140E-06   2.1744029E-01
   2.6262626E-01   1.4998823E+03   7.7993880E+02   2.2798211E+03   2.9448425E-01   1.8692362E-05   1.9374554E-01
   2.7272727E-01   1.7909706E+03   6.3550569E+02   2.4264763E+03   3.0551832E-01   9.0128966E-06   2.2550335E-01
   2.8282828E-01   1.3370379E+03   3.8996940E+02   1.7270073E+03   3.1536147E-01   7.9726773E-07   2.4415100E-01
   2.9292929E-01   1.4522998E+03   1.6136665E+02   1.6136665E+03   2.9572920E-01   2.2961553E-06   2.6615606E-01
   3.0303030E-01   1.3518939E+03   2.0798368E+02   1.5598776E+03   3.5552794E-01   1.5440950E-05   3.0812218E-01
   3.1313131E-01   9.5605401E+02   3.0191179E+02   1.2579658E+03   2.3020703E-01   3.3985998E-05   1.7494949E-01
   3.2323232E-01   1.1211620E+03   2.9247705E+02   1.4136391E+03   3.4293430E-01   1.3627255E-05   2.7197968E-01
   3.3333333E-01   7.5630429E+02   2.8361411E+02   1.0399184E+03   3.0901715E-01   1.0058305E-05   2.2473740E-01
   3.4343434E-01   7.3406005E+02   1.8351501E+02   9.1757506E+02   2.8581822E-01   4.6790271E-06   2.2865546E-01
   3.5353535E-01   5.3481518E+02   8.9135863E+01   6.2395104E+02   3.7031456E-01   2.4282770E-05   3.1740970E-01
   3.6363636E-01   4.3329933E+02   4.3329933E+01   4.7662927E+02   3.4422538E-01   1.9754385E-07   3.1293218E-01
   3.7373737E-01   3.7942969E+02   1.6863542E+02   5.4806510E+02   2.8060267E-01   7.7623002E-06   1.9426572E-01
   3.8383838E-01   1.6419764E+02   8.2098821E+01   2.4629646E+02   4.0291084E-01   4.7934149E-06   2.6860856E-01
   3.9393939E-01   2.3998117E+02   1.5998745E+02   3.9996861E+02   4.1388228E-01   4.3909810E-05   2.4834640E-01
   4.0404040E-01   3.8996940E+02   7.7993880E+01   4.6796328E+02   3.2925969E-01   2.2827562E-06   2.7438341E-01
   4.1414141E-01   1.1413739E+02   0.0000000E+00   1.1413739E+02   2.9762575E-01   0.0000000E+00   2.9762575E-01
   4.2424242E-01   3.3425949E+02   0.0000000E+00   3.3425949E+02   3.6314107E-01   0.0000000E+00   3.6314107E-01
   4.3434343E-01   1.4510489E+02   3.6276223E+01   1.8138112E+02   3.2047682E-01   1.5012708E-05   2.5637848E-01
   4.4444444E-01   7.0903527E+01   0.0000000E+00   7.0903527E+01   3.8771224E-01   0.0000000E+00   3.8771224E-01
   4.5454545E-01   0.0000000E+00   3.4663947E+01   3.4663947E+01   0.0000000E+00   4.5017890E-07   4.5017890E-07
   4.6464646E-01   6.7820765E+01   3.3910383E+01   1.0173115E+02   4.0187444E-01   1.0020244E-03   2.6758281E-01
   4.7474747E-01   6.6377770E+01   0.0000000E+00   6.6377770E+01   1.6869394E-01   0.0000000E+00   1.6869394E-01
   4.8484848E-01   6.4994900E+01   3.2497450E+01   9.7492350E+01   1.7975413E-01   1.7447286E-05   1.1983063E-01
   4.9494949E-01   6.3668473E+01   0.0000000E+00   6.3668473E+01   1.5257606E-01   0.0000000E+00   1.5257606E-01
   5.0505051E-01   6.2395104E+01   0.0000000E+00   6.2395104E+01   1.9598129E-01   0.0000000E+00   1.9598129E-01
   5.1515152E-01   3.0585835E+01   0.0000000E+00   3.0585835E+01   4.2598186E-01   0.0000000E+00   4.2598186E-01
   5.2525253E-01   0.0000000E+00   0.0000000E+00   0.0000000E+00   0.0000000E+00   0.0000000E+00   0.0000000E+00
   5.3535354E-01   0.0000000E+00   0.0000000E+00   0.0000000E+00   0.0000000E+00   0.0000000E+00   0.0000000E+00
   5.4545455E-01   0.0000000E+00   0.0000000E+00   0.0000000E+00   0.0000000E+00   0.0000000E+00   0.0000000E+00
   5.5555556E-01   8.5084233E+01   0.0000000E+00   8.5084233E+01   1.6636804E-06   0.0000000E+00   1.6636804E-06
   5.6565657E-01   1.1141983E+02   0.0000000E+00   1.1141983E+02   7.6920122E-02   0.0000000E+00   7.6920122E-02
   5.7575758E-01   0.0000000E+00   0.0000000E+00   0.0000000E+00   0.0000000E+00   0.0000000E+00   0.0000000E+00
   5.8585859E-01   2.6894441E+01   0.0000000E+00   2.6894441E+01   2.1330056E-06   0.0000000E+00   2.1330056E-06
   5.9595960E-01   0.0000000E+00   0.0000000E+00   0.0000000E+00   0.0000000E+00   0.0000000E+00   0.0000000E+00
   6.0606061E-01   0.0000000E+00   0.0000000E+00   0.0000000E+00   0.0000000E+00   0.0000000E+00   0.0000000E+00
   6.1616162E-01   0.0000000E+00   0.0000000E+00   0.0000000E+00   0.0000000E+00   0.0000000E+00   0.0000000E+00
   6.2626263E-01   2.5159316E+01   0.0000000E+00   2.5159316E+01   7.5282716E-06   0.0000000E+00   7.5282716E-06
   6.3636364E-01   4.9519924E+01   0.0000000E+00   4.9519924E+01   8.8363948E-06   0.0000000E+00   8.8363948E-06
   6.4646465E-01   1.2186544E+02   0.0000000E+00   1.2186544E+02   5.0981137E-06   0.0000000E+00   5.0981137E-06
   6.5656566E-01   2.3998117E+01   0.0000000E+00   2.3998117E+01   3.6792201E-07   0.0000000E+00   3.6792201E-07
   6.6666667E-01   2.3634509E+01   0.0000000E+00   2.3634509E+01   9.3171261E-06   0.0000000E+00   9.3171261E-06
   6.7676768E-01   2.3281755E+01   0.0000000E+00   2.3281755E+01   1.3504473E-04   0.0000000E+00   1.3504473E-04
   6.8686869E-01   0.0000000E+00   0.0000000E+00   0.0000000E+00   0.0000000E+00   0.0000000E+00   0.0000000E+00
   6.9696970E-01   0.0000000E+00   0.0000000E+00   0.0000000E+00   0.0000000E+00   0.0000000E+00   0.0000000E+00
   7.0707071E-01   6.6851897E+01   0.0000000E+00   6.6851897E+01   1.8825637E-05   0.0000000E+00   1.8825637E-05
   7.1717172E-01   2.1970107E+01   0.0000000E+00   2.1970107E+01   7.4561523E-06   0.0000000E+00   7.4561523E-06
   7.2727273E-01   1.2998980E+02   0.0000000E+00   1.2998980E+02   2.2195981E-05   0.0000000E+00   2.2195981E-05
   7.3737374E-01   2.1368186E+01   0.0000000E+00   2.1368186E+01   1.9253492E-05   0.0000000E+00   1.9253492E-05
   7.4747475E-01   1.0539713E+02   0.0000000E+00   1.0539713E+02   1.7879048E-06   0.0000000E+00   1.7879048E-06
   7.5757576E-01   4.1596736E+01   0.0000000E+00   4.1596736E+01   3.4736730E-06   0.0000000E+00   3.4736730E-06
   7.6767677E-01   0.0000000E+00   0.0000000E+00   0.0000000E+00   0.0000000E+00   0.0000000E+00   0.0000000E+00
   7.7777778E-01   8.1032602E+01   0.0000000E+00   8.1032602E+01   1.9724886E-06   0.0000000E+00   1.9724886E-06
   7.8787879E-01   3.9996861E+01   0.0000000E+00   3.9996861E+01   3.3656206E-06   0.0000000E+00   3.3656206E-06
   7.9797980E-01   3.9490572E+01   0.0000000E+00   3.9490572E+01   3.8968633E-06   0.0000000E+00   3.8968633E-06
   8.0808081E-01   3.8996940E+01   0.0000000E+00   3.8996940E+01   5.9941970E-06   0.0000000E+00   5.9941970E-06
   8.1818182E-01   9.6288741E+01   0.0000000E+00   9.6288741E+01   7.2218067E-06   0.0000000E+00   7.2218067E-06
   8.2828283E-01   5.7068693E+01   0.0000000E+00   5.7068693E+01   1.5756381E-06   0.0000000E+00   1.5756381E-06
   8.3838384E-01   1.8793706E+01   0.0000000E+00   1.8793706E+01   1.2739949E-06   0.0000000E+00   1.2739949E-06
   8.4848485E-01   3.7139943E+01   0.0000000E+00   3.7139943E+01   1.1210310E-06   0.0000000E+00   1.1210310E-06
   8.5858586E-01   1.8351501E+01   0.0000000E+00   1.8351501E+01   4.0756770E-06   0.0000000E+00   4.0756770E-06
   8.6868687E-01   5.4414335E+01   0.0000000E+00   5.4414335E+01   5.2344402E-06   0.0000000E+00   5.2344402E-06
   8.7878788E-01   0.0000000E+00   0.0000000E+00   0.0000000E+00   0.0000000E+00   0.0000000E+00   0.0000000E+00
   8.8888889E-01   5.3177645E+01   0.0000000E+00   5.3177645E+01   2.4797104E-05   0.0000000E+00   2.4797104E-05
   8.9898990E-01   0.0000000E+00   0.0000000E+00   0.0000000E+00   0.0000000E+00   0.0000000E+00   0.0000000E+00
   9.0909091E-01   8.6659867E+01   0.0000000E+00   8.6659867E+01   2.2251652E-05   0.0000000E+00   2.2251652E-05
   9.1919192E-01   5.1424536E+01   0.0000000E+00   5.1424536E+01   3.3836209E-06   0.0000000E+00   3.3836209E-06
   9.2929293E-01   5.0865574E+01   0.0000000E+00   5.0865574E+01   4.2480058E-03   0.0000000E+00   4.2480058E-03
   9.3939394E-01   1.6772877E+01   0.0000000E+00   1.6772877E+01   9.4839410E-06   0.0000000E+00   9.4839410E-06
   9.4949495E-01   1.6594443E+01   0.0000000E+00   1.6594443E+01   3.2485701E-05   0.0000000E+00   3.2485701E-05
   9.5959596E-01   1.6419764E+01   0.0000000E+00   1.6419764E+01   7.4224610E-06   0.0000000E+00   7.4224610E-06
   9.6969697E-01   0.0000000E+00   0.0000000E+00   0.0000000E+00   0.0000000E+00   0.0000000E+00   0.0000000E+00
   9.7979798E-01   1.6081212E+01   0.0000000E+00   1.6081212E+01   1.4294958E-05   0.0000000E+00   1.4294958E-05
   9.8989899E-01   0.0000000E+00   0.0000000E+00   0.0000000E+00   0.0000000E+00   0.0000000E+00   0.0000000E+00
   1.0000000E+00   0.0000000E+00   0.0000000E+00   0.0000000E+00   0.0000000E+00   0.0000000E+00   0.0000000E+00
