   0.0000000E+00   1.6426135E+08   8.3584481E+07   2.4784583E+08   1.2280394E-03   3.2962557E-05   8.1978984E-04
   1.0101010E-02   1.9300054E+08   9.7872960E+07   2.9085946E+08   2.5869666E-04   2.3355323E-05   1.6706287E-04
   2.0202020E-02   1.3966208E+08   7.0766967E+07   2.1040955E+08   6.0345303E-04   1.1784547E-05   4.0308901E-04
   3.0303030E-02   7.3256532E+07   3.6831310E+07   1.1007328E+08   8.0835127E-04   4.2015380E-05   5.5304424E-04
   4.0404040E-02   3.3772910E+07   1.6849018E+07   5.0618808E+07   2.0493910E-03   3.3194282E-04   1.4770745E-03
   5.0505051E-02   1.7221049E+07   8.6420339E+06   2.5861211E+07   4.6029851E-03   5.4651574E-04   3.2446567E-03
   6.0606061E-02   9.5116136E+06   4.7677659E+06   1.4279120E+07   7.2576767E-03   6.9932707E-04   5.0654207E-03
   7.0707071E-02   2.8846594E+06   1.4132491E+06   4.2979085E+06   1.3280266E-02   1.5220450E-03   9.4114595E-03
   8.0808081E-02   1.2217741E+06   5.9762810E+05   1.8192072E+06   2.4179547E-02   2.8716134E-03   1.7153644E-02
   9.0909091E-02   6.9466549E+05   3.4663947E+05   1.0413050E+06   1.3207252E-02   1.9274968E-03   9.4518229E-03
   1.0101010E-01   3.7109488E+05   1.9046105E+05   5.6155594E+05   1.9238076E-02   1.6675253E-03   1.3250850E-02
   1.1111111E-01   1.6506341E+05   8.0404600E+04   2.4546801E+05   3.2054669E-02   2.0195749E-03   2.2166870E-02
   1.2121212E-01   4.1726726E+04   1.8198572E+04   5.9925298E+04   4.2612007E-02   2.4527574E-03   3.0375121E-02
   1.3131313E-01   1.6438710E+04   5.3995763E+03   2.1838286E+04   1.2388250E-01   4.6127374E-05   9.3250321E-02
   1.4141414E-01   1.5487356E+04   4.2339535E+03   1.9721310E+04   1.3335331E-01   3.3546012E-06   1.0472451E-01
   1.5151515E-01   1.4558858E+04   4.4716491E+03   1.9030507E+04   1.6101316E-01   2.5034011E-05   1.2317710E-01
   1.6161616E-01   1.3161467E+04   3.4122322E+03   1.6573699E+04   1.8625474E-01   2.6654503E-05   1.4790402E-01
   1.7171717E-01   1.4864716E+04   3.9455727E+03   1.8810289E+04   1.9378563E-01   3.6574129E-06   1.5313816E-01
   1.8181818E-01   1.4125558E+04   4.5929729E+03   1.8718531E+04   1.9997599E-01   2.3124544E-06   1.5090822E-01
   1.9191919E-01   1.1493835E+04   3.5302493E+03   1.5024084E+04   2.2772380E-01   4.7954227E-06   1.7421388E-01
   2.0202020E-01   1.1465100E+04   3.9776879E+03   1.5442788E+04   2.5182821E-01   1.4735420E-05   1.8696712E-01
   2.1212121E-01   1.0027785E+04   3.1940351E+03   1.3221820E+04   2.5776475E-01   9.3400704E-06   1.9549798E-01
   2.2222222E-01   1.0210108E+04   3.3324658E+03   1.3542574E+04   2.7513297E-01   7.5822024E-06   2.0742843E-01
   2.3232323E-01   9.6305486E+03   2.9162929E+03   1.2546842E+04   2.6921967E-01   1.7505945E-06   2.0664389E-01
   2.4242424E-01   8.7743115E+03   2.9897654E+03   1.1764077E+04   2.8038532E-01   1.6325391E-06   2.0912754E-01
   2.5252525E-01   8.6729194E+03   2.8077797E+03   1.1480699E+04   2.9667542E-01   2.1467032E-05   2.2411369E-01
   2.6262626E-01   6.2395104E+03   1.5598776E+03   7.7993880E+03   2.9525897E-01   6.0146905E-06   2.3620599E-01
   2.7272727E-01   7.1061091E+03   2.3109298E+03   9.4170388E+03   3.0653234E-01   9.6525432E-07   2.3130950E-01
   2.8282828E-01   5.7381212E+03   1.7270073E+03   7.4651285E+03   3.0442582E-01   3.8700949E-07   2.3399902E-01
   2.9292929E-01   4.1417440E+03   1.3447221E+03   5.4864660E+03   3.3796300E-01   1.9810071E-06   2.5512871E-01
   3.0303030E-01   4.4716491E+03   9.8792248E+02   5.4595716E+03   3.2552393E-01   7.9311718E-06   2.6662104E-01
   3.1313131E-01   4.4280396E+03   1.0566913E+03   5.4847309E+03   3.4330663E-01   1.1440127E-05   2.7716278E-01
   3.2323232E-01   3.1197552E+03   5.8495410E+02   3.7047093E+03   3.3150900E-01   3.9956410E-06   2.7916610E-01
   3.3333333E-01   2.8361411E+03   6.6176625E+02   3.4979073E+03   3.3714739E-01   1.5780097E-04   2.7339259E-01
   3.4343434E-01   2.6609677E+03   6.4230254E+02   3.3032702E+03   3.2000671E-01   1.7385546E-04   2.5781693E-01
   3.5353535E-01   2.0946928E+03   2.2283966E+02   2.3175324E+03   3.2298045E-01   6.9594664E-06   2.9192398E-01
   3.6363636E-01   1.7331973E+03   4.3329933E+02   2.1664967E+03   3.4562086E-01   1.3239305E-05   2.7649933E-01
   3.7373737E-01   1.3912422E+03   2.9511198E+02   1.6863542E+03   3.3451297E-01   5.2204771E-05   2.7596407E-01
   3.8383838E-01   1.3546305E+03   2.4629646E+02   1.6009270E+03   3.5340153E-01   1.4726123E-06   2.9903228E-01
   3.9393939E-01   1.0399184E+03   3.5997175E+02   1.3998902E+03   3.1315139E-01   6.4608753E-06   2.3262840E-01
   4.0404040E-01   1.1309113E+03   2.3398164E+02   1.3648929E+03   3.7296591E-01   6.2852030E-07   3.0902901E-01
   4.1414141E-01   6.8482431E+02   1.5218318E+02   8.3700749E+02   3.3073937E-01   1.4479816E-05   2.7060231E-01
   4.2424242E-01   5.9423908E+02   2.2283966E+02   8.1707874E+02   3.5534904E-01   5.6418636E-06   2.5843715E-01
   4.3434343E-01   1.0520105E+03   3.6276223E+02   1.4147727E+03   3.4432293E-01   1.2559543E-05   2.5603821E-01
   4.4444444E-01   3.8996940E+02   4.2542116E+02   8.1539056E+02   3.4597709E-01   4.1839332E-06   1.6546946E-01
   4.5454545E-01   6.5861499E+02   2.7731157E+02   9.3592656E+02   3.5008865E-01   7.5131169E-06   2.4635647E-01
   4.6464646E-01   5.0865574E+02   2.0346230E+02   7.1211803E+02   3.5371555E-01   6.8815019E-06   2.5265593E-01
   4.7474747E-01   4.6464439E+02   1.6594443E+02   6.3058882E+02   3.8238934E-01   3.0904258E-06   2.8176137E-01
   4.8484848E-01   2.5997960E+02   9.7492350E+01   3.5747195E+02   3.2553703E-01   3.7173154E-05   2.3674408E-01
   4.9494949E-01   3.1834237E+02   9.5502710E+01   4.1384508E+02   3.7089744E-01   4.3584692E-06   2.8530670E-01
   5.0505051E-01   2.8077797E+02   6.2395104E+01   3.4317307E+02   3.5928248E-01   9.5457694E-07   2.9395856E-01
   5.1515152E-01   1.5292918E+02   3.0585835E+01   1.8351501E+02   3.1711280E-01   8.4312952E-06   2.6425926E-01
   5.2525253E-01   1.7998588E+02   5.9995292E+01   2.3998117E+02   3.4028979E-01   2.2158771E-06   2.5521789E-01
   5.3535354E-01   2.9431653E+02   5.8863306E+01   3.5317983E+02   2.9020791E-01   7.4473903E-04   2.4171584E-01
   5.4545455E-01   8.6659867E+01   2.8886622E+01   1.1554649E+02   3.5904388E-01   4.6894633E-06   2.6928175E-01
   5.5555556E-01   1.4180705E+02   2.8361411E+01   1.7016847E+02   3.7883474E-01   1.4821936E-06   3.1569537E-01
   5.6565657E-01   8.3564871E+01   5.5709914E+01   1.3927479E+02   3.7989476E-01   2.9528296E-07   2.2793698E-01
   5.7575758E-01   1.0946509E+02   0.0000000E+00   1.0946509E+02   2.6093418E-01   0.0000000E+00   2.6093418E-01
   5.8585859E-01   1.0757777E+02   2.6894441E+01   1.3447221E+02   3.5092793E-01   7.2870761E-05   2.8072778E-01
   5.9595960E-01   1.0575441E+02   0.0000000E+00   1.0575441E+02   3.4511224E-01   0.0000000E+00   3.4511224E-01
   6.0606061E-01   1.8198572E+02   5.1995920E+01   2.3398164E+02   3.8225270E-01   7.9356914E-06   2.9730940E-01
   6.1616162E-01   2.8128940E+02   2.5571764E+01   3.0686117E+02   3.7644695E-01   2.6165905E-05   3.4507419E-01
   6.2626263E-01   1.2579658E+02   2.5159316E+01   1.5095590E+02   3.8654280E-01   3.9439154E-06   3.2211966E-01
   6.3636364E-01   1.4855977E+02   0.0000000E+00   1.4855977E+02   3.4933471E-01   0.0000000E+00   3.4933471E-01
   6.4646465E-01   1.7061161E+02   0.0000000E+00   1.7061161E+02   3.5914262E-01   0.0000000E+00   3.5914262E-01
   6.5656566E-01   4.7996234E+01   4.7996234E+01   9.5992468E+01   3.9197881E-01   5.0070617E-05   1.9596438E-01
   6.6666667E-01   7.0903527E+01   0.0000000E+00   7.0903527E+01   3.7984273E-01   0.0000000E+00   3.7984273E-01
   6.7676768E-01   2.3281755E+01   0.0000000E+00   2.3281755E+01   4.0312107E-01   0.0000000E+00   4.0312107E-01
   6.8686869E-01   2.2939376E+01   2.2939376E+01   4.5878753E+01   3.7056031E-01   9.4341036E-06   1.8528487E-01
   6.9696970E-01   4.5213843E+01   2.2606922E+01   6.7820765E+01   2.3802177E-01   7.1863511E-06   1.5868358E-01
   7.0707071E-01   6.6851897E+01   0.0000000E+00   6.6851897E+01   3.9503537E-01   0.0000000E+00   3.9503537E-01
   7.1717172E-01   1.5379075E+02   0.0000000E+00   1.5379075E+02   4.1062563E-01   0.0000000E+00   4.1062563E-01
   7.2727273E-01   2.1664967E+01   0.0000000E+00   2.1664967E+01   3.5014238E-01   0.0000000E+00   3.5014238E-01
   7.3737374E-01   0.0000000E+00   0.0000000E+00   0.0000000E+00   0.0000000E+00   0.0000000E+00   0.0000000E+00
   7.4747475E-01   6.3238281E+01   0.0000000E+00   6.3238281E+01   3.9810605E-01   0.0000000E+00   3.9810605E-01
   7.5757576E-01   8.3193472E+01   0.0000000E+00   8.3193472E+01   3.3385854E-01   0.0000000E+00   3.3385854E-01
   7.6767677E-01   2.0524705E+01   0.0000000E+00   2.0524705E+01   4.2027811E-01   0.0000000E+00   4.2027811E-01
   7.7777778E-01   0.0000000E+00   0.0000000E+00   0.0000000E+00   0.0000000E+00   0.0000000E+00   0.0000000E+00
   7.8787879E-01   0.0000000E+00   0.0000000E+00   0.0000000E+00   0.0000000E+00   0.0000000E+00   0.0000000E+00
   7.9797980E-01   1.9745286E+01   3.9490572E+01   5.9235858E+01   3.1961349E-01   8.3816841E-06   1.0653227E-01
   8.0808081E-01   1.9498470E+01   1.9498470E+01   3.8996940E+01   4.0017357E-01   4.3065490E-05   2.0010803E-01
   8.1818182E-01   1.9257748E+01   0.0000000E+00   1.9257748E+01   4.1097585E-01   0.0000000E+00   4.1097585E-01
   8.2828283E-01   0.0000000E+00   0.0000000E+00   0.0000000E+00   0.0000000E+00   0.0000000E+00   0.0000000E+00
   8.3838384E-01   1.8793706E+01   0.0000000E+00   1.8793706E+01   4.0681906E-01   0.0000000E+00   4.0681906E-01
   8.4848485E-01   0.0000000E+00   0.0000000E+00   0.0000000E+00   0.0000000E+00   0.0000000E+00   0.0000000E+00
   8.5858586E-01   1.8351501E+01   0.0000000E+00   1.8351501E+01   4.2162431E-01   0.0000000E+00   4.2162431E-01
   8.6868687E-01   0.0000000E+00   0.0000000E+00   0.0000000E+00   0.0000000E+00   0.0000000E+00   0.0000000E+00
   8.7878788E-01   0.0000000E+00   0.0000000E+00   0.0000000E+00   0.0000000E+00   0.0000000E+00   0.0000000E+00
   8.8888889E-01   0.0000000E+00   0.0000000E+00   0.0000000E+00   0.0000000E+00   0.0000000E+00   0.0000000E+00
   8.9898990E-01   0.0000000E+00   0.0000000E+00   0.0000000E+00   0.0000000E+00   0.0000000E+00   0.0000000E+00
   9.0909091E-01   1.7331973E+01   0.0000000E+00   1.7331973E+01   4.1744432E-01   0.0000000E+00   4.1744432E-01
   9.1919192E-01   0.0000000E+00   0.0000000E+00   0.0000000E+00   0.0000000E+00   0.0000000E+00   0.0000000E+00
   9.2929293E-01   1.6955191E+01   0.0000000E+00   1.6955191E+01   3.6145192E-01   0.0000000E+00   3.6145192E-01
   9.3939394E-01   0.0000000E+00   0.0000000E+00   0.0000000E+00   0.0000000E+00   0.0000000E+00   0.0000000E+00
   9.4949495E-01   0.0000000E+00   0.0000000E+00   0.0000000E+00   0.0000000E+00   0.0000000E+00   0.0000000E+00
   9.5959596E-01   0.0000000E+00   0.0000000E+00   0.0000000E+00   0.0000000E+00   0.0000000E+00   0.0000000E+00
   9.6969697E-01   0.0000000E+00   0.0000000E+00   0.0000000E+00   0.0000000E+00   0.0000000E+00   0.0000000E+00
   9.7979798E-01   0.0000000E+00   0.0000000E+00   0.0000000E+00   0.0000000E+00   0.0000000E+00   0.0000000E+00
   9.8989899E-01   0.0000000E+00   0.0000000E+00   0.0000000E+00   0.0000000E+00   0.0000000E+00   0.0000000E+00
   1.0000000E+00   0.0000000E+00   0.0000000E+00   0.0000000E+00   0.0000000E+00   0.0000000E+00   0.0000000E+00
