   0.0000000E+00   8.0938929E+07   4.1305559E+07   1.2224449E+08   1.9280596E-03   1.2550309E-04   1.2845718E-03
   1.0101010E-02   9.0982981E+07   4.6863403E+07   1.3784170E+08   6.1077227E-04   5.1203713E-05   4.0998186E-04
   2.0202020E-02   7.8666967E+07   3.9376770E+07   1.1803828E+08   2.9718574E-04   1.0078007E-04   1.6292694E-04
   3.0303030E-02   5.7754468E+07   2.8814059E+07   8.6561248E+07   5.2242343E-04   4.8712027E-05   3.4079876E-04
   4.0404040E-02   4.0071696E+07   1.9967993E+07   6.0036959E+07   2.2734228E-04   8.2294878E-05   1.7688346E-04
   5.0505051E-02   2.7502826E+07   1.3630522E+07   4.1131788E+07   3.9247501E-04   1.8707903E-04   3.0162416E-04
   6.0606061E-02   1.7813542E+07   8.8205879E+06   2.6633350E+07   1.2647439E-03   1.5444261E-04   8.0148965E-04
   7.0707071E-02   1.0336417E+07   5.1108275E+06   1.5447022E+07   8.0393936E-04   1.4926346E-04   5.8698688E-04
   8.0808081E-02   6.3173093E+06   3.1593371E+06   9.4762564E+06   1.8607576E-03   3.4673402E-05   1.2515179E-03
   9.0909091E-02   4.1172103E+06   2.0853830E+06   6.2024200E+06   5.8206958E-03   1.4430566E-04   3.9061937E-03
   1.0101010E-01   2.4594590E+06   1.2733281E+06   3.7327871E+06   3.7753677E-03   1.7522068E-04   2.4279363E-03
   1.1111111E-01   1.1689155E+06   6.2097309E+05   1.7898886E+06   9.9362318E-03   9.6598707E-05   6.4868185E-03
   1.2121212E-01   2.7258861E+05   1.3765920E+05   4.1024781E+05   4.0981276E-02   2.9732667E-04   2.7130339E-02
   1.3131313E-01   2.6397929E+04   1.0919143E+04   3.7317072E+04   1.2686967E-01   3.1298704E-05   8.9741930E-02
   1.4141414E-01   1.7604333E+04   6.7966095E+03   2.4400942E+04   1.4136181E-01   5.9927313E-06   1.0198539E-01
   1.5151515E-01   1.4246882E+04   4.0556818E+03   1.8302564E+04   1.8326079E-01   1.4364538E-05   1.4265060E-01
   1.6161616E-01   1.0431681E+04   4.6796328E+03   1.5111314E+04   2.2777602E-01   2.1529418E-05   1.5724559E-01
   1.7171717E-01   9.6345381E+03   3.3032702E+03   1.2937808E+04   2.0478999E-01   2.5072674E-05   1.5250517E-01
   1.8181818E-01   6.1528505E+03   3.0330953E+03   9.1859459E+03   1.8918663E-01   7.3105467E-06   1.2672138E-01
   1.9191919E-01   5.7469175E+03   1.3135811E+03   7.0604986E+03   2.2121969E-01   3.6162112E-06   1.8006204E-01
   2.0202020E-01   4.2116695E+03   2.3398164E+03   6.5514859E+03   2.2672009E-01   1.8859401E-05   1.4574311E-01
   2.1212121E-01   3.5654345E+03   9.6563851E+02   4.5310730E+03   2.3102019E-01   6.8816705E-05   1.8180085E-01
   2.2222222E-01   3.4033693E+03   1.6307811E+03   5.0341504E+03   2.1925578E-01   3.2035742E-06   1.4822909E-01
   2.3232323E-01   2.8484721E+03   1.2207738E+03   4.0692459E+03   2.2054137E-01   1.5882892E-06   1.5437940E-01
   2.4242424E-01   2.1448317E+03   6.4994900E+02   2.7947807E+03   2.4322676E-01   2.8226795E-06   1.8666186E-01
   2.5252525E-01   2.8077797E+03   2.4958042E+02   3.0573601E+03   2.6345064E-01   7.1699683E-06   2.4194504E-01
   2.6262626E-01   1.6198729E+03   7.7993880E+02   2.3998117E+03   2.7033523E-01   2.4993317E-05   1.8247139E-01
   2.7272727E-01   1.0399184E+03   7.5105218E+02   1.7909706E+03   2.8505391E-01   2.9520052E-05   1.6550345E-01
   2.8282828E-01   1.0584884E+03   3.3425949E+02   1.3927479E+03   2.0734059E-01   4.5251063E-06   1.5757803E-01
   2.9292929E-01   1.2909332E+03   4.3031106E+02   1.7212442E+03   2.5869284E-01   3.9222646E-06   1.9402035E-01
   3.0303030E-01   1.1959062E+03   5.7195512E+02   1.7678613E+03   2.6187740E-01   4.7856032E-06   1.7715086E-01
   3.1313131E-01   8.5541675E+02   2.0127453E+02   1.0566913E+03   2.7110633E-01   1.5821870E-06   2.1946683E-01
   3.2323232E-01   1.0236697E+03   1.4623852E+02   1.1699082E+03   2.8231676E-01   9.0277093E-07   2.4702706E-01
   3.3333333E-01   1.0399184E+03   3.7815214E+02   1.4180705E+03   2.4146658E-01   4.0810209E-06   1.7707653E-01
   3.4343434E-01   8.2581755E+02   3.2115127E+02   1.1469688E+03   2.5484732E-01   1.9563679E-05   1.8349482E-01
   3.5353535E-01   1.0696304E+03   2.6740759E+02   1.3370379E+03   2.3564002E-01   5.0684371E-06   1.8851101E-01
   3.6363636E-01   6.0661907E+02   1.2998980E+02   7.3660887E+02   3.1417609E-01   5.2322791E-06   2.5873233E-01
   3.7373737E-01   9.6965364E+02   2.1079427E+02   1.1804479E+03   2.3857476E-01   2.5390234E-07   1.9597211E-01
   3.8383838E-01   6.5679057E+02   4.1049410E+01   6.9783998E+02   3.2441758E-01   1.7186408E-06   3.0533429E-01
   3.9393939E-01   5.1995920E+02   1.1999058E+02   6.3994978E+02   3.2591714E-01   4.8731177E-06   2.6480859E-01
   4.0404040E-01   7.0194492E+02   1.9498470E+02   8.9692962E+02   2.9870165E-01   6.7027641E-06   2.3376787E-01
   4.1414141E-01   6.0873272E+02   7.6091590E+01   6.8482431E+02   3.2260740E-01   1.3992234E-06   2.8676229E-01
   4.2424242E-01   4.4567931E+02   7.4279886E+01   5.1995920E+02   2.9824479E-01   9.1912545E-07   2.5563826E-01
   4.3434343E-01   1.8138112E+02   1.4510489E+02   3.2648601E+02   3.8843435E-01   4.9722286E-06   2.1579465E-01
   4.4444444E-01   5.3177645E+02   1.0635529E+02   6.3813174E+02   3.3731043E-01   7.0819056E-06   2.8109321E-01
   4.5454545E-01   3.1197552E+02   1.0399184E+02   4.1596736E+02   2.5957454E-01   1.3739127E-05   1.9467747E-01
   4.6464646E-01   2.7128306E+02   1.0173115E+02   3.7301421E+02   2.5517488E-01   1.9990018E-05   1.8557646E-01
   4.7474747E-01   2.3232220E+02   3.3188885E+01   2.6551108E+02   2.8483535E-01   4.7142215E-06   2.4923035E-01
   4.8484848E-01   3.5747195E+02   1.6248725E+02   5.1995920E+02   3.3719935E-01   2.2957074E-05   2.3183167E-01
   4.9494949E-01   2.5467389E+02   9.5502710E+01   3.5017660E+02   3.0160376E-01   1.8815490E-05   2.1934402E-01
   5.0505051E-01   4.9916083E+02   3.1197552E+01   5.3035838E+02   3.3416389E-01   9.5930844E-05   3.1451243E-01
   5.1515152E-01   1.5292918E+02   1.2234334E+02   2.7527252E+02   2.9738999E-01   2.1520567E-05   1.6522557E-01
   5.2525253E-01   2.6997881E+02   2.9997646E+01   2.9997646E+02   3.3696321E-01   4.3619047E-06   3.0326732E-01
   5.3535354E-01   1.7658992E+02   8.8294958E+01   2.6488488E+02   3.2219172E-01   8.8519226E-06   2.1479742E-01
   5.4545455E-01   2.5997960E+02   2.8886622E+01   2.8886622E+02   3.3346932E-01   2.2603694E-06   3.0012261E-01
   5.5555556E-01   1.9852988E+02   0.0000000E+00   1.9852988E+02   3.2767418E-01   0.0000000E+00   3.2767418E-01
   5.6565657E-01   2.5069461E+02   2.7854957E+01   2.7854957E+02   3.7259080E-01   5.1219181E-06   3.3533223E-01
   5.7575758E-01   2.7366274E+02   5.4732547E+01   3.2839528E+02   3.1049962E-01   4.7665478E-06   2.5874889E-01
   5.8585859E-01   5.3788883E+01   5.3788883E+01   1.0757777E+02   4.0632645E-01   3.4969058E-06   2.0316497E-01
   5.9595960E-01   1.0575441E+02   0.0000000E+00   1.0575441E+02   2.5954396E-01   0.0000000E+00   2.5954396E-01
   6.0606061E-01   1.2998980E+02   0.0000000E+00   1.2998980E+02   3.1589058E-01   0.0000000E+00   3.1589058E-01
   6.1616162E-01   1.5343058E+02   2.5571764E+01   1.7900235E+02   4.0000469E-01   1.9879491E-06   3.4286144E-01
   6.2626263E-01   1.2579658E+02   2.5159316E+01   1.5095590E+02   3.7937901E-01   4.5764692E-06   3.1614994E-01
   6.3636364E-01   1.2379981E+02   0.0000000E+00   1.2379981E+02   3.6060611E-01   0.0000000E+00   3.6060611E-01
   6.4646465E-01   9.7492350E+01   0.0000000E+00   9.7492350E+01   3.7195715E-01   0.0000000E+00   3.7195715E-01
   6.5656566E-01   9.5992468E+01   0.0000000E+00   9.5992468E+01   3.6696090E-01   0.0000000E+00   3.6696090E-01
   6.6666667E-01   7.0903527E+01   7.0903527E+01   1.4180705E+02   3.1075991E-01   1.6347227E-05   1.5537196E-01
   6.7676768E-01   9.3127021E+01   4.6563510E+01   1.3969053E+02   3.9698058E-01   2.1712738E-06   2.6465444E-01
   6.8686869E-01   1.1469688E+02   2.2939376E+01   1.3763626E+02   3.5188623E-01   3.0368681E-06   2.9323802E-01
   6.9696970E-01   4.5213843E+01   0.0000000E+00   4.5213843E+01   4.0115433E-01   0.0000000E+00   4.0115433E-01
   7.0707071E-01   1.1141983E+02   0.0000000E+00   1.1141983E+02   3.7183724E-01   0.0000000E+00   3.7183724E-01
   7.1717172E-01   6.5910321E+01   4.3940214E+01   1.0985054E+02   3.8401887E-01   8.1480571E-06   2.3041446E-01
   7.2727273E-01   6.4994900E+01   0.0000000E+00   6.4994900E+01   3.7390578E-01   0.0000000E+00   3.7390578E-01
   7.3737374E-01   1.2820912E+02   2.1368186E+01   1.4957730E+02   4.0645034E-01   1.3669411E-05   3.4838406E-01
   7.4747475E-01   1.0539713E+02   6.3238281E+01   1.6863542E+02   2.6807199E-01   2.6976270E-07   1.6754509E-01
   7.5757576E-01   0.0000000E+00   2.0798368E+01   2.0798368E+01   0.0000000E+00   9.4222713E-06   9.4222713E-06
   7.6767677E-01   4.1049410E+01   0.0000000E+00   4.1049410E+01   3.0554704E-01   0.0000000E+00   3.0554704E-01
   7.7777778E-01   2.0258151E+01   0.0000000E+00   2.0258151E+01   4.2573271E-01   0.0000000E+00   4.2573271E-01
   7.8787879E-01   3.9996861E+01   1.9998431E+01   5.9995292E+01   3.9478310E-01   5.2771004E-05   2.6320631E-01
   7.9797980E-01   5.9235858E+01   1.9745286E+01   7.8981144E+01   3.2742774E-01   1.4467796E-08   2.4557081E-01
   8.0808081E-01   7.7993880E+01   0.0000000E+00   7.7993880E+01   3.6033560E-01   0.0000000E+00   3.6033560E-01
   8.1818182E-01   5.7773244E+01   3.8515496E+01   9.6288741E+01   3.6499196E-01   4.0554721E-05   2.1897895E-01
   8.2828283E-01   5.7068693E+01   0.0000000E+00   5.7068693E+01   3.3772951E-01   0.0000000E+00   3.3772951E-01
   8.3838384E-01   3.7587412E+01   0.0000000E+00   3.7587412E+01   3.8515453E-01   0.0000000E+00   3.8515453E-01
   8.4848485E-01   0.0000000E+00   0.0000000E+00   0.0000000E+00   0.0000000E+00   0.0000000E+00   0.0000000E+00
   8.5858586E-01   0.0000000E+00   0.0000000E+00   0.0000000E+00   0.0000000E+00   0.0000000E+00   0.0000000E+00
   8.6868687E-01   3.6276223E+01   0.0000000E+00   3.6276223E+01   4.1009518E-01   0.0000000E+00   4.1009518E-01
   8.7878788E-01   1.7929628E+01   0.0000000E+00   1.7929628E+01   3.8470322E-01   0.0000000E+00   3.8470322E-01
   8.8888889E-01   1.7725882E+01   0.0000000E+00   1.7725882E+01   4.6500171E-01   0.0000000E+00   4.6500171E-01
   8.9898990E-01   1.7526715E+01   0.0000000E+00   1.7526715E+01   3.7666344E-01   0.0000000E+00   3.7666344E-01
   9.0909091E-01   0.0000000E+00   0.0000000E+00   0.0000000E+00   0.0000000E+00   0.0000000E+00   0.0000000E+00
   9.1919192E-01   1.7141512E+01   0.0000000E+00   1.7141512E+01   3.6405842E-01   0.0000000E+00   3.6405842E-01
   9.2929293E-01   0.0000000E+00   0.0000000E+00   0.0000000E+00   0.0000000E+00   0.0000000E+00   0.0000000E+00
   9.3939394E-01   0.0000000E+00   0.0000000E+00   0.0000000E+00   0.0000000E+00   0.0000000E+00   0.0000000E+00
   9.4949495E-01   1.6594443E+01   0.0000000E+00   1.6594443E+01   4.2730411E-01   0.0000000E+00   4.2730411E-01
   9.5959596E-01   0.0000000E+00   0.0000000E+00   0.0000000E+00   0.0000000E+00   0.0000000E+00   0.0000000E+00
   9.6969697E-01   1.6248725E+01   0.0000000E+00   1.6248725E+01   4.2827376E-01   0.0000000E+00   4.2827376E-01
   9.7979798E-01   1.6081212E+01   0.0000000E+00   1.6081212E+01   3.4627778E-01   0.0000000E+00   3.4627778E-01
   9.8989899E-01   0.0000000E+00   0.0000000E+00   0.0000000E+00   0.0000000E+00   0.0000000E+00   0.0000000E+00
   1.0000000E+00   0.0000000E+00   0.0000000E+00   0.0000000E+00   0.0000000E+00   0.0000000E+00   0.0000000E+00
