   0.0000000E+00   4.5810485E+07   2.2761734E+07   6.8572219E+07   2.0775721E-03   2.6629221E-03   5.2548146E-04
   1.0101010E-02   4.7978715E+07   2.4334091E+07   7.2312806E+07   1.8079783E-03   1.1673008E-03   8.8469274E-04
   2.0202020E-02   4.8175260E+07   2.4230359E+07   7.2404838E+07   4.3590681E-04   5.8710874E-04   3.6525731E-04
   3.0303030E-02   4.5674256E+07   2.2497075E+07   6.8166131E+07   7.2381570E-04   2.2739951E-04   4.9280463E-04
   4.0404040E-02   3.8625689E+07   1.9247330E+07   5.7870289E+07   1.5138761E-04   4.1041684E-04   5.5630660E-05
   5.0505051E-02   3.0000502E+07   1.5047827E+07   4.5046145E+07   1.4058286E-03   2.2112802E-04   9.5035142E-04
   6.0606061E-02   2.1718956E+07   1.0826590E+07   3.2543986E+07   6.4995880E-04   2.8146812E-04   5.2731485E-04
   7.0707071E-02   1.4741957E+07   7.4165495E+06   2.2157838E+07   1.4585353E-03   3.4536469E-04   1.0458117E-03
   8.0808081E-02   9.9235513E+06   5.0214410E+06   1.4944212E+07   1.4949762E-03   1.0351989E-03   1.1460714E-03
   9.0909091E-02   6.7462973E+06   3.4379702E+06   1.0184094E+07   3.0582750E-03   9.6770535E-04   2.3041512E-03
   1.0101010E-01   4.2891954E+06   2.1797730E+06   6.4689684E+06   6.3831058E-03   3.3644309E-03   5.3374577E-03
   1.1111111E-01   2.1286657E+06   1.1001391E+06   3.2288048E+06   1.2236832E-02   4.7562016E-03   9.6395886E-03
   1.2121212E-01   4.6640340E+05   2.3697140E+05   7.0337481E+05   4.2865210E-02   1.5527250E-02   3.3632597E-02
   1.3131313E-01   2.6757900E+04   1.0919143E+04   3.7677044E+04   1.1214523E-01   6.3558116E-02   9.7711326E-02
   1.4141414E-01   2.1838286E+04   7.6879682E+03   2.9526255E+04   1.4594891E-01   5.6144590E-02   1.2255425E-01
   1.5151515E-01   1.3622931E+04   6.1355185E+03   1.9758450E+04   1.7190872E-01   4.9452606E-02   1.3328459E-01
   1.6161616E-01   9.7492350E+03   3.3147399E+03   1.3063975E+04   1.8513434E-01   2.3900181E-02   1.4418358E-01
   1.7171717E-01   6.5147829E+03   3.1197552E+03   9.6345381E+03   1.4730399E-01   8.4331614E-02   1.2610422E-01
   1.8181818E-01   6.8461295E+03   1.3865579E+03   8.2326873E+03   1.8249605E-01   7.0838288E-02   1.6363597E-01
   1.9191919E-01   3.6123481E+03   1.7240752E+03   5.3364234E+03   1.6625537E-01   9.3847393E-02   1.3807762E-01
   2.0202020E-01   4.4456512E+03   1.9498470E+03   6.3954981E+03   2.2177307E-01   8.3692804E-02   1.7960748E-01
   2.1212121E-01   2.9711954E+03   8.9135863E+02   3.8625541E+03   1.9527366E-01   1.9534618E-02   1.5424388E-01
   2.2222222E-01   1.4180705E+03   1.0635529E+03   2.4816235E+03   2.1826020E-01   4.2764810E-02   1.4200364E-01
   2.3232323E-01   2.3737268E+03   1.0851322E+03   3.4588590E+03   2.6977822E-01   9.8934348E-02   2.1591426E-01
   2.4242424E-01   1.0399184E+03   6.4994900E+02   1.6898674E+03   2.0098324E-01   6.2793416E-02   1.4496378E-01
   2.5252525E-01   8.7353145E+02   6.2395104E+02   1.4974825E+03   3.2659075E-01   9.7659346E-02   2.2882510E-01
   2.6262626E-01   9.5992468E+02   4.7996234E+02   1.4398870E+03   2.6352394E-01   1.5669895E-01   2.2791507E-01
   2.7272727E-01   6.9327893E+02   1.7331973E+02   8.6659867E+02   1.8740601E-01   1.6188142E-01   1.7550748E-01
   2.8282828E-01   6.1280906E+02   5.5709914E+02   1.1699082E+03   2.8765686E-01   1.8621838E-01   2.3919595E-01
   2.9292929E-01   1.2371443E+03   4.8409994E+02   1.7212442E+03   2.7319855E-01   5.5775036E-02   2.0998780E-01
   3.0303030E-01   5.1995920E+02   2.5997960E+02   7.7993880E+02   1.8955494E-01   4.1268994E-05   1.2635662E-01
   3.1313131E-01   4.0254906E+02   1.5095590E+02   5.5350495E+02   1.8915216E-01   1.2332403E-01   1.6181500E-01
   3.2323232E-01   3.4122322E+02   1.9498470E+02   5.3620792E+02   2.5203287E-01   1.0417453E-05   1.6038077E-01
   3.3333333E-01   1.8907607E+02   4.7269018E+01   2.3634509E+02   2.6938995E-01   4.3155156E-01   2.8338989E-01
   3.4343434E-01   2.2939376E+02   1.8351501E+02   4.1290878E+02   2.1886092E-01   4.4639351E-02   1.3645681E-01
   3.5353535E-01   2.2283966E+02   2.2283966E+02   4.4567931E+02   2.7614926E-01   1.1348582E-01   1.9401097E-01
   3.6363636E-01   2.1664967E+02   2.1664967E+02   4.3329933E+02   3.0096920E-01   9.2830247E-02   1.9285177E-01
   3.7373737E-01   2.5295312E+02   4.2158854E+01   2.9511198E+02   2.0791545E-01   1.1623660E-05   1.7821162E-01
   3.8383838E-01   8.2098821E+01   8.2098821E+01   1.6419764E+02   1.7649072E-01   3.0230067E-05   8.8260169E-02
   3.9393939E-01   1.1999058E+02   3.9996861E+01   1.5998745E+02   3.8745480E-01   5.4378351E-04   2.9069576E-01
   4.0404040E-01   1.1699082E+02   0.0000000E+00   1.1699082E+02   2.4366862E-01   0.0000000E+00   2.4366862E-01
   4.1414141E-01   1.9022898E+02   3.8045795E+01   2.2827477E+02   8.9289941E-02   2.1641909E-05   7.4411249E-02
   4.2424242E-01   1.4855977E+02   7.4279886E+01   2.2283966E+02   2.4226696E-01   3.5622677E-05   1.6152316E-01
   4.3434343E-01   1.0882867E+02   3.6276223E+01   1.4510489E+02   2.0264848E-01   3.6703699E-01   2.4356385E-01
   4.4444444E-01   7.0903527E+01   7.0903527E+01   1.4180705E+02   1.1459196E-01   1.5952643E-01   1.3530279E-01
   4.5454545E-01   1.0399184E+02   6.9327893E+01   1.7331973E+02   1.2331097E-01   1.4128230E-07   7.3986542E-02
   4.6464646E-01   3.3910383E+01   1.0173115E+02   1.3564153E+02   4.2395932E-01   2.5292312E-01   2.8223639E-01
   4.7474747E-01   3.3188885E+01   6.6377770E+01   9.9566655E+01   2.8109983E-01   3.9826929E-05   9.3674764E-02
   4.8484848E-01   9.7492350E+01   0.0000000E+00   9.7492350E+01   1.4441765E-01   0.0000000E+00   1.4441765E-01
   4.9494949E-01   3.1834237E+01   3.1834237E+01   6.3668473E+01   4.8819239E-01   7.4836962E-06   2.4409251E-01
   5.0505051E-01   6.2395104E+01   0.0000000E+00   6.2395104E+01   3.1374541E-01   0.0000000E+00   3.1374541E-01
   5.1515152E-01   6.1171670E+01   0.0000000E+00   6.1171670E+01   1.9317919E-01   0.0000000E+00   1.9317919E-01
   5.2525253E-01   5.9995292E+01   2.9997646E+01   8.9992938E+01   3.6295932E-01   2.6705357E-05   2.4196440E-01
   5.3535354E-01   2.9431653E+01   2.9431653E+01   5.8863306E+01   1.8702667E-01   3.1334818E-04   9.3369131E-02
   5.4545455E-01   2.8886622E+01   0.0000000E+00   2.8886622E+01   4.3424520E-07   0.0000000E+00   4.3424520E-07
   5.5555556E-01   0.0000000E+00   2.8361411E+01   2.8361411E+01   0.0000000E+00   6.9272163E-06   6.9272163E-06
   5.6565657E-01   0.0000000E+00   2.7854957E+01   2.7854957E+01   0.0000000E+00   9.4977766E-03   9.4977766E-03
   5.7575758E-01   2.7366274E+01   2.7366274E+01   5.4732547E+01   2.2029519E-01   1.3587123E-05   1.1015312E-01
   5.8585859E-01   0.0000000E+00   0.0000000E+00   0.0000000E+00   0.0000000E+00   0.0000000E+00   0.0000000E+00
   5.9595960E-01   2.6438603E+01   2.6438603E+01   5.2877207E+01   3.9057376E-01   4.1449637E-01   3.9951791E-01
   6.0606061E-01   2.5997960E+01   0.0000000E+00   2.5997960E+01   4.2338632E-01   0.0000000E+00   4.2338632E-01
   6.1616162E-01   2.5571764E+01   2.5571764E+01   5.1143528E+01   2.8270072E-01   1.7169938E-01   2.2686062E-01
   6.2626263E-01   5.0318632E+01   0.0000000E+00   5.0318632E+01   3.1797184E-01   0.0000000E+00   3.1797184E-01
   6.3636364E-01   2.4759962E+01   0.0000000E+00   2.4759962E+01   3.2889050E-01   0.0000000E+00   3.2889050E-01
   6.4646465E-01   2.4373087E+01   0.0000000E+00   2.4373087E+01   3.5536249E-01   0.0000000E+00   3.5536249E-01
   6.5656566E-01   0.0000000E+00   0.0000000E+00   0.0000000E+00   0.0000000E+00   0.0000000E+00   0.0000000E+00
   6.6666667E-01   0.0000000E+00   0.0000000E+00   0.0000000E+00   0.0000000E+00   0.0000000E+00   0.0000000E+00
   6.7676768E-01   4.6563510E+01   0.0000000E+00   4.6563510E+01   4.5180519E-01   0.0000000E+00   4.5180519E-01
   6.8686869E-01   0.0000000E+00   0.0000000E+00   0.0000000E+00   0.0000000E+00   0.0000000E+00   0.0000000E+00
   6.9696970E-01   2.2606922E+01   0.0000000E+00   2.2606922E+01   2.9126565E-01   0.0000000E+00   2.9126565E-01
   7.0707071E-01   2.2283966E+01   0.0000000E+00   2.2283966E+01   4.1464089E-01   0.0000000E+00   4.1464089E-01
   7.1717172E-01   2.1970107E+01   0.0000000E+00   2.1970107E+01   4.0431647E-01   0.0000000E+00   4.0431647E-01
   7.2727273E-01   4.3329933E+01   0.0000000E+00   4.3329933E+01   1.8573874E-01   0.0000000E+00   1.8573874E-01
   7.3737374E-01   0.0000000E+00   0.0000000E+00   0.0000000E+00   0.0000000E+00   0.0000000E+00   0.0000000E+00
   7.4747475E-01   0.0000000E+00   0.0000000E+00   0.0000000E+00   0.0000000E+00   0.0000000E+00   0.0000000E+00
   7.5757576E-01   2.0798368E+01   0.0000000E+00   2.0798368E+01   3.9715486E-01   0.0000000E+00   3.9715486E-01
   7.6767677E-01   0.0000000E+00   0.0000000E+00   0.0000000E+00   0.0000000E+00   0.0000000E+00   0.0000000E+00
   7.7777778E-01   0.0000000E+00   0.0000000E+00   0.0000000E+00   0.0000000E+00   0.0000000E+00   0.0000000E+00
   7.8787879E-01   0.0000000E+00   0.0000000E+00   0.0000000E+00   0.0000000E+00   0.0000000E+00   0.0000000E+00
   7.9797980E-01   0.0000000E+00   0.0000000E+00   0.0000000E+00   0.0000000E+00   0.0000000E+00   0.0000000E+00
   8.0808081E-01   0.0000000E+00   0.0000000E+00   0.0000000E+00   0.0000000E+00   0.0000000E+00   0.0000000E+00
   8.1818182E-01   0.0000000E+00   0.0000000E+00   0.0000000E+00   0.0000000E+00   0.0000000E+00   0.0000000E+00
   8.2828283E-01   0.0000000E+00   0.0000000E+00   0.0000000E+00   0.0000000E+00   0.0000000E+00   0.0000000E+00
   8.3838384E-01   0.0000000E+00   0.0000000E+00   0.0000000E+00   0.0000000E+00   0.0000000E+00   0.0000000E+00
   8.4848485E-01   0.0000000E+00   1.8569971E+01   1.8569971E+01   0.0000000E+00   1.2378338E-05   1.2378338E-05
   8.5858586E-01   0.0000000E+00   0.0000000E+00   0.0000000E+00   0.0000000E+00   0.0000000E+00   0.0000000E+00
   8.6868687E-01   0.0000000E+00   1.8138112E+01   1.8138112E+01   0.0000000E+00   7.1822540E-06   7.1822540E-06
   8.7878788E-01   0.0000000E+00   0.0000000E+00   0.0000000E+00   0.0000000E+00   0.0000000E+00   0.0000000E+00
   8.8888889E-01   0.0000000E+00   0.0000000E+00   0.0000000E+00   0.0000000E+00   0.0000000E+00   0.0000000E+00
   8.9898990E-01   0.0000000E+00   1.7526715E+01   1.7526715E+01   0.0000000E+00   3.1527485E-01   3.1527485E-01
   9.0909091E-01   0.0000000E+00   0.0000000E+00   0.0000000E+00   0.0000000E+00   0.0000000E+00   0.0000000E+00
   9.1919192E-01   0.0000000E+00   0.0000000E+00   0.0000000E+00   0.0000000E+00   0.0000000E+00   0.0000000E+00
   9.2929293E-01   0.0000000E+00   0.0000000E+00   0.0000000E+00   0.0000000E+00   0.0000000E+00   0.0000000E+00
   9.3939394E-01   0.0000000E+00   0.0000000E+00   0.0000000E+00   0.0000000E+00   0.0000000E+00   0.0000000E+00
   9.4949495E-01   1.6594443E+01   0.0000000E+00   1.6594443E+01   5.1474617E-01   0.0000000E+00   5.1474617E-01
   9.5959596E-01   0.0000000E+00   0.0000000E+00   0.0000000E+00   0.0000000E+00   0.0000000E+00   0.0000000E+00
   9.6969697E-01   0.0000000E+00   0.0000000E+00   0.0000000E+00   0.0000000E+00   0.0000000E+00   0.0000000E+00
   9.7979798E-01   0.0000000E+00   0.0000000E+00   0.0000000E+00   0.0000000E+00   0.0000000E+00   0.0000000E+00
   9.8989899E-01   0.0000000E+00   0.0000000E+00   0.0000000E+00   0.0000000E+00   0.0000000E+00   0.0000000E+00
   1.0000000E+00   0.0000000E+00   0.0000000E+00   0.0000000E+00   0.0000000E+00   0.0000000E+00   0.0000000E+00
