   0.0000000E+00   5.1014237E+07   3.5390503E+07   8.6404740E+07   4.0749899E-03   2.7771265E-04   2.3008575E-03
   1.0101010E-02   5.0697582E+07   3.4515412E+07   8.5212993E+07   1.5242265E-03   3.3984053E-04   7.9059577E-04
   2.0202020E-02   4.9684441E+07   3.3551407E+07   8.3230389E+07   7.0438110E-04   2.3307812E-04   4.3580087E-04
   3.0303030E-02   4.4086821E+07   2.8355455E+07   7.2439676E+07   2.6337394E-04   3.6574075E-04   1.0868193E-04
   4.0404040E-02   3.6720299E+07   2.1062637E+07   5.7779036E+07   5.1655927E-04   6.9274159E-05   3.2379549E-04
   5.0505051E-02   2.9111996E+07   1.4490639E+07   4.3599515E+07   2.6275889E-04   5.3479299E-04   1.9821123E-04
   6.0606061E-02   2.1607944E+07   9.4611776E+06   3.1068342E+07   4.5415530E-04   6.6071875E-04   3.9443616E-04
   7.0707071E-02   1.5102066E+07   5.8285941E+06   2.0930438E+07   8.0925312E-04   4.8887246E-04   4.5902442E-04
   8.0808081E-02   1.0422322E+07   3.6284703E+06   1.4050792E+07   1.7319858E-03   2.4419281E-04   1.2386526E-03
   9.0909091E-02   6.9911981E+06   2.3519488E+06   9.3431468E+06   2.7718462E-03   6.1330696E-04   2.0390275E-03
   1.0101010E-01   4.4058743E+06   1.4433547E+06   5.8492290E+06   4.9155294E-03   6.9261156E-04   3.8586403E-03
   1.1111111E-01   2.1729095E+06   7.0279576E+05   2.8757053E+06   9.4500454E-03   4.2620660E-03   8.0281295E-03
   1.2121212E-01   4.6939317E+05   1.4610853E+05   6.1550170E+05   2.7137008E-02   7.1965627E-03   2.2403175E-02
   1.3131313E-01   3.1917495E+04   9.7192373E+03   4.1636733E+04   8.8157485E-02   1.7730433E-02   7.1594219E-02
   1.4141414E-01   2.2061126E+04   4.7910526E+03   2.6852179E+04   1.0197794E-01   2.4512348E-02   8.8082157E-02
   1.5151515E-01   1.6430711E+04   4.9916083E+03   2.1422319E+04   1.0727336E-01   4.8930443E-02   9.3545875E-02
   1.6161616E-01   1.3356452E+04   3.5097246E+03   1.6866177E+04   1.2612397E-01   2.0450139E-02   1.0259943E-01
   1.7171717E-01   7.9829030E+03   2.1104226E+03   1.0093326E+04   1.3206730E-01   1.1358192E-02   1.0680632E-01
   1.8181818E-01   8.1460275E+03   2.1664967E+03   1.0312524E+04   1.1586899E-01   5.8824498E-02   1.0355067E-01
   1.9191919E-01   8.7024750E+03   1.3135811E+03   1.0016056E+04   1.4651936E-01   2.2630410E-02   1.2933501E-01
   2.0202020E-01   5.1475961E+03   1.1699082E+03   6.3175043E+03   1.3318803E-01   3.3781668E-05   1.0852908E-01
   2.1212121E-01   4.5310730E+03   9.6563851E+02   5.4967115E+03   1.4358045E-01   1.6681910E-05   1.1835416E-01
   2.2222222E-01   4.3251152E+03   1.1344564E+03   5.4595716E+03   1.3791965E-01   4.0589280E-02   1.1754492E-01
   2.3232323E-01   4.4083497E+03   7.4602842E+02   5.1543781E+03   1.0736306E-01   8.6264837E-02   1.0380015E-01
   2.4242424E-01   2.7947807E+03   7.7993880E+02   3.5747195E+03   1.5885277E-01   1.2033069E-01   1.4999100E-01
   2.5252525E-01   2.4958042E+03   6.8634614E+02   3.1821503E+03   1.0308805E-01   1.8361073E-01   1.2028895E-01
   2.6262626E-01   2.8197787E+03   4.1996705E+02   3.2397458E+03   1.1467809E-01   6.9611099E-02   1.0822246E-01
   2.7272727E-01   2.8308890E+03   3.4663947E+02   3.1775284E+03   1.2527584E-01   4.2134079E-06   1.1160893E-01
   2.8282828E-01   2.9526255E+03   2.7854957E+02   3.2311750E+03   1.5175210E-01   4.7017294E-06   1.3867024E-01
   2.9292929E-01   2.6356553E+03   3.2273330E+02   2.9583885E+03   1.3956763E-01   4.4422436E-02   1.2524770E-01
   3.0303030E-01   2.2878205E+03   1.0399184E+02   2.3918123E+03   1.2369856E-01   6.7606625E-06   1.1832007E-01
   3.1313131E-01   1.6101962E+03   2.5159316E+02   1.8617894E+03   1.3161937E-01   4.3229207E-06   1.1383240E-01
   3.2323232E-01   1.5111314E+03   2.4373087E+02   1.7548623E+03   1.3816893E-01   1.1497070E-01   1.3481692E-01
   3.3333333E-01   1.7016847E+03   4.2542116E+02   2.1271058E+03   1.3158144E-01   3.2950915E-06   1.0526521E-01
   3.4343434E-01   1.5598776E+03   1.3763626E+02   1.6975139E+03   1.6467153E-01   1.9978150E-01   1.6747001E-01
   3.5353535E-01   1.6044455E+03   2.2283966E+02   1.8272852E+03   8.9228933E-02   1.0460947E-01   9.1070548E-02
   3.6363636E-01   1.0399184E+03   1.2998980E+02   1.1699082E+03   1.4229008E-01   9.8852488E-02   1.3741246E-01
   3.7373737E-01   1.0539713E+03   1.2647656E+02   1.1804479E+03   1.4348370E-01   1.1540883E-07   1.2811044E-01
   3.8383838E-01   9.4413644E+02   4.1049410E+01   9.8518585E+02   1.4876627E-01   1.3555016E-05   1.4256816E-01
   3.9393939E-01   6.7994664E+02   7.9993723E+01   7.5994037E+02   9.7173769E-02   1.0320905E-06   8.6945037E-02
   4.0404040E-01   9.7492350E+02   3.8996940E+01   1.0139204E+03   9.6377849E-02   5.2192498E-06   9.2671206E-02
   4.1414141E-01   3.4241216E+02   7.6091590E+01   4.1850375E+02   1.1740525E-01   1.6480603E-01   1.1983118E-01
   4.2424242E-01   7.4279886E+02   7.4279886E+01   8.1707874E+02   1.5424516E-01   2.6632882E-01   1.6340149E-01
   4.3434343E-01   4.3531468E+02   3.6276223E+01   4.7159090E+02   7.0589609E-02   4.7098670E-05   6.5163216E-02
   4.4444444E-01   3.8996940E+02   7.0903527E+01   4.6087293E+02   1.0510161E-01   3.9899507E-06   8.8932677E-02
   4.5454545E-01   4.5063131E+02   6.9327893E+01   5.1995920E+02   9.0258630E-02   1.3000547E-05   7.8225820E-02
   4.6464646E-01   4.0692459E+02   3.3910383E+01   4.4083497E+02   3.9083517E-06   1.1329300E-05   2.7449378E-06
   4.7474747E-01   2.9869997E+02   6.6377770E+01   3.6507774E+02   2.2772242E-01   1.9764944E-01   2.2199911E-01
   4.8484848E-01   2.9247705E+02   3.2497450E+01   3.2497450E+02   9.4562802E-02   1.2188362E-06   8.5106639E-02
   4.9494949E-01   2.8650813E+02   0.0000000E+00   2.8650813E+02   1.2240006E-01   0.0000000E+00   1.2240006E-01
   5.0505051E-01   5.6155594E+02   0.0000000E+00   5.6155594E+02   1.1697051E-01   0.0000000E+00   1.1697051E-01
   5.1515152E-01   2.1410085E+02   0.0000000E+00   2.1410085E+02   1.0270953E-01   0.0000000E+00   1.0270953E-01
   5.2525253E-01   2.6997881E+02   2.9997646E+01   2.9997646E+02   9.1378304E-02   2.5643771E-05   8.2242461E-02
   5.3535354E-01   5.8863306E+01   0.0000000E+00   5.8863306E+01   1.2114385E-04   0.0000000E+00   1.2114385E-04
   5.4545455E-01   2.8886622E+01   2.8886622E+01   5.7773244E+01   1.9653037E-06   1.7494097E-06   4.6034758E-07
   5.5555556E-01   8.5084233E+01   2.8361411E+01   1.1344564E+02   7.9047419E-02   4.2014653E-01   1.5311239E-01
   5.6565657E-01   1.3927479E+02   2.7854957E+01   1.6712974E+02   2.7539048E-05   3.0931238E-01   5.1574843E-02
   5.7575758E-01   8.2098821E+01   0.0000000E+00   8.2098821E+01   3.7960069E-02   0.0000000E+00   3.7960069E-02
   5.8585859E-01   0.0000000E+00   2.6894441E+01   2.6894441E+01   0.0000000E+00   2.1876007E-07   2.1876007E-07
   5.9595960E-01   5.2877207E+01   0.0000000E+00   5.2877207E+01   4.1164387E-01   0.0000000E+00   4.1164387E-01
   6.0606061E-01   1.0399184E+02   2.5997960E+01   1.2998980E+02   2.2344602E-01   6.0213550E-06   1.7875562E-01
   6.1616162E-01   2.5571764E+01   2.5571764E+01   5.1143528E+01   3.7991590E-01   4.8736378E-06   1.8995552E-01
   6.2626263E-01   5.0318632E+01   0.0000000E+00   5.0318632E+01   1.0622032E-05   0.0000000E+00   1.0622032E-05
   6.3636364E-01   0.0000000E+00   0.0000000E+00   0.0000000E+00   0.0000000E+00   0.0000000E+00   0.0000000E+00
   6.4646465E-01   9.7492350E+01   0.0000000E+00   9.7492350E+01   2.5514903E-06   0.0000000E+00   2.5514903E-06
   6.5656566E-01   2.3998117E+01   0.0000000E+00   2.3998117E+01   1.4425689E-05   0.0000000E+00   1.4425689E-05
   6.6666667E-01   0.0000000E+00   0.0000000E+00   0.0000000E+00   0.0000000E+00   0.0000000E+00   0.0000000E+00
   6.7676768E-01   2.3281755E+01   0.0000000E+00   2.3281755E+01   3.1720933E-05   0.0000000E+00   3.1720933E-05
   6.8686869E-01   0.0000000E+00   0.0000000E+00   0.0000000E+00   0.0000000E+00   0.0000000E+00   0.0000000E+00
   6.9696970E-01   2.2606922E+01   0.0000000E+00   2.2606922E+01   1.6906324E-05   0.0000000E+00   1.6906324E-05
   7.0707071E-01   4.4567931E+01   0.0000000E+00   4.4567931E+01   1.6806605E-01   0.0000000E+00   1.6806605E-01
   7.1717172E-01   0.0000000E+00   0.0000000E+00   0.0000000E+00   0.0000000E+00   0.0000000E+00   0.0000000E+00
   7.2727273E-01   2.1664967E+01   0.0000000E+00   2.1664967E+01   6.0110364E-06   0.0000000E+00   6.0110364E-06
   7.3737374E-01   0.0000000E+00   0.0000000E+00   0.0000000E+00   0.0000000E+00   0.0000000E+00   0.0000000E+00
   7.4747475E-01   2.1079427E+01   0.0000000E+00   2.1079427E+01   4.5320576E-01   0.0000000E+00   4.5320576E-01
   7.5757576E-01   2.0798368E+01   0.0000000E+00   2.0798368E+01   2.9728820E-06   0.0000000E+00   2.9728820E-06
   7.6767677E-01   0.0000000E+00   0.0000000E+00   0.0000000E+00   0.0000000E+00   0.0000000E+00   0.0000000E+00
   7.7777778E-01   2.0258151E+01   0.0000000E+00   2.0258151E+01   1.6466349E-07   0.0000000E+00   1.6466349E-07
   7.8787879E-01   1.9998431E+01   0.0000000E+00   1.9998431E+01   1.3033075E-06   0.0000000E+00   1.3033075E-06
   7.9797980E-01   0.0000000E+00   0.0000000E+00   0.0000000E+00   0.0000000E+00   0.0000000E+00   0.0000000E+00
   8.0808081E-01   0.0000000E+00   0.0000000E+00   0.0000000E+00   0.0000000E+00   0.0000000E+00   0.0000000E+00
   8.1818182E-01   1.9257748E+01   0.0000000E+00   1.9257748E+01   4.2788393E-04   0.0000000E+00   4.2788393E-04
   8.2828283E-01   0.0000000E+00   0.0000000E+00   0.0000000E+00   0.0000000E+00   0.0000000E+00   0.0000000E+00
   8.3838384E-01   0.0000000E+00   0.0000000E+00   0.0000000E+00   0.0000000E+00   0.0000000E+00   0.0000000E+00
   8.4848485E-01   0.0000000E+00   0.0000000E+00   0.0000000E+00   0.0000000E+00   0.0000000E+00   0.0000000E+00
   8.5858586E-01   0.0000000E+00   0.0000000E+00   0.0000000E+00   0.0000000E+00   0.0000000E+00   0.0000000E+00
   8.6868687E-01   0.0000000E+00   0.0000000E+00   0.0000000E+00   0.0000000E+00   0.0000000E+00   0.0000000E+00
   8.7878788E-01   0.0000000E+00   0.0000000E+00   0.0000000E+00   0.0000000E+00   0.0000000E+00   0.0000000E+00
   8.8888889E-01   0.0000000E+00   0.0000000E+00   0.0000000E+00   0.0000000E+00   0.0000000E+00   0.0000000E+00
   8.9898990E-01   0.0000000E+00   0.0000000E+00   0.0000000E+00   0.0000000E+00   0.0000000E+00   0.0000000E+00
   9.0909091E-01   0.0000000E+00   0.0000000E+00   0.0000000E+00   0.0000000E+00   0.0000000E+00   0.0000000E+00
   9.1919192E-01   0.0000000E+00   0.0000000E+00   0.0000000E+00   0.0000000E+00   0.0000000E+00   0.0000000E+00
   9.2929293E-01   0.0000000E+00   0.0000000E+00   0.0000000E+00   0.0000000E+00   0.0000000E+00   0.0000000E+00
   9.3939394E-01   0.0000000E+00   0.0000000E+00   0.0000000E+00   0.0000000E+00   0.0000000E+00   0.0000000E+00
   9.4949495E-01   0.0000000E+00   0.0000000E+00   0.0000000E+00   0.0000000E+00   0.0000000E+00   0.0000000E+00
   9.5959596E-01   0.0000000E+00   0.0000000E+00   0.0000000E+00   0.0000000E+00   0.0000000E+00   0.0000000E+00
   9.6969697E-01   0.0000000E+00   0.0000000E+00   0.0000000E+00   0.0000000E+00   0.0000000E+00   0.0000000E+00
   9.7979798E-01   0.0000000E+00   0.0000000E+00   0.0000000E+00   0.0000000E+00   0.0000000E+00   0.0000000E+00
   9.8989899E-01   0.0000000E+00   0.0000000E+00   0.0000000E+00   0.0000000E+00   0.0000000E+00   0.0000000E+00
   1.0000000E+00   0.0000000E+00   0.0000000E+00   0.0000000E+00   0.0000000E+00   0.0000000E+00   0.0000000E+00
