   0.0000000E+00   1.1117310E+09   5.7433445E+08   1.6860655E+09   8.9283240E-04   3.9009201E-05   6.0196261E-04
   1.0101010E-02   1.3387961E+09   6.9051414E+08   2.0292947E+09   1.0351253E-04   1.4236544E-05   6.9341106E-05
   2.0202020E-02   1.0305690E+09   5.2627852E+08   1.5568405E+09   1.8017782E-04   3.0973091E-05   1.2691949E-04
   3.0303030E-02   6.2285808E+08   3.1270970E+08   9.3555999E+08   8.3143810E-04   1.9777849E-05   5.4973344E-04
   4.0404040E-02   3.6661920E+08   1.8037372E+08   5.4698902E+08   2.1849382E-03   3.0015093E-05   1.4607557E-03
   5.0505051E-02   2.3488013E+08   1.1462823E+08   3.4950555E+08   4.1116081E-03   8.5235121E-05   2.7351726E-03
   6.0606061E-02   1.4921581E+08   7.3058167E+07   2.2227346E+08   5.3702334E-03   7.7881468E-05   3.5819479E-03
   7.0707071E-02   7.5287938E+07   3.6683864E+07   1.1197136E+08   7.4551174E-03   8.1575906E-05   4.9886896E-03
   8.0808081E-02   4.4910046E+07   2.2155916E+07   6.7065767E+07   8.8865075E-03   4.9876753E-05   5.9671831E-03
   9.0909091E-02   2.8871254E+07   1.4360406E+07   4.3231661E+07   9.0907415E-03   9.5552337E-05   6.0395354E-03
   1.0101010E-01   1.7288435E+07   8.7328187E+06   2.6021254E+07   1.0387583E-02   8.6920578E-05   6.8726711E-03
   1.1111111E-01   7.8690152E+06   4.1105611E+06   1.1979576E+07   1.0626264E-02   3.6380902E-05   6.9679906E-03
   1.2121212E-01   1.7449831E+06   9.4411592E+05   2.6890990E+06   2.8457770E-02   1.3345833E-04   1.8452073E-02
   1.3131313E-01   3.2829424E+05   1.3702925E+05   4.6532349E+05   1.0044163E-01   4.0249456E-05   7.0851616E-02
   1.4141414E-01   2.4646066E+05   1.0083494E+05   3.4729561E+05   1.2868374E-01   5.6709060E-05   9.1335382E-02
   1.5151515E-01   1.8718531E+05   7.4874125E+04   2.6205944E+05   1.5040555E-01   3.5684490E-06   1.0743241E-01
   1.6161616E-01   1.3882911E+05   5.2938346E+04   1.9176745E+05   1.6077637E-01   2.1012187E-04   1.1644904E-01
   1.7171717E-01   1.0781507E+05   3.7987607E+04   1.4580268E+05   1.8159148E-01   4.1070626E-06   1.3428036E-01
   1.8181818E-01   7.9553757E+04   3.2324130E+04   1.1187789E+05   1.9533872E-01   3.9959039E-06   1.3890160E-01
   1.9191919E-01   6.0260535E+04   2.4547547E+04   8.4808082E+04   2.1366644E-01   2.0864241E-04   1.5178039E-01
   2.0202020E-01   5.2021918E+04   1.8718531E+04   7.0740449E+04   2.2071257E-01   2.3613252E-04   1.6237083E-01
   2.1212121E-01   4.4047972E+04   1.3816059E+04   5.7864031E+04   2.2729504E-01   6.6293110E-06   1.7302528E-01
   2.2222222E-01   3.0063096E+04   1.2124503E+04   4.2187599E+04   2.2955323E-01   1.1332222E-05   1.6357800E-01
   2.3232323E-01   2.6246636E+04   8.9523410E+03   3.5198977E+04   2.4159753E-01   3.7430179E-06   1.8015000E-01
   2.4242424E-01   2.3268174E+04   7.7993880E+03   3.1067562E+04   2.5232272E-01   1.6477967E-05   1.8898175E-01
   2.5252525E-01   1.7657814E+04   7.2378321E+03   2.4895646E+04   2.6672294E-01   5.5434087E-04   1.8903194E-01
   2.6262626E-01   1.5838757E+04   5.5195669E+03   2.1358324E+04   2.6259221E-01   3.5019626E-06   1.9473097E-01
   2.7272727E-01   1.4616631E+04   4.3907666E+03   1.9007397E+04   2.8197274E-01   9.1486762E-07   2.1683603E-01
   2.8282828E-01   1.0306334E+04   3.7325643E+03   1.4038898E+04   2.6179803E-01   6.4721256E-06   1.9219456E-01
   2.9292929E-01   9.3592656E+03   3.9265884E+03   1.3285854E+04   2.8782272E-01   5.0638852E-05   2.0276982E-01
   3.0303030E-01   7.8513839E+03   3.2237470E+03   1.1075131E+04   2.6859529E-01   4.7091321E-07   1.9041276E-01
   3.1313131E-01   6.8936526E+03   2.5662502E+03   9.4599028E+03   2.9813222E-01   8.1284530E-05   2.1727797E-01
   3.2323232E-01   5.7520486E+03   2.0960855E+03   7.8481342E+03   2.7950881E-01   2.6810911E-06   2.0485804E-01
   3.3333333E-01   5.4359371E+03   1.8434917E+03   7.2794288E+03   2.6676540E-01   1.2297880E-05   1.9921091E-01
   3.4343434E-01   4.4502390E+03   1.3304838E+03   5.7807229E+03   3.0248438E-01   1.2030761E-05   2.3286722E-01
   3.5353535E-01   3.5208666E+03   1.5153097E+03   5.0361762E+03   2.8618164E-01   1.6545055E-03   2.0056229E-01
   3.6363636E-01   2.7297858E+03   1.2132381E+03   3.9430239E+03   2.8533599E-01   1.1125968E-06   1.9754002E-01
   3.7373737E-01   2.7403255E+03   1.3490833E+03   4.0894088E+03   3.0135189E-01   9.7479466E-06   2.0193370E-01
   3.8383838E-01   2.9145081E+03   9.4413644E+02   3.8586446E+03   3.1856491E-01   7.6058280E-06   2.4061635E-01
   3.9393939E-01   2.4798054E+03   8.7993095E+02   3.3597364E+03   2.9074227E-01   1.1192983E-04   2.1462471E-01
   4.0404040E-01   2.4568072E+03   8.5793268E+02   3.3147399E+03   3.2302979E-01   5.9416755E-05   2.3940672E-01
   4.1414141E-01   1.9022898E+03   7.2287011E+02   2.6251599E+03   2.9970458E-01   8.3162113E-06   2.1717898E-01
   4.2424242E-01   1.7455773E+03   5.1995920E+02   2.2655365E+03   3.0510280E-01   5.8257229E-05   2.3509231E-01
   4.3434343E-01   1.0882867E+03   5.8041957E+02   1.6687063E+03   3.1392796E-01   1.7869317E-05   2.0474175E-01
   4.4444444E-01   1.7016847E+03   3.5451764E+02   2.0562023E+03   2.8800635E-01   3.0801579E-05   2.3834486E-01
   4.5454545E-01   1.2479021E+03   3.8130341E+02   1.6292055E+03   3.2657163E-01   7.0623362E-06   2.5014157E-01
   4.6464646E-01   1.2546842E+03   4.7474536E+02   1.7294295E+03   3.3162604E-01   9.3861686E-06   2.4058922E-01
   4.7474747E-01   1.1616110E+03   4.6464439E+02   1.6262554E+03   3.0575571E-01   8.7410611E-07   2.1839713E-01
   4.8484848E-01   9.4242605E+02   3.8996940E+02   1.3323954E+03   3.1595897E-01   1.0388783E-05   2.2348620E-01
   4.9494949E-01   9.2319286E+02   3.5017660E+02   1.2733695E+03   2.7224959E-01   3.3686302E-06   1.9738187E-01
   5.0505051E-01   8.7353145E+02   2.8077797E+02   1.1543094E+03   3.1298948E-01   8.6987595E-08   2.3685688E-01
   5.1515152E-01   9.4816089E+02   2.1410085E+02   1.1622617E+03   2.9135163E-01   1.1921279E-05   2.3767962E-01
   5.2525253E-01   9.8992232E+02   2.9997646E+02   1.2898988E+03   3.2745585E-01   9.4585871E-06   2.5130113E-01
   5.3535354E-01   5.0033810E+02   1.4715826E+02   6.4749636E+02   3.1493235E-01   1.9748105E-05   2.4335238E-01
   5.4545455E-01   7.2216555E+02   1.7331973E+02   8.9548529E+02   2.6237784E-01   1.6174222E-05   2.1159193E-01
   5.5555556E-01   6.2395104E+02   1.1344564E+02   7.3739668E+02   2.9546380E-01   5.1966169E-06   2.5000862E-01
   5.6565657E-01   6.4066401E+02   1.6712974E+02   8.0779376E+02   3.2169873E-01   1.7254036E-04   2.5510582E-01
   5.7575758E-01   2.4629646E+02   2.7366274E+02   5.1995920E+02   3.2266714E-01   4.1857576E-07   1.5284211E-01
   5.8585859E-01   3.7652218E+02   1.3447221E+02   5.1099439E+02   3.2307893E-01   1.1529631E-06   2.3805838E-01
   5.9595960E-01   1.5863162E+02   1.5863162E+02   3.1726324E+02   3.1484868E-01   3.2141967E-05   1.5744024E-01
   6.0606061E-01   2.5997960E+02   7.7993880E+01   3.3797348E+02   2.8130787E-01   7.4678584E-05   2.1637368E-01
   6.1616162E-01   2.8128940E+02   1.5343058E+02   4.3471999E+02   3.3767988E-01   4.8235852E-06   2.1850045E-01
   6.2626263E-01   3.2707111E+02   1.5095590E+02   4.7802701E+02   3.6591461E-01   6.4995792E-06   2.5036407E-01
   6.3636364E-01   2.7235958E+02   9.9039847E+01   3.7139943E+02   2.4713742E-01   1.2963619E-05   1.8123622E-01
   6.4646465E-01   2.1935779E+02   1.4623852E+02   3.6559631E+02   2.6598606E-01   4.2535867E-05   1.5960813E-01
   6.5656566E-01   1.4398870E+02   1.1999058E+02   2.6397929E+02   3.5784370E-01   3.9003558E-06   1.9518574E-01
   6.6666667E-01   2.3634509E+02   4.7269018E+01   2.8361411E+02   2.6787732E-01   4.7783282E-06   2.2323190E-01
   6.7676768E-01   1.3969053E+02   1.3969053E+02   2.7938106E+02   3.7533591E-01   8.0511516E-06   1.8767198E-01
   6.8686869E-01   2.5233314E+02   1.1469688E+02   3.6703002E+02   3.3821277E-01   1.6246773E-06   2.3252175E-01
   6.9696970E-01   1.1303461E+02   6.7820765E+01   1.8085537E+02   2.5043044E-01   3.2126625E-04   1.5663899E-01
   7.0707071E-01   2.0055569E+02   2.0055569E+02   4.0111138E+02   3.8088478E-01   4.9180024E-06   1.9044479E-01
   7.1717172E-01   1.5379075E+02   4.3940214E+01   1.9773096E+02   3.8892814E-01   1.6826734E-06   3.0250004E-01
   7.2727273E-01   1.2998980E+02   8.6659867E+01   2.1664967E+02   2.9780412E-01   6.5241931E-07   1.7868232E-01
   7.3737374E-01   6.4104559E+01   8.5472745E+01   1.4957730E+02   3.4237746E-01   2.3673159E-05   1.4674649E-01
   7.4747475E-01   1.6863542E+02   6.3238281E+01   2.3187370E+02   3.2115365E-01   3.9150017E-07   2.3356639E-01
   7.5757576E-01   1.0399184E+02   4.1596736E+01   1.4558858E+02   3.5760455E-01   2.6145877E-05   2.5543925E-01
   7.6767677E-01   8.2098821E+01   2.0524705E+01   1.0262353E+02   3.0692511E-01   1.0004875E-04   2.4552111E-01
   7.7777778E-01   6.0774452E+01   4.0516301E+01   1.0129075E+02   3.5524911E-01   1.2400954E-05   2.1315365E-01
   7.8787879E-01   1.1999058E+02   3.9996861E+01   1.5998745E+02   3.8268510E-01   1.5349079E-05   2.8701014E-01
   7.9797980E-01   1.7770757E+02   1.9745286E+01   1.9745286E+02   3.3590878E-01   4.0913832E-06   3.0231750E-01
   8.0808081E-01   1.1699082E+02   1.9498470E+01   1.3648929E+02   4.0968655E-01   3.2327998E-06   3.5115945E-01
   8.1818182E-01   1.9257748E+01   0.0000000E+00   1.9257748E+01   3.7957119E-01   0.0000000E+00   3.7957119E-01
   8.2828283E-01   7.6091590E+01   3.8045795E+01   1.1413739E+02   3.4639188E-01   2.7236035E-06   2.3092880E-01
   8.3838384E-01   5.6381118E+01   0.0000000E+00   5.6381118E+01   3.7305941E-01   0.0000000E+00   3.7305941E-01
   8.4848485E-01   1.1141983E+02   5.5709914E+01   1.6712974E+02   4.0755810E-01   2.3378875E-05   2.7169764E-01
   8.5858586E-01   7.3406005E+01   3.6703002E+01   1.1010901E+02   3.7956872E-01   3.0388104E-04   2.5294579E-01
   8.6868687E-01   5.4414335E+01   5.4414335E+01   1.0882867E+02   4.2302623E-01   3.3659535E-06   2.1151480E-01
   8.7878788E-01   3.5859255E+01   7.1718510E+01   1.0757777E+02   3.7266918E-01   1.3466707E-06   1.2422390E-01
   8.8888889E-01   1.7725882E+01   0.0000000E+00   1.7725882E+01   3.7706909E-01   0.0000000E+00   3.7706909E-01
   8.9898990E-01   1.7526715E+01   1.7526715E+01   3.5053429E+01   2.0772889E-01   3.1792970E-06   1.0386336E-01
   9.0909091E-01   1.7331973E+01   0.0000000E+00   1.7331973E+01   3.9996160E-01   0.0000000E+00   3.9996160E-01
   9.1919192E-01   3.4283024E+01   1.7141512E+01   5.1424536E+01   3.9064290E-01   1.9470556E-07   2.6042854E-01
   9.2929293E-01   0.0000000E+00   0.0000000E+00   0.0000000E+00   0.0000000E+00   0.0000000E+00   0.0000000E+00
   9.3939394E-01   1.6772877E+01   0.0000000E+00   1.6772877E+01   3.7909848E-01   0.0000000E+00   3.7909848E-01
   9.4949495E-01   0.0000000E+00   1.6594443E+01   1.6594443E+01   0.0000000E+00   6.6471027E-07   6.6471027E-07
   9.5959596E-01   1.6419764E+01   0.0000000E+00   1.6419764E+01   2.7237666E-01   0.0000000E+00   2.7237666E-01
   9.6969697E-01   0.0000000E+00   1.6248725E+01   1.6248725E+01   0.0000000E+00   7.4615751E-06   7.4615751E-06
   9.7979798E-01   0.0000000E+00   0.0000000E+00   0.0000000E+00   0.0000000E+00   0.0000000E+00   0.0000000E+00
   9.8989899E-01   0.0000000E+00   0.0000000E+00   0.0000000E+00   0.0000000E+00   0.0000000E+00   0.0000000E+00
   1.0000000E+00   0.0000000E+00   0.0000000E+00   0.0000000E+00   0.0000000E+00   0.0000000E+00   0.0000000E+00
