   0.0000000E+00   1.6421143E+08   8.0577037E+07   2.4478847E+08   2.0256125E-03   6.3782187E-05   1.3752559E-03
   1.0101010E-02   1.7521013E+08   8.8418542E+07   2.6362399E+08   6.0832440E-04   1.6510090E-05   4.0210137E-04
   2.0202020E-02   1.3058437E+08   6.5993742E+07   1.9657032E+08   1.3943501E-04   1.0261547E-05   9.3638195E-05
   3.0303030E-02   7.2987713E+07   3.6527134E+07   1.0951121E+08   9.3861070E-04   1.0469731E-04   6.6012315E-04
   4.0404040E-02   3.5942700E+07   1.8166724E+07   5.4108254E+07   1.9089663E-03   5.1719185E-04   1.4188815E-03
   5.0505051E-02   1.8664559E+07   9.4213487E+06   2.8085284E+07   6.9750909E-03   1.0552985E-03   4.9777002E-03
   6.0606061E-02   1.0221878E+07   5.0415244E+06   1.5263402E+07   8.4555873E-03   1.5369559E-03   6.1616151E-03
   7.0707071E-02   3.7829260E+06   1.9030507E+06   5.6859767E+06   1.4513822E-02   3.1953242E-03   1.0725004E-02
   8.0808081E-02   1.8000987E+06   8.8425561E+05   2.6843544E+06   1.7934017E-02   2.9309926E-03   1.2991846E-02
   9.0909091E-02   1.0387052E+06   5.0956002E+05   1.5482652E+06   1.7808371E-02   4.1418486E-03   1.3286315E-02
   1.0101010E-01   5.6217989E+05   2.8779742E+05   8.4997730E+05   2.2921750E-02   3.3554918E-03   1.6247312E-02
   1.1111111E-01   2.4178103E+05   1.1075131E+05   3.5253234E+05   1.5610275E-02   2.5278823E-03   1.1449915E-02
   1.2121212E-01   6.3305032E+04   2.6517919E+04   8.9822952E+04   6.0730234E-02   7.5908800E-04   4.2651260E-02
   1.3131313E-01   3.0237627E+04   1.0199200E+04   4.0436827E+04   1.5590747E-01   2.9198345E-06   1.1658289E-01
   1.4141414E-01   3.1531811E+04   9.8049449E+03   4.1336756E+04   2.0139588E-01   6.1206249E-06   1.5362687E-01
   1.5151515E-01   2.8389772E+04   8.4233390E+03   3.6813111E+04   2.1728891E-01   1.1791906E-06   1.6756999E-01
   1.6161616E-01   2.6030457E+04   8.0918650E+03   3.4122322E+04   2.1994819E-01   1.6716514E-05   1.6778781E-01
   1.7171717E-01   2.4682769E+04   8.5334480E+03   3.3216217E+04   2.6821045E-01   1.4568987E-04   1.9934297E-01
   1.8181818E-01   2.6431259E+04   7.7127281E+03   3.4143987E+04   2.7297507E-01   8.4886953E-06   2.1131509E-01
   1.9191919E-01   2.1591990E+04   6.9783998E+03   2.8570390E+04   2.9796258E-01   2.6639142E-05   2.2519087E-01
   2.0202020E-01   2.0122421E+04   4.9136144E+03   2.5036035E+04   3.1085231E-01   5.6398722E-07   2.4984390E-01
   2.1212121E-01   1.6415855E+04   4.8281926E+03   2.1244047E+04   3.2377043E-01   9.9371623E-06   2.5018843E-01
   2.2222222E-01   1.3471670E+04   4.1833081E+03   1.7654978E+04   3.2134250E-01   8.7217521E-06   2.4520304E-01
   2.3232323E-01   9.8340109E+03   2.3059060E+03   1.2139917E+04   3.4093075E-01   1.6103872E-05   2.7617597E-01
   2.4242424E-01   9.8142299E+03   2.4698062E+03   1.2284036E+04   3.3591285E-01   1.6416588E-06   2.6837498E-01
   2.5252525E-01   5.9275349E+03   1.9342482E+03   7.8617831E+03   3.5679880E-01   2.1687897E-06   2.6901462E-01
   2.6262626E-01   4.7996234E+03   1.1999058E+03   5.9995292E+03   3.2732646E-01   1.1692641E-04   2.6183791E-01
   2.7272727E-01   4.5063131E+03   1.4443311E+03   5.9506442E+03   3.6075483E-01   5.6266668E-06   2.7319161E-01
   2.8282828E-01   2.7854957E+03   8.3564871E+02   3.6211444E+03   3.4230242E-01   4.5971770E-06   2.6331060E-01
   2.9292929E-01   2.2591331E+03   3.7652218E+02   2.6356553E+03   3.5831565E-01   2.0137041E-06   3.0712742E-01
   3.0303030E-01   1.7678613E+03   7.2794288E+02   2.4958042E+03   3.4915086E-01   3.8621193E-05   2.4732628E-01
   3.1313131E-01   1.1573285E+03   5.0318632E+02   1.6605149E+03   3.3045779E-01   2.9098090E-05   2.3032781E-01
   3.2323232E-01   9.2617732E+02   9.7492350E+01   1.0236697E+03   3.5694829E-01   1.3878895E-05   3.2295447E-01
   3.3333333E-01   7.0903527E+02   0.0000000E+00   7.0903527E+02   3.7769889E-01   0.0000000E+00   3.7769889E-01
   3.4343434E-01   5.9642379E+02   9.1757506E+01   6.8818129E+02   3.8331611E-01   2.5983137E-05   3.3220383E-01
   3.5353535E-01   1.3370379E+02   8.9135863E+01   2.2283966E+02   4.1373584E-01   4.7269108E-05   2.4822334E-01
   3.6363636E-01   3.0330953E+02   1.7331973E+02   4.7662927E+02   3.7801468E-01   1.4941664E-05   2.4054941E-01
   3.7373737E-01   1.2647656E+02   0.0000000E+00   1.2647656E+02   3.1607310E-01   0.0000000E+00   3.1607310E-01
   3.8383838E-01   3.2839528E+02   8.2098821E+01   4.1049410E+02   3.8066336E-01   5.5594658E-05   3.0451983E-01
   3.9393939E-01   1.9998431E+02   7.9993723E+01   2.7997803E+02   3.5750153E-01   5.5161375E-06   2.5535979E-01
   4.0404040E-01   7.7993880E+01   7.7993880E+01   1.5598776E+02   3.3999072E-01   4.8647945E-06   1.6999297E-01
   4.1414141E-01   7.6091590E+01   0.0000000E+00   7.6091590E+01   3.9271735E-01   0.0000000E+00   3.9271735E-01
   4.2424242E-01   7.4279886E+01   0.0000000E+00   7.4279886E+01   3.4692793E-01   0.0000000E+00   3.4692793E-01
   4.3434343E-01   3.6276223E+01   7.2552446E+01   1.0882867E+02   4.0852012E-01   3.3673123E-06   1.3617561E-01
   4.4444444E-01   7.0903527E+01   3.5451764E+01   1.0635529E+02   4.2007487E-01   3.4539603E-05   2.8003843E-01
   4.5454545E-01   0.0000000E+00   0.0000000E+00   0.0000000E+00   0.0000000E+00   0.0000000E+00   0.0000000E+00
   4.6464646E-01   0.0000000E+00   0.0000000E+00   0.0000000E+00   0.0000000E+00   0.0000000E+00   0.0000000E+00
   4.7474747E-01   0.0000000E+00   0.0000000E+00   0.0000000E+00   0.0000000E+00   0.0000000E+00   0.0000000E+00
   4.8484848E-01   0.0000000E+00   3.2497450E+01   3.2497450E+01   0.0000000E+00   7.1069959E-07   7.1069959E-07
   4.9494949E-01   0.0000000E+00   0.0000000E+00   0.0000000E+00   0.0000000E+00   0.0000000E+00   0.0000000E+00
   5.0505051E-01   0.0000000E+00   0.0000000E+00   0.0000000E+00   0.0000000E+00   0.0000000E+00   0.0000000E+00
   5.1515152E-01   0.0000000E+00   0.0000000E+00   0.0000000E+00   0.0000000E+00   0.0000000E+00   0.0000000E+00
   5.2525253E-01   0.0000000E+00   0.0000000E+00   0.0000000E+00   0.0000000E+00   0.0000000E+00   0.0000000E+00
   5.3535354E-01   0.0000000E+00   0.0000000E+00   0.0000000E+00   0.0000000E+00   0.0000000E+00   0.0000000E+00
   5.4545455E-01   0.0000000E+00   0.0000000E+00   0.0000000E+00   0.0000000E+00   0.0000000E+00   0.0000000E+00
   5.5555556E-01   0.0000000E+00   0.0000000E+00   0.0000000E+00   0.0000000E+00   0.0000000E+00   0.0000000E+00
   5.6565657E-01   0.0000000E+00   0.0000000E+00   0.0000000E+00   0.0000000E+00   0.0000000E+00   0.0000000E+00
   5.7575758E-01   0.0000000E+00   0.0000000E+00   0.0000000E+00   0.0000000E+00   0.0000000E+00   0.0000000E+00
   5.8585859E-01   0.0000000E+00   0.0000000E+00   0.0000000E+00   0.0000000E+00   0.0000000E+00   0.0000000E+00
   5.9595960E-01   0.0000000E+00   0.0000000E+00   0.0000000E+00   0.0000000E+00   0.0000000E+00   0.0000000E+00
   6.0606061E-01   0.0000000E+00   0.0000000E+00   0.0000000E+00   0.0000000E+00   0.0000000E+00   0.0000000E+00
   6.1616162E-01   0.0000000E+00   0.0000000E+00   0.0000000E+00   0.0000000E+00   0.0000000E+00   0.0000000E+00
   6.2626263E-01   0.0000000E+00   0.0000000E+00   0.0000000E+00   0.0000000E+00   0.0000000E+00   0.0000000E+00
   6.3636364E-01   0.0000000E+00   0.0000000E+00   0.0000000E+00   0.0000000E+00   0.0000000E+00   0.0000000E+00
   6.4646465E-01   0.0000000E+00   0.0000000E+00   0.0000000E+00   0.0000000E+00   0.0000000E+00   0.0000000E+00
   6.5656566E-01   0.0000000E+00   0.0000000E+00   0.0000000E+00   0.0000000E+00   0.0000000E+00   0.0000000E+00
   6.6666667E-01   0.0000000E+00   0.0000000E+00   0.0000000E+00   0.0000000E+00   0.0000000E+00   0.0000000E+00
   6.7676768E-01   0.0000000E+00   0.0000000E+00   0.0000000E+00   0.0000000E+00   0.0000000E+00   0.0000000E+00
   6.8686869E-01   0.0000000E+00   0.0000000E+00   0.0000000E+00   0.0000000E+00   0.0000000E+00   0.0000000E+00
   6.9696970E-01   0.0000000E+00   0.0000000E+00   0.0000000E+00   0.0000000E+00   0.0000000E+00   0.0000000E+00
   7.0707071E-01   0.0000000E+00   0.0000000E+00   0.0000000E+00   0.0000000E+00   0.0000000E+00   0.0000000E+00
   7.1717172E-01   0.0000000E+00   0.0000000E+00   0.0000000E+00   0.0000000E+00   0.0000000E+00   0.0000000E+00
   7.2727273E-01   0.0000000E+00   0.0000000E+00   0.0000000E+00   0.0000000E+00   0.0000000E+00   0.0000000E+00
   7.3737374E-01   0.0000000E+00   0.0000000E+00   0.0000000E+00   0.0000000E+00   0.0000000E+00   0.0000000E+00
   7.4747475E-01   0.0000000E+00   0.0000000E+00   0.0000000E+00   0.0000000E+00   0.0000000E+00   0.0000000E+00
   7.5757576E-01   0.0000000E+00   0.0000000E+00   0.0000000E+00   0.0000000E+00   0.0000000E+00   0.0000000E+00
   7.6767677E-01   0.0000000E+00   0.0000000E+00   0.0000000E+00   0.0000000E+00   0.0000000E+00   0.0000000E+00
   7.7777778E-01   0.0000000E+00   0.0000000E+00   0.0000000E+00   0.0000000E+00   0.0000000E+00   0.0000000E+00
   7.8787879E-01   0.0000000E+00   0.0000000E+00   0.0000000E+00   0.0000000E+00   0.0000000E+00   0.0000000E+00
   7.9797980E-01   0.0000000E+00   0.0000000E+00   0.0000000E+00   0.0000000E+00   0.0000000E+00   0.0000000E+00
   8.0808081E-01   0.0000000E+00   0.0000000E+00   0.0000000E+00   0.0000000E+00   0.0000000E+00   0.0000000E+00
   8.1818182E-01   0.0000000E+00   0.0000000E+00   0.0000000E+00   0.0000000E+00   0.0000000E+00   0.0000000E+00
   8.2828283E-01   0.0000000E+00   0.0000000E+00   0.0000000E+00   0.0000000E+00   0.0000000E+00   0.0000000E+00
   8.3838384E-01   0.0000000E+00   0.0000000E+00   0.0000000E+00   0.0000000E+00   0.0000000E+00   0.0000000E+00
   8.4848485E-01   0.0000000E+00   0.0000000E+00   0.0000000E+00   0.0000000E+00   0.0000000E+00   0.0000000E+00
   8.5858586E-01   0.0000000E+00   0.0000000E+00   0.0000000E+00   0.0000000E+00   0.0000000E+00   0.0000000E+00
   8.6868687E-01   0.0000000E+00   0.0000000E+00   0.0000000E+00   0.0000000E+00   0.0000000E+00   0.0000000E+00
   8.7878788E-01   0.0000000E+00   0.0000000E+00   0.0000000E+00   0.0000000E+00   0.0000000E+00   0.0000000E+00
   8.8888889E-01   0.0000000E+00   0.0000000E+00   0.0000000E+00   0.0000000E+00   0.0000000E+00   0.0000000E+00
   8.9898990E-01   0.0000000E+00   0.0000000E+00   0.0000000E+00   0.0000000E+00   0.0000000E+00   0.0000000E+00
   9.0909091E-01   0.0000000E+00   0.0000000E+00   0.0000000E+00   0.0000000E+00   0.0000000E+00   0.0000000E+00
   9.1919192E-01   0.0000000E+00   0.0000000E+00   0.0000000E+00   0.0000000E+00   0.0000000E+00   0.0000000E+00
   9.2929293E-01   0.0000000E+00   0.0000000E+00   0.0000000E+00   0.0000000E+00   0.0000000E+00   0.0000000E+00
   9.3939394E-01   0.0000000E+00   0.0000000E+00   0.0000000E+00   0.0000000E+00   0.0000000E+00   0.0000000E+00
   9.4949495E-01   0.0000000E+00   0.0000000E+00   0.0000000E+00   0.0000000E+00   0.0000000E+00   0.0000000E+00
   9.5959596E-01   0.0000000E+00   0.0000000E+00   0.0000000E+00   0.0000000E+00   0.0000000E+00   0.0000000E+00
   9.6969697E-01   0.0000000E+00   0.0000000E+00   0.0000000E+00   0.0000000E+00   0.0000000E+00   0.0000000E+00
   9.7979798E-01   0.0000000E+00   0.0000000E+00   0.0000000E+00   0.0000000E+00   0.0000000E+00   0.0000000E+00
   9.8989899E-01   0.0000000E+00   0.0000000E+00   0.0000000E+00   0.0000000E+00   0.0000000E+00   0.0000000E+00
   1.0000000E+00   0.0000000E+00   0.0000000E+00   0.0000000E+00   0.0000000E+00   0.0000000E+00   0.0000000E+00
