   0.0000000E+00   4.6596664E+07   2.1663580E+07   6.8260244E+07   7.3084318E-03   2.4183227E-03   4.8053725E-03
   1.0101010E-02   4.6512430E+07   2.2817889E+07   6.9328760E+07   1.2676141E-03   1.1408088E-03   8.0209699E-04
   2.0202020E-02   4.7965456E+07   2.3853648E+07   7.1818324E+07   1.6908349E-03   7.1416295E-04   1.2114341E-03
   3.0303030E-02   4.5393478E+07   2.2481996E+07   6.7872874E+07   5.3343700E-04   4.1106170E-04   4.7943844E-04
   4.0404040E-02   3.8619840E+07   1.9152177E+07   5.7767727E+07   1.0893087E-03   7.2655019E-04   6.0057650E-04
   5.0505051E-02   3.0196734E+07   1.4995727E+07   4.5187470E+07   1.1992831E-03   3.5073424E-04   8.2924112E-04
   6.0606061E-02   2.1840886E+07   1.0905884E+07   3.2745990E+07   7.1116745E-05   8.7772943E-04   2.4657788E-04
   7.0707071E-02   1.4803684E+07   7.4713680E+06   2.2274829E+07   1.9040139E-03   1.2231448E-03   1.5012213E-03
   8.0808081E-02   1.0045027E+07   5.0764267E+06   1.5121063E+07   3.1947523E-04   3.0554237E-04   2.5789690E-04
   9.0909091E-02   6.8149319E+06   3.4610217E+06   1.0275607E+07   3.9702627E-03   5.7054928E-04   2.4450813E-03
   1.0101010E-01   4.2483266E+06   2.1652661E+06   6.4135927E+06   6.1799083E-03   1.2148549E-03   4.4578987E-03
   1.1111111E-01   2.1661028E+06   1.1259480E+06   3.2920508E+06   9.8424719E-03   2.8287763E-03   7.3023392E-03
   1.2121212E-01   4.8252214E+05   2.3619147E+05   7.1871360E+05   3.9500377E-02   1.5004185E-02   3.1386389E-02
   1.3131313E-01   2.7477844E+04   1.3918908E+04   4.1396752E+04   1.3559606E-01   3.2638066E-02   1.0096509E-01
   1.4141414E-01   2.1838286E+04   8.4679070E+03   3.0306193E+04   1.3228792E-01   5.4407352E-02   1.0986704E-01
   1.5151515E-01   1.4662849E+04   6.1355185E+03   2.0798368E+04   1.6209459E-01   7.2987335E-02   1.3580769E-01
   1.6161616E-01   1.0821651E+04   4.1921710E+03   1.5013822E+04   1.8120302E-01   5.8602821E-02   1.4596094E-01
   1.7171717E-01   7.0653279E+03   3.3950277E+03   1.0460356E+04   1.8918042E-01   7.6960575E-02   1.5269942E-01
   1.8181818E-01   6.7594696E+03   2.1664967E+03   8.9259663E+03   1.8263425E-01   1.5441180E-01   1.7556506E-01
   1.9191919E-01   4.0228422E+03   2.4629646E+03   6.4858069E+03   2.2282188E-01   2.5515684E-02   1.4784665E-01
   2.0202020E-01   3.0417613E+03   1.6378715E+03   4.6796328E+03   2.4204409E-01   5.5823172E-02   1.7595003E-01
   2.1212121E-01   2.9711954E+03   1.1884782E+03   4.1596736E+03   1.8956750E-01   8.3471811E-02   1.5898444E-01
   2.2222222E-01   2.8361411E+03   9.2174585E+02   3.7578869E+03   2.1414343E-01   6.6967800E-06   1.6161920E-01
   2.3232323E-01   1.4242361E+03   5.4256612E+02   1.9668022E+03   2.2321029E-01   5.0587468E-02   1.7549159E-01
   2.4242424E-01   1.5598776E+03   1.2998980E+02   1.6898674E+03   2.5347149E-01   1.0764319E-01   2.4223309E-01
   2.5252525E-01   1.1855070E+03   6.8634614E+02   1.8718531E+03   2.6967672E-01   6.2331226E-02   1.9365004E-01
   2.6262626E-01   7.7993880E+02   6.5994821E+02   1.4398870E+03   2.4654886E-01   1.1136690E-01   1.8077734E-01
   2.7272727E-01   9.8214515E+02   4.0441271E+02   1.3865579E+03   2.4781658E-01   1.0202677E-02   1.7390821E-01
   2.8282828E-01   6.6851897E+02   4.4567931E+02   1.1141983E+03   2.7494121E-01   6.5788690E-05   1.6494256E-01
   2.9292929E-01   4.3031106E+02   1.0757777E+02   5.3788883E+02   2.7340332E-01   1.0002591E-05   2.1872464E-01
   3.0303030E-01   6.7594696E+02   2.5997960E+02   9.3592656E+02   1.5822957E-01   1.4321902E-01   1.5390590E-01
   3.1313131E-01   5.5350495E+02   3.5223043E+02   9.0573538E+02   2.3618522E-01   8.7042717E-02   1.7750869E-01
   3.2323232E-01   6.3370027E+02   0.0000000E+00   6.3370027E+02   2.1820699E-01   0.0000000E+00   2.1820699E-01
   3.3333333E-01   2.8361411E+02   1.4180705E+02   4.2542116E+02   2.0066187E-01   1.5649144E-05   1.3377045E-01
   3.4343434E-01   1.8351501E+02   2.7527252E+02   4.5878753E+02   6.0392530E-02   9.0170491E-02   7.0096048E-02
   3.5353535E-01   4.4567931E+02   1.7827173E+02   6.2395104E+02   2.9039010E-01   1.0099949E-05   2.0742030E-01
   3.6363636E-01   2.1664967E+02   4.3329933E+01   2.5997960E+02   3.4369938E-01   8.7673560E-07   2.8641600E-01
   3.7373737E-01   2.5295312E+02   1.2647656E+02   3.7942969E+02   2.5639663E-01   2.4605969E-01   2.4260505E-01
   3.8383838E-01   2.8734587E+02   4.1049410E+01   3.2839528E+02   2.8725247E-01   3.0384327E-06   2.5134623E-01
   3.9393939E-01   1.1999058E+02   3.9996861E+01   1.5998745E+02   2.8269814E-01   2.1641206E-06   2.1202311E-01
   4.0404040E-01   1.1699082E+02   3.8996940E+01   1.5598776E+02   3.3559980E-01   3.3228131E-05   2.5170759E-01
   4.1414141E-01   1.9022898E+02   0.0000000E+00   1.9022898E+02   3.1827030E-01   0.0000000E+00   3.1827030E-01
   4.2424242E-01   7.4279886E+01   1.1141983E+02   1.8569971E+02   3.2818177E-01   1.4223176E-01   1.8462404E-01
   4.3434343E-01   3.6276223E+01   3.6276223E+01   7.2552446E+01   3.1642155E-05   3.6860654E-01   1.8428789E-01
   4.4444444E-01   3.5451764E+01   0.0000000E+00   3.5451764E+01   3.0691541E-01   0.0000000E+00   3.0691541E-01
   4.5454545E-01   6.9327893E+01   3.4663947E+01   1.0399184E+02   3.2277193E-01   3.9314028E-01   3.4435810E-01
   4.6464646E-01   6.7820765E+01   3.3910383E+01   1.0173115E+02   4.5259809E-01   1.9838058E-03   3.0228624E-01
   4.7474747E-01   1.9913331E+02   3.3188885E+01   2.3232220E+02   1.4404113E-01   4.6140790E-07   1.2346389E-01
   4.8484848E-01   3.2497450E+01   0.0000000E+00   3.2497450E+01   3.4987606E-01   0.0000000E+00   3.4987606E-01
   4.9494949E-01   1.2733695E+02   3.1834237E+01   1.5917118E+02   2.5757745E-01   3.3025154E-06   2.0606261E-01
   5.0505051E-01   3.1197552E+01   0.0000000E+00   3.1197552E+01   3.5512304E-01   0.0000000E+00   3.5512304E-01
   5.1515152E-01   6.1171670E+01   0.0000000E+00   6.1171670E+01   4.2785496E-01   0.0000000E+00   4.2785496E-01
   5.2525253E-01   0.0000000E+00   2.9997646E+01   2.9997646E+01   0.0000000E+00   5.0096509E-01   5.0096509E-01
   5.3535354E-01   5.8863306E+01   2.9431653E+01   8.8294958E+01   1.8055648E-01   2.7887981E-05   1.2038016E-01
   5.4545455E-01   8.6659867E+01   0.0000000E+00   8.6659867E+01   3.3938436E-01   0.0000000E+00   3.3938436E-01
   5.5555556E-01   8.5084233E+01   0.0000000E+00   8.5084233E+01   2.4670428E-01   0.0000000E+00   2.4670428E-01
   5.6565657E-01   5.5709914E+01   0.0000000E+00   5.5709914E+01   9.5319231E-02   0.0000000E+00   9.5319231E-02
   5.7575758E-01   5.4732547E+01   2.7366274E+01   8.2098821E+01   3.5740901E-01   6.5015141E-06   2.3827051E-01
   5.8585859E-01   2.6894441E+01   2.6894441E+01   5.3788883E+01   3.9881861E-01   2.6404381E-01   3.1460799E-01
   5.9595960E-01   2.6438603E+01   0.0000000E+00   2.6438603E+01   3.4865346E-01   0.0000000E+00   3.4865346E-01
   6.0606061E-01   5.1995920E+01   0.0000000E+00   5.1995920E+01   3.9991035E-01   0.0000000E+00   3.9991035E-01
   6.1616162E-01   2.5571764E+01   0.0000000E+00   2.5571764E+01   3.4260941E-01   0.0000000E+00   3.4260941E-01
   6.2626263E-01   2.5159316E+01   2.5159316E+01   5.0318632E+01   4.9860756E-01   2.0953052E-05   2.4931426E-01
   6.3636364E-01   0.0000000E+00   0.0000000E+00   0.0000000E+00   0.0000000E+00   0.0000000E+00   0.0000000E+00
   6.4646465E-01   2.4373087E+01   0.0000000E+00   2.4373087E+01   5.0488723E-01   0.0000000E+00   5.0488723E-01
   6.5656566E-01   4.7996234E+01   0.0000000E+00   4.7996234E+01   3.3962275E-01   0.0000000E+00   3.3962275E-01
   6.6666667E-01   2.3634509E+01   2.3634509E+01   4.7269018E+01   3.8709579E-01   2.3784983E-01   3.1069414E-01
   6.7676768E-01   2.3281755E+01   2.3281755E+01   4.6563510E+01   2.5581866E-01   1.1689412E-05   1.2790451E-01
   6.8686869E-01   2.2939376E+01   0.0000000E+00   2.2939376E+01   3.8919802E-01   0.0000000E+00   3.8919802E-01
   6.9696970E-01   0.0000000E+00   2.2606922E+01   2.2606922E+01   0.0000000E+00   3.5931393E-01   3.5931393E-01
   7.0707071E-01   0.0000000E+00   0.0000000E+00   0.0000000E+00   0.0000000E+00   0.0000000E+00   0.0000000E+00
   7.1717172E-01   0.0000000E+00   0.0000000E+00   0.0000000E+00   0.0000000E+00   0.0000000E+00   0.0000000E+00
   7.2727273E-01   0.0000000E+00   2.1664967E+01   2.1664967E+01   0.0000000E+00   1.2096977E-05   1.2096977E-05
   7.3737374E-01   2.1368186E+01   0.0000000E+00   2.1368186E+01   3.6700477E-01   0.0000000E+00   3.6700477E-01
   7.4747475E-01   2.1079427E+01   2.1079427E+01   4.2158854E+01   3.8789384E-01   4.3726981E-07   1.9394714E-01
   7.5757576E-01   0.0000000E+00   0.0000000E+00   0.0000000E+00   0.0000000E+00   0.0000000E+00   0.0000000E+00
   7.6767677E-01   2.0524705E+01   0.0000000E+00   2.0524705E+01   9.2575405E-07   0.0000000E+00   9.2575405E-07
   7.7777778E-01   0.0000000E+00   0.0000000E+00   0.0000000E+00   0.0000000E+00   0.0000000E+00   0.0000000E+00
   7.8787879E-01   1.9998431E+01   0.0000000E+00   1.9998431E+01   5.0137297E-01   0.0000000E+00   5.0137297E-01
   7.9797980E-01   0.0000000E+00   0.0000000E+00   0.0000000E+00   0.0000000E+00   0.0000000E+00   0.0000000E+00
   8.0808081E-01   1.9498470E+01   0.0000000E+00   1.9498470E+01   4.0695290E-01   0.0000000E+00   4.0695290E-01
   8.1818182E-01   0.0000000E+00   1.9257748E+01   1.9257748E+01   0.0000000E+00   3.7372515E-01   3.7372515E-01
   8.2828283E-01   0.0000000E+00   0.0000000E+00   0.0000000E+00   0.0000000E+00   0.0000000E+00   0.0000000E+00
   8.3838384E-01   0.0000000E+00   0.0000000E+00   0.0000000E+00   0.0000000E+00   0.0000000E+00   0.0000000E+00
   8.4848485E-01   0.0000000E+00   0.0000000E+00   0.0000000E+00   0.0000000E+00   0.0000000E+00   0.0000000E+00
   8.5858586E-01   0.0000000E+00   0.0000000E+00   0.0000000E+00   0.0000000E+00   0.0000000E+00   0.0000000E+00
   8.6868687E-01   0.0000000E+00   0.0000000E+00   0.0000000E+00   0.0000000E+00   0.0000000E+00   0.0000000E+00
   8.7878788E-01   0.0000000E+00   0.0000000E+00   0.0000000E+00   0.0000000E+00   0.0000000E+00   0.0000000E+00
   8.8888889E-01   1.7725882E+01   0.0000000E+00   1.7725882E+01   4.3630608E-01   0.0000000E+00   4.3630608E-01
   8.9898990E-01   0.0000000E+00   0.0000000E+00   0.0000000E+00   0.0000000E+00   0.0000000E+00   0.0000000E+00
   9.0909091E-01   0.0000000E+00   0.0000000E+00   0.0000000E+00   0.0000000E+00   0.0000000E+00   0.0000000E+00
   9.1919192E-01   0.0000000E+00   0.0000000E+00   0.0000000E+00   0.0000000E+00   0.0000000E+00   0.0000000E+00
   9.2929293E-01   1.6955191E+01   0.0000000E+00   1.6955191E+01   4.9419609E-01   0.0000000E+00   4.9419609E-01
   9.3939394E-01   0.0000000E+00   0.0000000E+00   0.0000000E+00   0.0000000E+00   0.0000000E+00   0.0000000E+00
   9.4949495E-01   0.0000000E+00   0.0000000E+00   0.0000000E+00   0.0000000E+00   0.0000000E+00   0.0000000E+00
   9.5959596E-01   0.0000000E+00   0.0000000E+00   0.0000000E+00   0.0000000E+00   0.0000000E+00   0.0000000E+00
   9.6969697E-01   0.0000000E+00   0.0000000E+00   0.0000000E+00   0.0000000E+00   0.0000000E+00   0.0000000E+00
   9.7979798E-01   0.0000000E+00   0.0000000E+00   0.0000000E+00   0.0000000E+00   0.0000000E+00   0.0000000E+00
   9.8989899E-01   0.0000000E+00   0.0000000E+00   0.0000000E+00   0.0000000E+00   0.0000000E+00   0.0000000E+00
   1.0000000E+00   0.0000000E+00   0.0000000E+00   0.0000000E+00   0.0000000E+00   0.0000000E+00   0.0000000E+00
