   0.0000000E+00   4.5298845E+07   2.4309132E+07   6.9607978E+07   3.3819036E-03   1.4350461E-03   2.5504946E-03
   1.0101010E-02   4.6654379E+07   2.5319933E+07   7.1971192E+07   6.6534571E-04   5.6443656E-04   6.1573193E-04
   2.0202020E-02   4.7218275E+07   2.5935305E+07   7.3152020E+07   1.3589727E-03   2.3670432E-04   9.6040770E-04
   3.0303030E-02   4.4028065E+07   2.3910844E+07   6.7935789E+07   1.6394305E-04   2.0957925E-04   9.7143335E-05
   4.0404040E-02   3.7602409E+07   1.9833454E+07   5.7431963E+07   3.1350478E-04   4.1937833E-04   8.3918852E-05
   5.0505051E-02   2.9762465E+07   1.5087760E+07   4.4845545E+07   4.2057427E-04   4.0061662E-04   1.5958571E-04
   6.0606061E-02   2.1834907E+07   1.0614707E+07   3.2449354E+07   1.0934904E-03   3.4031545E-04   7.3490476E-04
   7.0707071E-02   1.5132373E+07   7.0655770E+06   2.2197727E+07   9.4142228E-04   9.5047926E-04   3.9558380E-04
   8.0808081E-02   1.0345888E+07   4.7453426E+06   1.5090841E+07   1.6302989E-03   7.2445942E-04   1.2744521E-03
   9.0909091E-02   7.0199691E+06   3.1800705E+06   1.0200040E+07   2.7713370E-03   1.1314201E-03   2.2259822E-03
   1.0101010E-01   4.4640577E+06   1.9861921E+06   6.4502499E+06   5.2136671E-03   1.6172772E-03   4.1062479E-03
   1.1111111E-01   2.2496271E+06   1.0178910E+06   3.2675181E+06   1.1281416E-02   2.5501299E-03   8.5204005E-03
   1.2121212E-01   5.0059072E+05   2.2137263E+05   7.2196335E+05   4.0824424E-02   6.9312783E-03   3.0405813E-02
   1.3131313E-01   3.0117637E+04   1.1639087E+04   4.1756723E+04   1.1245540E-01   4.7129669E-02   9.2269971E-02
   1.4141414E-01   2.3621004E+04   8.6907466E+03   3.2311750E+04   1.4530427E-01   5.7565361E-02   1.2137554E-01
   1.5151515E-01   1.7990588E+04   5.3035838E+03   2.3294172E+04   1.4088135E-01   3.4267725E-02   1.1653878E-01
   1.6161616E-01   1.1211620E+04   3.7047093E+03   1.4916330E+04   1.7589005E-01   4.4589792E-02   1.3958084E-01
   1.7171717E-01   8.4416905E+03   3.0279977E+03   1.1469688E+04   1.7341939E-01   3.3702974E-02   1.3610858E-01
   1.8181818E-01   7.4527485E+03   1.6465375E+03   9.0992860E+03   1.7426989E-01   3.2039334E-02   1.4639716E-01
   1.9191919E-01   4.9259293E+03   1.9703717E+03   6.8963010E+03   2.1911950E-01   4.0230083E-02   1.6753101E-01
   2.0202020E-01   4.4456512E+03   1.4038898E+03   5.8495410E+03   1.9737472E-01   1.1896358E-01   1.7739878E-01
   2.1212121E-01   3.0454753E+03   1.1141983E+03   4.1596736E+03   2.0612245E-01   1.8501394E-02   1.5536362E-01
   2.2222222E-01   2.9779481E+03   1.0635529E+03   4.0415010E+03   2.3470205E-01   1.0458107E-01   1.9980378E-01
   2.3232323E-01   2.4415475E+03   7.4602842E+02   3.1875760E+03   2.1695418E-01   5.9237874E-02   1.7968267E-01
   2.4242424E-01   2.2748215E+03   3.8996940E+02   2.6647909E+03   2.1594218E-01   5.5325847E-02   1.8874034E-01
   2.5252525E-01   9.3592656E+02   6.8634614E+02   1.6222727E+03   1.9773558E-01   4.3926014E-02   1.3190589E-01
   2.6262626E-01   1.6198729E+03   5.9995292E+02   2.2198258E+03   2.0063633E-01   1.0801816E-01   1.7552513E-01
   2.7272727E-01   1.3865579E+03   6.3550569E+02   2.0220636E+03   2.1241126E-01   2.8752996E-02   1.5240125E-01
   2.8282828E-01   1.0584884E+03   3.3425949E+02   1.3927479E+03   2.7106129E-01   7.1352054E-06   2.0600487E-01
   2.9292929E-01   1.0219888E+03   2.6894441E+02   1.2909332E+03   1.9113209E-01   8.2518210E-06   1.5131462E-01
   3.0303030E-01   8.3193472E+02   4.1596736E+02   1.2479021E+03   2.2371948E-01   4.3179939E-02   1.5816878E-01
   3.1313131E-01   9.0573538E+02   2.5159316E+02   1.1573285E+03   1.7244150E-01   7.8647820E-02   1.5205130E-01
   3.2323232E-01   8.7743115E+02   2.9247705E+02   1.1699082E+03   2.4376810E-01   2.5270326E-06   1.8282551E-01
   3.3333333E-01   6.1449724E+02   9.4538036E+01   7.0903527E+02   2.9539013E-01   1.9409797E-01   2.8155189E-01
   3.4343434E-01   4.1290878E+02   9.1757506E+01   5.0466628E+02   1.1621683E-01   1.8117520E-04   9.5054828E-02
   3.5353535E-01   4.0111138E+02   1.7827173E+02   5.7938311E+02   3.0691255E-01   1.0423304E-01   2.4450230E-01
   3.6363636E-01   2.5997960E+02   1.7331973E+02   4.3329933E+02   9.4419486E-02   7.4726231E-02   8.6515579E-02
   3.7373737E-01   2.9511198E+02   2.1079427E+02   5.0590625E+02   2.5202386E-01   1.5199697E-01   2.1013218E-01
   3.8383838E-01   2.4629646E+02   0.0000000E+00   2.4629646E+02   2.2527055E-01   0.0000000E+00   2.2527055E-01
   3.9393939E-01   4.3996548E+02   7.9993723E+01   5.1995920E+02   2.3752397E-01   1.2719134E-01   2.1770528E-01
   4.0404040E-01   2.7297858E+02   3.8996940E+01   3.1197552E+02   2.8512293E-01   1.5997540E-01   2.6354080E-01
   4.1414141E-01   2.2827477E+02   1.1413739E+02   3.4241216E+02   2.1918535E-01   1.0729487E-01   1.7420756E-01
   4.2424242E-01   4.4567931E+02   1.1141983E+02   5.5709914E+02   1.7439322E-01   9.3273630E-06   1.3951278E-01
   4.3434343E-01   2.5393356E+02   1.4510489E+02   3.9903846E+02   1.0890433E-01   3.7120653E-06   6.9304071E-02
   4.4444444E-01   1.0635529E+02   7.0903527E+01   1.7725882E+02   1.3222974E-01   4.7769250E-05   7.9323903E-02
   4.5454545E-01   1.7331973E+02   1.3865579E+02   3.1197552E+02   2.9901592E-01   1.7967554E-01   2.4553138E-01
   4.6464646E-01   1.3564153E+02   1.6955191E+02   3.0519344E+02   2.8329051E-01   4.6210882E-02   1.4722584E-01
   4.7474747E-01   1.6594443E+02   3.3188885E+01   1.9913331E+02   1.9069575E-01   1.6449496E-01   1.3399846E-01
   4.8484848E-01   6.4994900E+01   3.2497450E+01   9.7492350E+01   2.7442606E-01   2.9109444E-01   2.7634692E-01
   4.9494949E-01   1.2733695E+02   6.3668473E+01   1.9100542E+02   1.3266167E-01   1.0696795E-05   8.8438506E-02
   5.0505051E-01   6.2395104E+01   3.1197552E+01   9.3592656E+01   1.7052455E-01   4.1992637E-01   2.5027270E-01
   5.1515152E-01   1.8351501E+02   6.1171670E+01   2.4468668E+02   2.6663613E-01   1.2871893E-01   2.1127277E-01
   5.2525253E-01   8.9992938E+01   8.9992938E+01   1.7998588E+02   2.1208198E-01   3.7241379E-06   1.0604253E-01
   5.3535354E-01   1.1772661E+02   5.8863306E+01   1.7658992E+02   2.5874156E-01   1.5538896E-01   2.2337062E-01
   5.4545455E-01   2.8886622E+01   2.8886622E+01   5.7773244E+01   3.2984726E-06   1.6726761E-05   7.1122765E-06
   5.5555556E-01   1.4180705E+02   2.8361411E+01   1.7016847E+02   2.3536364E-01   4.5551113E-07   1.9613630E-01
   5.6565657E-01   8.3564871E+01   5.5709914E+01   1.3927479E+02   2.3267955E-01   1.9562728E-01   2.1430338E-01
   5.7575758E-01   1.3683137E+02   2.7366274E+01   1.6419764E+02   2.9388699E-01   1.5024964E-05   2.4490343E-01
   5.8585859E-01   2.6894441E+01   0.0000000E+00   2.6894441E+01   2.9705600E-06   0.0000000E+00   2.9705600E-06
   5.9595960E-01   2.1150883E+02   2.6438603E+01   2.3794743E+02   2.8075960E-01   1.2734654E-04   2.4955055E-01
   6.0606061E-01   1.0399184E+02   0.0000000E+00   1.0399184E+02   1.5436432E-01   0.0000000E+00   1.5436432E-01
   6.1616162E-01   7.6715292E+01   0.0000000E+00   7.6715292E+01   3.1833852E-01   0.0000000E+00   3.1833852E-01
   6.2626263E-01   2.5159316E+01   0.0000000E+00   2.5159316E+01   2.4079071E-01   0.0000000E+00   2.4079071E-01
   6.3636364E-01   1.2379981E+02   4.9519924E+01   1.7331973E+02   3.1550682E-01   1.2669220E-05   2.2536559E-01
   6.4646465E-01   4.8746175E+01   0.0000000E+00   4.8746175E+01   1.5678599E-01   0.0000000E+00   1.5678599E-01
   6.5656566E-01   7.1994351E+01   0.0000000E+00   7.1994351E+01   2.8317433E-01   0.0000000E+00   2.8317433E-01
   6.6666667E-01   9.4538036E+01   0.0000000E+00   9.4538036E+01   2.3062826E-01   0.0000000E+00   2.3062826E-01
   6.7676768E-01   4.6563510E+01   6.9845266E+01   1.1640878E+02   3.3308020E-01   5.3472439E-02   1.6531514E-01
   6.8686869E-01   2.2939376E+01   0.0000000E+00   2.2939376E+01   4.7392556E-01   0.0000000E+00   4.7392556E-01
   6.9696970E-01   0.0000000E+00   0.0000000E+00   0.0000000E+00   0.0000000E+00   0.0000000E+00   0.0000000E+00
   7.0707071E-01   8.9135863E+01   2.2283966E+01   1.1141983E+02   1.3737254E-01   1.9550242E-05   1.0989415E-01
   7.1717172E-01   8.7880428E+01   2.1970107E+01   1.0985054E+02   2.3422668E-01   4.2004665E-06   1.8738051E-01
   7.2727273E-01   6.4994900E+01   0.0000000E+00   6.4994900E+01   2.5419368E-01   0.0000000E+00   2.5419368E-01
   7.3737374E-01   6.4104559E+01   2.1368186E+01   8.5472745E+01   2.6360145E-01   8.5538888E-05   1.9768216E-01
   7.4747475E-01   4.2158854E+01   0.0000000E+00   4.2158854E+01   2.2247686E-01   0.0000000E+00   2.2247686E-01
   7.5757576E-01   6.2395104E+01   0.0000000E+00   6.2395104E+01   2.8732913E-01   0.0000000E+00   2.8732913E-01
   7.6767677E-01   6.1574116E+01   2.0524705E+01   8.2098821E+01   3.0882552E-01   3.4067413E-06   2.3161999E-01
   7.7777778E-01   2.0258151E+01   0.0000000E+00   2.0258151E+01   1.5941241E-01   0.0000000E+00   1.5941241E-01
   7.8787879E-01   3.9996861E+01   0.0000000E+00   3.9996861E+01   2.7633953E-01   0.0000000E+00   2.7633953E-01
   7.9797980E-01   0.0000000E+00   0.0000000E+00   0.0000000E+00   0.0000000E+00   0.0000000E+00   0.0000000E+00
   8.0808081E-01   0.0000000E+00   0.0000000E+00   0.0000000E+00   0.0000000E+00   0.0000000E+00   0.0000000E+00
   8.1818182E-01   3.8515496E+01   0.0000000E+00   3.8515496E+01   2.3292335E-01   0.0000000E+00   2.3292335E-01
   8.2828283E-01   3.8045795E+01   1.9022898E+01   5.7068693E+01   2.5156380E-01   2.5246390E-06   1.6770846E-01
   8.3838384E-01   0.0000000E+00   3.7587412E+01   3.7587412E+01   0.0000000E+00   2.1608027E-01   2.1608027E-01
   8.4848485E-01   3.7139943E+01   0.0000000E+00   3.7139943E+01   1.4717872E-01   0.0000000E+00   1.4717872E-01
   8.5858586E-01   1.8351501E+01   5.5054503E+01   7.3406005E+01   5.5536425E-06   2.3929647E-01   1.7947100E-01
   8.6868687E-01   0.0000000E+00   0.0000000E+00   0.0000000E+00   0.0000000E+00   0.0000000E+00   0.0000000E+00
   8.7878788E-01   1.7929628E+01   0.0000000E+00   1.7929628E+01   4.3418742E-01   0.0000000E+00   4.3418742E-01
   8.8888889E-01   3.5451764E+01   1.7725882E+01   5.3177645E+01   2.4450518E-01   1.9167287E-04   1.6294159E-01
   8.9898990E-01   1.7526715E+01   0.0000000E+00   1.7526715E+01   5.1660800E-01   0.0000000E+00   5.1660800E-01
   9.0909091E-01   0.0000000E+00   0.0000000E+00   0.0000000E+00   0.0000000E+00   0.0000000E+00   0.0000000E+00
   9.1919192E-01   0.0000000E+00   0.0000000E+00   0.0000000E+00   0.0000000E+00   0.0000000E+00   0.0000000E+00
   9.2929293E-01   1.6955191E+01   0.0000000E+00   1.6955191E+01   3.0725581E-01   0.0000000E+00   3.0725581E-01
   9.3939394E-01   3.3545755E+01   0.0000000E+00   3.3545755E+01   2.1477854E-01   0.0000000E+00   2.1477854E-01
   9.4949495E-01   1.6594443E+01   0.0000000E+00   1.6594443E+01   1.0898209E-05   0.0000000E+00   1.0898209E-05
   9.5959596E-01   0.0000000E+00   1.6419764E+01   1.6419764E+01   0.0000000E+00   4.8173921E-01   4.8173921E-01
   9.6969697E-01   1.6248725E+01   0.0000000E+00   1.6248725E+01   7.4961942E-06   0.0000000E+00   7.4961942E-06
   9.7979798E-01   0.0000000E+00   0.0000000E+00   0.0000000E+00   0.0000000E+00   0.0000000E+00   0.0000000E+00
   9.8989899E-01   0.0000000E+00   0.0000000E+00   0.0000000E+00   0.0000000E+00   0.0000000E+00   0.0000000E+00
   1.0000000E+00   0.0000000E+00   0.0000000E+00   0.0000000E+00   0.0000000E+00   0.0000000E+00   0.0000000E+00
