   0.0000000E+00   4.5698174E+07   2.2724297E+07   6.8422471E+07   2.0094878E-03   1.0553126E-03   1.3366956E-03
   1.0101010E-02   4.6679337E+07   2.3541673E+07   7.0219450E+07   1.0334021E-03   1.0940071E-03   9.4198481E-04
   2.0202020E-02   4.7990414E+07   2.3948021E+07   7.1939215E+07   4.5259496E-04   7.0011771E-04   5.2575088E-04
   3.0303030E-02   4.5342522E+07   2.2407642E+07   6.7749124E+07   1.0148642E-03   1.2052749E-04   6.9982273E-04
   4.0404040E-02   3.8733321E+07   1.9256299E+07   5.7988450E+07   1.2625265E-03   5.3340681E-04   7.6371078E-04
   5.0505051E-02   3.0257882E+07   1.4963282E+07   4.5218356E+07   1.8313700E-04   6.9742060E-04   3.4913472E-04
   6.0606061E-02   2.1693478E+07   1.0965420E+07   3.2658117E+07   1.2650029E-03   8.8052910E-04   1.1186602E-03
   7.0707071E-02   1.4797890E+07   7.4455186E+06   2.2242740E+07   2.8050079E-04   1.0144222E-03   5.0630971E-04
   8.0808081E-02   1.0046392E+07   5.0405495E+06   1.5086746E+07   2.6670891E-03   6.5295922E-04   1.9157889E-03
   9.0909091E-02   6.7343382E+06   3.4130122E+06   1.0147004E+07   2.3804515E-03   1.7110616E-03   2.1508142E-03
   1.0101010E-01   4.3007385E+06   2.1841406E+06   6.4848791E+06   4.1078555E-03   1.8511850E-03   3.3354808E-03
   1.1111111E-01   2.1475260E+06   1.1117673E+06   3.2594351E+06   1.2556295E-02   2.8322389E-03   9.1388619E-03
   1.2121212E-01   4.9266134E+05   2.3567151E+05   7.2833285E+05   3.9820725E-02   1.3356090E-02   3.1257146E-02
   1.3131313E-01   3.0117637E+04   1.2958983E+04   4.3076620E+04   1.1740118E-01   4.3259726E-02   9.4184999E-02
   1.4141414E-01   1.8941371E+04   9.2478458E+03   2.8189217E+04   1.2988755E-01   6.5684950E-02   1.0881219E-01
   1.5151515E-01   1.5910751E+04   6.3435022E+03   2.2254254E+04   1.7816747E-01   5.7297888E-02   1.4296410E-01
   1.6161616E-01   9.7492350E+03   5.0696022E+03   1.4818837E+04   1.5310908E-01   7.4381230E-02   1.2611871E-01
   1.7171717E-01   6.3312679E+03   2.7527252E+03   9.0839931E+03   1.9765274E-01   3.5021685E-02   1.4817369E-01
   1.8181818E-01   7.1927689E+03   2.1664967E+03   9.3592656E+03   1.6774214E-01   6.5614066E-02   1.4121128E-01
   1.9191919E-01   3.8586446E+03   1.6419764E+03   5.5006210E+03   2.0615797E-01   6.4465129E-02   1.6044837E-01
   2.0202020E-01   3.1977491E+03   1.7158654E+03   4.9136144E+03   2.1676492E-01   7.2500617E-02   1.6478166E-01
   2.1212121E-01   3.1940351E+03   1.0399184E+03   4.2339535E+03   2.2906985E-01   2.9835217E-02   1.7891252E-01
   2.2222222E-01   2.4107199E+03   1.2053600E+03   3.6160799E+03   2.0202665E-01   7.1769645E-02   1.5725984E-01
   2.3232323E-01   1.6955191E+03   8.8166995E+02   2.5771891E+03   2.5838196E-01   2.6083037E-02   1.7802143E-01
   2.4242424E-01   1.0399184E+03   6.4994900E+02   1.6898674E+03   1.9753695E-01   8.9542476E-02   1.5500558E-01
   2.5252525E-01   1.3102972E+03   5.6155594E+02   1.8718531E+03   2.7291563E-01   6.6208267E-02   2.0911662E-01
   2.6262626E-01   1.2599011E+03   5.9995292E+02   1.8598541E+03   2.5138517E-01   2.8276627E-02   1.7720069E-01
   2.7272727E-01   1.0976916E+03   5.1995920E+02   1.6176508E+03   2.1319991E-01   1.3531749E-01   1.8813579E-01
   2.8282828E-01   1.1141983E+03   2.7854957E+02   1.3927479E+03   2.6561892E-01   9.1499134E-02   2.3035665E-01
   2.9292929E-01   4.8409994E+02   1.0757777E+02   5.9167771E+02   1.9680177E-01   1.9622827E-06   1.6101937E-01
   3.0303030E-01   3.6397144E+02   2.5997960E+02   6.2395104E+02   3.7707421E-01   1.4455161E-01   2.7716700E-01
   3.1313131E-01   2.0127453E+02   5.0318632E+01   2.5159316E+02   1.8510931E-01   3.8436480E-01   2.2376118E-01
   3.2323232E-01   4.3871557E+02   1.4623852E+02   5.8495410E+02   2.4579543E-01   8.6099370E-02   1.9771821E-01
   3.3333333E-01   3.3088313E+02   9.4538036E+01   4.2542116E+02   2.9543405E-01   6.3280710E-06   2.2978286E-01
   3.4343434E-01   3.6703002E+02   9.1757506E+01   4.5878753E+02   1.6204115E-01   6.2460741E-06   1.2963167E-01
   3.5353535E-01   1.7827173E+02   0.0000000E+00   1.7827173E+02   2.5198438E-01   0.0000000E+00   2.5198438E-01
   3.6363636E-01   2.1664967E+02   4.3329933E+01   2.5997960E+02   2.3783756E-01   5.3474605E-06   1.9819722E-01
   3.7373737E-01   8.4317708E+01   0.0000000E+00   8.4317708E+01   1.6640095E-01   0.0000000E+00   1.6640095E-01
   3.8383838E-01   1.2314823E+02   4.1049410E+01   1.6419764E+02   2.8693922E-01   3.1965191E-07   2.1520433E-01
   3.9393939E-01   7.9993723E+01   7.9993723E+01   1.5998745E+02   3.4286822E-01   1.2055357E-06   1.7143353E-01
   4.0404040E-01   3.8996940E+01   1.1699082E+02   1.5598776E+02   3.0804080E-01   1.8760805E-01   2.1758992E-01
   4.1414141E-01   1.1413739E+02   1.1413739E+02   2.2827477E+02   6.4132178E-02   8.7606001E-02   7.0785663E-02
   4.2424242E-01   3.7139943E+01   3.7139943E+01   7.4279886E+01   4.2581798E-01   2.8507932E-05   2.1292261E-01
   4.3434343E-01   7.2552446E+01   3.6276223E+01   1.0882867E+02   3.3436035E-01   2.0351255E-05   2.2291334E-01
   4.4444444E-01   1.4180705E+02   0.0000000E+00   1.4180705E+02   2.8606698E-01   0.0000000E+00   2.8606698E-01
   4.5454545E-01   6.9327893E+01   0.0000000E+00   6.9327893E+01   3.9213129E-01   0.0000000E+00   3.9213129E-01
   4.6464646E-01   1.3564153E+02   6.7820765E+01   2.0346230E+02   3.1592203E-01   2.5623626E-07   2.1061477E-01
   4.7474747E-01   3.3188885E+01   3.3188885E+01   6.6377770E+01   4.7367381E-01   7.5728556E-06   2.3683312E-01
   4.8484848E-01   0.0000000E+00   0.0000000E+00   0.0000000E+00   0.0000000E+00   0.0000000E+00   0.0000000E+00
   4.9494949E-01   3.1834237E+01   0.0000000E+00   3.1834237E+01   4.0513404E-01   0.0000000E+00   4.0513404E-01
   5.0505051E-01   9.3592656E+01   0.0000000E+00   9.3592656E+01   1.3879631E-01   0.0000000E+00   1.3879631E-01
   5.1515152E-01   3.0585835E+01   0.0000000E+00   3.0585835E+01   2.0422852E-01   0.0000000E+00   2.0422852E-01
   5.2525253E-01   8.9992938E+01   2.9997646E+01   1.1999058E+02   2.7913932E-01   1.0546604E-05   2.0935195E-01
   5.3535354E-01   5.8863306E+01   0.0000000E+00   5.8863306E+01   3.2320857E-01   0.0000000E+00   3.2320857E-01
   5.4545455E-01   5.7773244E+01   5.7773244E+01   1.1554649E+02   3.1099179E-01   1.3181525E-01   2.1754812E-01
   5.5555556E-01   2.8361411E+01   5.6722822E+01   8.5084233E+01   1.2268154E-05   1.2173932E-06   4.8153980E-06
   5.6565657E-01   0.0000000E+00   2.7854957E+01   2.7854957E+01   0.0000000E+00   4.9444379E-06   4.9444379E-06
   5.7575758E-01   0.0000000E+00   2.7366274E+01   2.7366274E+01   0.0000000E+00   3.1411882E-05   3.1411882E-05
   5.8585859E-01   0.0000000E+00   0.0000000E+00   0.0000000E+00   0.0000000E+00   0.0000000E+00   0.0000000E+00
   5.9595960E-01   0.0000000E+00   0.0000000E+00   0.0000000E+00   0.0000000E+00   0.0000000E+00   0.0000000E+00
   6.0606061E-01   2.5997960E+01   0.0000000E+00   2.5997960E+01   2.4087241E-01   0.0000000E+00   2.4087241E-01
   6.1616162E-01   5.1143528E+01   0.0000000E+00   5.1143528E+01   3.0872897E-01   0.0000000E+00   3.0872897E-01
   6.2626263E-01   0.0000000E+00   2.5159316E+01   2.5159316E+01   0.0000000E+00   1.1339878E-05   1.1339878E-05
   6.3636364E-01   2.4759962E+01   0.0000000E+00   2.4759962E+01   4.2859996E-01   0.0000000E+00   4.2859996E-01
   6.4646465E-01   2.4373087E+01   0.0000000E+00   2.4373087E+01   2.2611552E-01   0.0000000E+00   2.2611552E-01
   6.5656566E-01   0.0000000E+00   0.0000000E+00   0.0000000E+00   0.0000000E+00   0.0000000E+00   0.0000000E+00
   6.6666667E-01   0.0000000E+00   4.7269018E+01   4.7269018E+01   0.0000000E+00   6.8347920E-06   6.8347920E-06
   6.7676768E-01   0.0000000E+00   0.0000000E+00   0.0000000E+00   0.0000000E+00   0.0000000E+00   0.0000000E+00
   6.8686869E-01   0.0000000E+00   4.5878753E+01   4.5878753E+01   0.0000000E+00   1.3171842E-01   1.3171842E-01
   6.9696970E-01   4.5213843E+01   0.0000000E+00   4.5213843E+01   4.0314326E-01   0.0000000E+00   4.0314326E-01
   7.0707071E-01   0.0000000E+00   0.0000000E+00   0.0000000E+00   0.0000000E+00   0.0000000E+00   0.0000000E+00
   7.1717172E-01   0.0000000E+00   2.1970107E+01   2.1970107E+01   0.0000000E+00   7.5840409E-06   7.5840409E-06
   7.2727273E-01   2.1664967E+01   0.0000000E+00   2.1664967E+01   2.8819472E-01   0.0000000E+00   2.8819472E-01
   7.3737374E-01   2.1368186E+01   0.0000000E+00   2.1368186E+01   4.7289606E-01   0.0000000E+00   4.7289606E-01
   7.4747475E-01   0.0000000E+00   0.0000000E+00   0.0000000E+00   0.0000000E+00   0.0000000E+00   0.0000000E+00
   7.5757576E-01   2.0798368E+01   0.0000000E+00   2.0798368E+01   3.4406213E-01   0.0000000E+00   3.4406213E-01
   7.6767677E-01   0.0000000E+00   0.0000000E+00   0.0000000E+00   0.0000000E+00   0.0000000E+00   0.0000000E+00
   7.7777778E-01   0.0000000E+00   0.0000000E+00   0.0000000E+00   0.0000000E+00   0.0000000E+00   0.0000000E+00
   7.8787879E-01   0.0000000E+00   0.0000000E+00   0.0000000E+00   0.0000000E+00   0.0000000E+00   0.0000000E+00
   7.9797980E-01   1.9745286E+01   0.0000000E+00   1.9745286E+01   2.4277373E-01   0.0000000E+00   2.4277373E-01
   8.0808081E-01   0.0000000E+00   0.0000000E+00   0.0000000E+00   0.0000000E+00   0.0000000E+00   0.0000000E+00
   8.1818182E-01   0.0000000E+00   0.0000000E+00   0.0000000E+00   0.0000000E+00   0.0000000E+00   0.0000000E+00
   8.2828283E-01   1.9022898E+01   0.0000000E+00   1.9022898E+01   9.6253100E-06   0.0000000E+00   9.6253100E-06
   8.3838384E-01   1.8793706E+01   0.0000000E+00   1.8793706E+01   5.0796815E-01   0.0000000E+00   5.0796815E-01
   8.4848485E-01   0.0000000E+00   0.0000000E+00   0.0000000E+00   0.0000000E+00   0.0000000E+00   0.0000000E+00
   8.5858586E-01   0.0000000E+00   0.0000000E+00   0.0000000E+00   0.0000000E+00   0.0000000E+00   0.0000000E+00
   8.6868687E-01   1.8138112E+01   0.0000000E+00   1.8138112E+01   4.6708536E-06   0.0000000E+00   4.6708536E-06
   8.7878788E-01   0.0000000E+00   0.0000000E+00   0.0000000E+00   0.0000000E+00   0.0000000E+00   0.0000000E+00
   8.8888889E-01   1.7725882E+01   0.0000000E+00   1.7725882E+01   4.0637970E-01   0.0000000E+00   4.0637970E-01
   8.9898990E-01   0.0000000E+00   0.0000000E+00   0.0000000E+00   0.0000000E+00   0.0000000E+00   0.0000000E+00
   9.0909091E-01   1.7331973E+01   1.7331973E+01   3.4663947E+01   3.7553950E-01   6.7229446E-06   1.8777293E-01
   9.1919192E-01   0.0000000E+00   0.0000000E+00   0.0000000E+00   0.0000000E+00   0.0000000E+00   0.0000000E+00
   9.2929293E-01   0.0000000E+00   0.0000000E+00   0.0000000E+00   0.0000000E+00   0.0000000E+00   0.0000000E+00
   9.3939394E-01   0.0000000E+00   0.0000000E+00   0.0000000E+00   0.0000000E+00   0.0000000E+00   0.0000000E+00
   9.4949495E-01   0.0000000E+00   0.0000000E+00   0.0000000E+00   0.0000000E+00   0.0000000E+00   0.0000000E+00
   9.5959596E-01   0.0000000E+00   0.0000000E+00   0.0000000E+00   0.0000000E+00   0.0000000E+00   0.0000000E+00
   9.6969697E-01   0.0000000E+00   0.0000000E+00   0.0000000E+00   0.0000000E+00   0.0000000E+00   0.0000000E+00
   9.7979798E-01   1.6081212E+01   0.0000000E+00   1.6081212E+01   2.8270237E-01   0.0000000E+00   2.8270237E-01
   9.8989899E-01   0.0000000E+00   0.0000000E+00   0.0000000E+00   0.0000000E+00   0.0000000E+00   0.0000000E+00
   1.0000000E+00   0.0000000E+00   0.0000000E+00   0.0000000E+00   0.0000000E+00   0.0000000E+00   0.0000000E+00
