   0.0000000E+00   4.6322125E+07   2.7566157E+07   7.3888282E+07   5.8752878E-03   2.4870806E-03   3.7169865E-03
   1.0101010E-02   4.8523112E+07   2.8417850E+07   7.6939403E+07   1.6303045E-03   5.6709179E-04   9.6445419E-04
   2.0202020E-02   4.7640222E+07   2.7889831E+07   7.5529273E+07   1.2491674E-03   2.6911470E-04   8.7375223E-04
   3.0303030E-02   4.3642255E+07   2.5003798E+07   6.8643974E+07   8.0745171E-04   4.1357542E-04   4.2558778E-04
   4.0404040E-02   3.7244027E+07   1.9898189E+07   5.7140266E+07   1.2497697E-03   3.9457017E-04   9.1429195E-04
   5.0505051E-02   2.9642978E+07   1.4986992E+07   4.4627474E+07   1.2696661E-03   6.8845166E-04   8.9086562E-04
   6.0606061E-02   2.1833607E+07   1.0319370E+07   3.2151417E+07   6.3835479E-04   6.5217221E-04   3.7072806E-04
   7.0707071E-02   1.5060841E+07   6.7235181E+06   2.1784359E+07   6.1820789E-04   7.0756206E-04   3.0421998E-04
   8.0808081E-02   1.0357587E+07   4.4210831E+06   1.4778280E+07   2.6419517E-03   1.1230601E-03   1.9788655E-03
   9.0909091E-02   7.0889504E+06   2.9625542E+06   1.0051331E+07   3.2249918E-03   3.6233593E-04   2.2803813E-03
   1.0101010E-01   4.4936954E+06   1.8506388E+06   6.3443342E+06   5.4719690E-03   1.4689274E-03   4.2988724E-03
   1.1111111E-01   2.2585610E+06   9.6173544E+05   3.2202964E+06   1.1299796E-02   4.5815339E-03   9.0269351E-03
   1.2121212E-01   5.0215060E+05   2.0200415E+05   7.0415475E+05   3.6924715E-02   1.1782920E-02   2.9465051E-02
   1.3131313E-01   2.8797740E+04   1.0679162E+04   3.9476902E+04   9.5821432E-02   3.5752280E-02   7.9551254E-02
   1.4141414E-01   2.1504027E+04   5.5709914E+03   2.7075018E+04   1.3949749E-01   4.2915809E-02   1.1793746E-01
   1.5151515E-01   1.6846678E+04   4.5756410E+03   2.1422319E+04   1.6138319E-01   6.4345680E-02   1.4034699E-01
   1.6161616E-01   1.2284036E+04   4.7771251E+03   1.7061161E+04   1.5798596E-01   5.3956666E-02   1.2885495E-01
   1.7171717E-01   9.2675081E+03   2.8444827E+03   1.2111991E+04   1.2913709E-01   4.6894015E-02   1.0888993E-01
   1.8181818E-01   6.8461295E+03   2.5997960E+03   9.4459254E+03   1.7025007E-01   5.3048334E-02   1.3722402E-01
   1.9191919E-01   5.1722257E+03   2.1345693E+03   7.3067951E+03   1.5973704E-01   4.9068796E-02   1.2697777E-01
   2.0202020E-01   4.9916083E+03   1.2479021E+03   6.2395104E+03   1.9951984E-01   7.8217882E-02   1.7342663E-01
   2.1212121E-01   3.7139943E+03   1.7827173E+03   5.4967115E+03   1.6881027E-01   7.4721753E-02   1.3803747E-01
   2.2222222E-01   2.1980093E+03   1.2053600E+03   3.4033693E+03   1.9752024E-01   8.5456224E-02   1.5759241E-01
   2.3232323E-01   2.6450098E+03   6.7820765E+02   3.3232175E+03   1.7757440E-01   3.5680032E-02   1.4860749E-01
   2.4242424E-01   2.2098266E+03   8.4493370E+02   3.0547603E+03   1.9792126E-01   5.2848284E-02   1.5768146E-01
   2.5252525E-01   2.4334091E+03   4.9916083E+02   2.9325699E+03   1.5177266E-01   3.4981750E-02   1.3134034E-01
   2.6262626E-01   1.3798917E+03   5.3995763E+02   1.9198494E+03   1.7627555E-01   6.7771395E-02   1.4559681E-01
   2.7272727E-01   1.6754241E+03   5.7773244E+02   2.2531565E+03   1.8963614E-01   2.5346270E-02   1.4358262E-01
   2.8282828E-01   1.7827173E+03   1.6712974E+02   1.9498470E+03   2.3363790E-01   5.6637772E-02   2.1355949E-01
   2.9292929E-01   1.5598776E+03   2.1515553E+02   1.7750331E+03   1.5159466E-01   6.9928745E-05   1.3322784E-01
   3.0303030E-01   1.1439102E+03   2.0798368E+02   1.3518939E+03   2.2939375E-01   3.3535264E-06   1.9410189E-01
   3.1313131E-01   1.0063726E+03   1.0063726E+02   1.1070099E+03   2.6552015E-01   6.5953830E-06   2.4138255E-01
   3.2323232E-01   9.2617732E+02   2.4373087E+02   1.1699082E+03   1.7051847E-01   6.9162406E-06   1.3499523E-01
   3.3333333E-01   4.7269018E+02   1.4180705E+02   6.1449724E+02   2.7074182E-01   2.0557024E-01   2.4973103E-01
   3.4343434E-01   5.9642379E+02   1.8351501E+02   7.7993880E+02   2.2722018E-01   4.6938656E-06   1.7375551E-01
   3.5353535E-01   6.2395104E+02   2.6740759E+02   8.9135863E+02   1.4549045E-01   3.6045085E-02   1.1218281E-01
   3.6363636E-01   3.8996940E+02   8.6659867E+01   4.7662927E+02   1.7499448E-01   2.2268264E-05   1.4317335E-01
   3.7373737E-01   6.7454166E+02   2.1079427E+02   8.8533593E+02   1.7547017E-01   2.4865175E-06   1.3369198E-01
   3.8383838E-01   6.1574116E+02   8.2098821E+01   6.9783998E+02   2.5359372E-01   9.6346778E-06   2.2376025E-01
   3.9393939E-01   4.7996234E+02   1.1999058E+02   5.9995292E+02   1.9844601E-01   1.1178287E-01   1.8084765E-01
   4.0404040E-01   1.9498470E+02   0.0000000E+00   1.9498470E+02   2.1553983E-01   0.0000000E+00   2.1553983E-01
   4.1414141E-01   3.4241216E+02   7.6091590E+01   4.1850375E+02   2.6713549E-01   8.8904000E-02   2.2561403E-01
   4.2424242E-01   4.4567931E+02   7.4279886E+01   5.1995920E+02   1.3979626E-01   2.3360922E-01   1.5308029E-01
   4.3434343E-01   2.1765734E+02   2.1765734E+02   4.3531468E+02   1.7491641E-01   4.9602842E-02   1.1183352E-01
   4.4444444E-01   4.6087293E+02   7.0903527E+01   5.3177645E+02   3.0091297E-01   1.6158377E-01   2.8044732E-01
   4.5454545E-01   2.0798368E+02   1.0399184E+02   3.1197552E+02   2.6678244E-01   1.5290698E-06   1.7785449E-01
   4.6464646E-01   3.7301421E+02   1.3564153E+02   5.0865574E+02   1.7687728E-01   8.4919506E-02   1.5173717E-01
   4.7474747E-01   3.6507774E+02   1.6594443E+02   5.3102216E+02   1.8131272E-01   1.3687636E-01   1.6675360E-01
   4.8484848E-01   2.9247705E+02   3.2497450E+01   3.2497450E+02   2.5775199E-01   5.8724775E-07   2.3197685E-01
   4.9494949E-01   1.9100542E+02   3.1834237E+01   2.2283966E+02   8.6520565E-02   9.4797095E-06   7.4161797E-02
   5.0505051E-01   3.1197552E+02   3.1197552E+01   3.4317307E+02   1.0556819E-01   2.4719938E-05   9.5973312E-02
   5.1515152E-01   3.0585835E+02   3.0585835E+01   3.3644419E+02   6.9802321E-02   3.5068541E-06   6.3456360E-02
   5.2525253E-01   1.4998823E+02   8.9992938E+01   2.3998117E+02   1.5215974E-01   1.4993564E-05   9.5094788E-02
   5.3535354E-01   1.4715826E+02   1.1772661E+02   2.6488488E+02   2.8922095E-01   1.0801671E-01   2.0867945E-01
   5.4545455E-01   2.0220636E+02   2.8886622E+01   2.3109298E+02   1.4316331E-01   2.0546064E-06   1.2526815E-01
   5.5555556E-01   5.6722822E+01   1.4180705E+02   1.9852988E+02   8.0424164E-02   2.9412202E-05   2.2981305E-02
   5.6565657E-01   1.9498470E+02   0.0000000E+00   1.9498470E+02   1.8977114E-01   0.0000000E+00   1.8977114E-01
   5.7575758E-01   2.7366274E+02   0.0000000E+00   2.7366274E+02   2.1611678E-01   0.0000000E+00   2.1611678E-01
   5.8585859E-01   1.3447221E+02   5.3788883E+01   1.8826109E+02   7.8359543E-02   3.5552418E-02   5.2011390E-02
   5.9595960E-01   2.1150883E+02   0.0000000E+00   2.1150883E+02   6.9082948E-02   0.0000000E+00   6.9082948E-02
   6.0606061E-01   1.0399184E+02   0.0000000E+00   1.0399184E+02   1.5828955E-01   0.0000000E+00   1.5828955E-01
   6.1616162E-01   1.0228706E+02   2.5571764E+01   1.2785882E+02   2.5230375E-01   2.4591862E-01   2.1359392E-01
   6.2626263E-01   1.0063726E+02   2.5159316E+01   1.2579658E+02   2.8985566E-01   4.4324613E-06   2.3188541E-01
   6.3636364E-01   9.9039847E+01   2.4759962E+01   1.2379981E+02   1.4912566E-01   3.5733363E-06   1.1930122E-01
   6.4646465E-01   9.7492350E+01   2.4373087E+01   1.2186544E+02   3.1027829E-01   3.6656873E-06   2.4822335E-01
   6.5656566E-01   2.3998117E+01   2.3998117E+01   4.7996234E+01   3.8207162E-01   2.1564788E-06   1.9103487E-01
   6.6666667E-01   1.4180705E+02   2.3634509E+01   1.6544156E+02   1.0574889E-01   1.5526392E-05   9.0639779E-02
   6.7676768E-01   9.3127021E+01   0.0000000E+00   9.3127021E+01   1.8192254E-01   0.0000000E+00   1.8192254E-01
   6.8686869E-01   1.3763626E+02   4.5878753E+01   1.8351501E+02   2.6860373E-01   1.6689947E-01   2.3811589E-01
   6.9696970E-01   9.0427687E+01   0.0000000E+00   9.0427687E+01   2.6995207E-01   0.0000000E+00   2.6995207E-01
   7.0707071E-01   2.2283966E+01   2.2283966E+01   4.4567931E+01   1.6536309E-04   2.1800366E-06   8.1629799E-05
   7.1717172E-01   4.3940214E+01   0.0000000E+00   4.3940214E+01   4.6531320E-01   0.0000000E+00   4.6531320E-01
   7.2727273E-01   6.4994900E+01   0.0000000E+00   6.4994900E+01   2.6929606E-01   0.0000000E+00   2.6929606E-01
   7.3737374E-01   2.1368186E+01   0.0000000E+00   2.1368186E+01   1.8277376E-06   0.0000000E+00   1.8277376E-06
   7.4747475E-01   1.2647656E+02   2.1079427E+01   1.4755599E+02   4.1290579E-02   5.3859273E-06   3.5392694E-02
   7.5757576E-01   1.2479021E+02   2.0798368E+01   1.4558858E+02   1.3731873E-01   2.3427828E-04   1.1766859E-01
   7.6767677E-01   2.0524705E+01   0.0000000E+00   2.0524705E+01   4.0542321E-06   0.0000000E+00   4.0542321E-06
   7.7777778E-01   1.0129075E+02   2.0258151E+01   1.2154890E+02   2.3875299E-01   1.8844392E-05   1.9896397E-01
   7.8787879E-01   3.9996861E+01   3.9996861E+01   7.9993723E+01   2.1707315E-01   2.3375328E-01   2.2473352E-01
   7.9797980E-01   5.9235858E+01   0.0000000E+00   5.9235858E+01   8.8350452E-02   0.0000000E+00   8.8350452E-02
   8.0808081E-01   1.1699082E+02   0.0000000E+00   1.1699082E+02   2.4438726E-01   0.0000000E+00   2.4438726E-01
   8.1818182E-01   3.8515496E+01   0.0000000E+00   3.8515496E+01   4.2700756E-01   0.0000000E+00   4.2700756E-01
   8.2828283E-01   0.0000000E+00   0.0000000E+00   0.0000000E+00   0.0000000E+00   0.0000000E+00   0.0000000E+00
   8.3838384E-01   3.7587412E+01   0.0000000E+00   3.7587412E+01   2.4039016E-05   0.0000000E+00   2.4039016E-05
   8.4848485E-01   3.7139943E+01   0.0000000E+00   3.7139943E+01   5.8884112E-06   0.0000000E+00   5.8884112E-06
   8.5858586E-01   3.6703002E+01   1.8351501E+01   5.5054503E+01   1.7289850E-01   1.5907988E-05   1.1527095E-01
   8.6868687E-01   3.6276223E+01   1.8138112E+01   5.4414335E+01   1.8950153E-01   5.8548394E-05   1.2635383E-01
   8.7878788E-01   1.7929628E+01   0.0000000E+00   1.7929628E+01   5.0844240E-01   0.0000000E+00   5.0844240E-01
   8.8888889E-01   5.3177645E+01   1.7725882E+01   7.0903527E+01   3.0561033E-01   3.3776905E-01   3.1340059E-01
   8.9898990E-01   5.2580144E+01   0.0000000E+00   5.2580144E+01   1.7976262E-05   0.0000000E+00   1.7976262E-05
   9.0909091E-01   5.1995920E+01   0.0000000E+00   5.1995920E+01   3.2084192E-01   0.0000000E+00   3.2084192E-01
   9.1919192E-01   3.4283024E+01   0.0000000E+00   3.4283024E+01   1.9455150E-01   0.0000000E+00   1.9455150E-01
   9.2929293E-01   1.6955191E+01   0.0000000E+00   1.6955191E+01   3.2761075E-01   0.0000000E+00   3.2761075E-01
   9.3939394E-01   1.6772877E+01   0.0000000E+00   1.6772877E+01   2.1911179E-04   0.0000000E+00   2.1911179E-04
   9.4949495E-01   0.0000000E+00   0.0000000E+00   0.0000000E+00   0.0000000E+00   0.0000000E+00   0.0000000E+00
   9.5959596E-01   1.6419764E+01   1.6419764E+01   3.2839528E+01   4.1898570E-01   8.3483946E-07   2.0949243E-01
   9.6969697E-01   0.0000000E+00   0.0000000E+00   0.0000000E+00   0.0000000E+00   0.0000000E+00   0.0000000E+00
   9.7979798E-01   0.0000000E+00   0.0000000E+00   0.0000000E+00   0.0000000E+00   0.0000000E+00   0.0000000E+00
   9.8989899E-01   0.0000000E+00   0.0000000E+00   0.0000000E+00   0.0000000E+00   0.0000000E+00   0.0000000E+00
   1.0000000E+00   0.0000000E+00   0.0000000E+00   0.0000000E+00   0.0000000E+00   0.0000000E+00   0.0000000E+00
