   0.0000000E+00   7.0556383E+07   3.7175003E+07   1.0773139E+08   2.4746234E-03   1.7705544E-04   1.6164260E-03
   1.0101010E-02   8.1249344E+07   4.2874796E+07   1.2412102E+08   1.0731064E-03   8.5683580E-05   6.8731247E-04
   2.0202020E-02   7.0419114E+07   3.6533113E+07   1.0694833E+08   2.8877285E-04   1.2342575E-05   1.8973899E-04
   3.0303030E-02   5.3569836E+07   2.6752421E+07   8.0320697E+07   6.6232107E-04   2.1248611E-05   4.4436484E-04
   4.0404040E-02   3.9406798E+07   1.9504709E+07   5.8908387E+07   1.0337686E-03   4.3268669E-05   6.7501700E-04
   5.0505051E-02   2.8283077E+07   1.4110653E+07   4.2392170E+07   3.4185936E-04   7.1973446E-05   2.1536593E-04
   6.0606061E-02   1.8901297E+07   9.4385594E+06   2.8339596E+07   4.2136761E-04   2.9093109E-05   2.8029112E-04
   7.0707071E-02   1.1463095E+07   5.6792915E+06   1.7141272E+07   5.3429589E-04   7.7895318E-05   3.7299267E-04
   8.0808081E-02   7.3618423E+06   3.6296402E+06   1.0991483E+07   1.5719897E-03   9.7948714E-05   1.0210138E-03
   9.0909091E-02   4.7784250E+06   2.3836663E+06   7.1620913E+06   4.9183584E-03   1.3683510E-04   3.2359200E-03
   1.0101010E-01   2.9564360E+06   1.4840675E+06   4.4405036E+06   3.1637559E-04   9.0996519E-05   2.3025890E-04
   1.1111111E-01   1.4261535E+06   7.5242823E+05   2.1785818E+06   4.6856837E-03   4.7894939E-05   3.0714704E-03
   1.2121212E-01   3.3095403E+05   1.7119657E+05   5.0215060E+05   4.1259161E-02   2.2637501E-04   2.7265135E-02
   1.3131313E-01   3.1557524E+04   1.1639087E+04   4.3196610E+04   1.2544455E-01   3.3669858E-06   9.1643589E-02
   1.4141414E-01   2.4066683E+04   7.0194492E+03   3.1086132E+04   1.5106848E-01   3.0716831E-06   1.1695567E-01
   1.5151515E-01   1.5390792E+04   5.4075757E+03   2.0798368E+04   2.0221225E-01   1.8925220E-05   1.4963217E-01
   1.6161616E-01   1.2186544E+04   5.2645869E+03   1.7451131E+04   1.9553179E-01   8.9595323E-07   1.3654471E-01
   1.7171717E-01   8.1664180E+03   3.3032702E+03   1.1469688E+04   2.2708337E-01   6.5656795E-05   1.6166494E-01
   1.8181818E-01   6.4994900E+03   2.9464355E+03   9.4459254E+03   2.3202370E-01   8.0105971E-06   1.5964933E-01
   1.9191919E-01   5.5827198E+03   2.2987670E+03   7.8814868E+03   2.2870661E-01   2.4234701E-05   1.6199345E-01
   2.0202020E-01   4.2896634E+03   1.5598776E+03   5.8495410E+03   2.5613934E-01   2.5659671E-06   1.8783601E-01
   2.1212121E-01   2.9711954E+03   1.0399184E+03   4.0111138E+03   2.5851661E-01   6.4432266E-05   1.9150587E-01
   2.2222222E-01   2.3398164E+03   8.5084233E+02   3.1906587E+03   2.6109413E-01   8.7174911E-06   1.9146677E-01
   2.3232323E-01   1.7633399E+03   8.1384918E+02   2.5771891E+03   2.5986068E-01   5.9455020E-06   1.7780119E-01
   2.4242424E-01   1.3648929E+03   7.1494390E+02   2.0798368E+03   3.1163064E-01   1.1896636E-05   2.0450368E-01
   2.5252525E-01   8.7353145E+02   3.7437062E+02   1.2479021E+03   2.1702167E-01   5.4502069E-06   1.5191536E-01
   2.6262626E-01   1.2599011E+03   4.1996705E+02   1.6798682E+03   2.8491182E-01   5.0983512E-07   2.1368384E-01
   2.7272727E-01   5.7773244E+02   3.4663947E+02   9.2437191E+02   2.6764681E-01   1.4555050E-05   1.6728334E-01
   2.8282828E-01   8.9135863E+02   3.8996940E+02   1.2813280E+03   2.5056817E-01   2.3187002E-06   1.7430783E-01
   2.9292929E-01   9.1441101E+02   2.1515553E+02   1.1295665E+03   2.9168526E-01   3.7584671E-06   2.3612687E-01
   3.0303030E-01   7.7993880E+02   2.0798368E+02   9.8792248E+02   3.3402165E-01   2.2756474E-06   2.6370084E-01
   3.1313131E-01   5.5350495E+02   1.0063726E+02   6.5414222E+02   3.2047856E-01   1.4177482E-06   2.7117397E-01
   3.2323232E-01   4.8746175E+02   9.7492350E+01   5.8495410E+02   3.0527538E-01   3.7980856E-05   2.5438991E-01
   3.3333333E-01   4.2542116E+02   2.3634509E+02   6.6176625E+02   2.9773286E-01   8.1854625E-06   1.9139689E-01
   3.4343434E-01   2.7527252E+02   4.5878753E+01   3.2115127E+02   2.8592351E-01   7.5164135E-06   2.4507622E-01
   3.5353535E-01   3.1197552E+02   1.3370379E+02   4.4567931E+02   3.1766605E-01   8.8659766E-05   2.2239145E-01
   3.6363636E-01   1.7331973E+02   1.7331973E+02   3.4663947E+02   3.7242741E-01   2.8220966E-05   1.8622748E-01
   3.7373737E-01   1.6863542E+02   4.2158854E+01   2.1079427E+02   3.5319731E-01   5.8716977E-05   2.8256957E-01
   3.8383838E-01   4.1049410E+02   0.0000000E+00   4.1049410E+02   3.0697018E-01   0.0000000E+00   3.0697018E-01
   3.9393939E-01   1.9998431E+02   3.9996861E+01   2.3998117E+02   2.2851511E-01   1.0358400E-07   1.9042924E-01
   4.0404040E-01   2.3398164E+02   0.0000000E+00   2.3398164E+02   2.7482473E-01   0.0000000E+00   2.7482473E-01
   4.1414141E-01   7.6091590E+01   0.0000000E+00   7.6091590E+01   4.0664226E-01   0.0000000E+00   4.0664226E-01
   4.2424242E-01   1.4855977E+02   3.7139943E+01   1.8569971E+02   2.9061218E-01   1.5325342E-05   2.3249269E-01
   4.3434343E-01   3.6276223E+01   0.0000000E+00   3.6276223E+01   9.4476498E-02   0.0000000E+00   9.4476498E-02
   4.4444444E-01   7.0903527E+01   0.0000000E+00   7.0903527E+01   3.5468138E-01   0.0000000E+00   3.5468138E-01
   4.5454545E-01   6.9327893E+01   2.0798368E+02   2.7731157E+02   2.3184351E-01   5.7911253E-06   5.7956537E-02
   4.6464646E-01   6.7820765E+01   3.3910383E+01   1.0173115E+02   1.8835351E-01   3.8308286E-06   1.2556773E-01
   4.7474747E-01   3.3188885E+01   6.6377770E+01   9.9566655E+01   3.3970260E-01   4.9413615E-06   1.1323715E-01
   4.8484848E-01   2.2748215E+02   0.0000000E+00   2.2748215E+02   3.1393559E-01   0.0000000E+00   3.1393559E-01
   4.9494949E-01   6.3668473E+01   3.1834237E+01   9.5502710E+01   3.5754402E-01   5.3564305E-07   2.3836286E-01
   5.0505051E-01   9.3592656E+01   0.0000000E+00   9.3592656E+01   3.5736655E-01   0.0000000E+00   3.5736655E-01
   5.1515152E-01   6.1171670E+01   3.0585835E+01   9.1757506E+01   2.6764458E-01   1.0691066E-05   1.7842616E-01
   5.2525253E-01   0.0000000E+00   2.9997646E+01   2.9997646E+01   0.0000000E+00   6.6732505E-07   6.6732505E-07
   5.3535354E-01   0.0000000E+00   2.9431653E+01   2.9431653E+01   0.0000000E+00   4.7288397E-06   4.7288397E-06
   5.4545455E-01   5.7773244E+01   5.7773244E+01   1.1554649E+02   3.7737887E-01   6.2796401E-07   1.8868971E-01
   5.5555556E-01   2.8361411E+01   5.6722822E+01   8.5084233E+01   3.4363937E-01   2.2116937E-05   1.1453512E-01
   5.6565657E-01   2.7854957E+01   5.5709914E+01   8.3564871E+01   1.3989771E-01   1.2520895E-05   4.6625003E-02
   5.7575758E-01   0.0000000E+00   2.7366274E+01   2.7366274E+01   0.0000000E+00   8.7296419E-06   8.7296419E-06
   5.8585859E-01   2.6894441E+01   0.0000000E+00   2.6894441E+01   4.3403630E-01   0.0000000E+00   4.3403630E-01
   5.9595960E-01   2.6438603E+01   5.2877207E+01   7.9315810E+01   3.5177379E-01   4.0364106E-07   1.1725776E-01
   6.0606061E-01   2.5997960E+01   0.0000000E+00   2.5997960E+01   3.9239561E-01   0.0000000E+00   3.9239561E-01
   6.1616162E-01   0.0000000E+00   0.0000000E+00   0.0000000E+00   0.0000000E+00   0.0000000E+00   0.0000000E+00
   6.2626263E-01   2.5159316E+01   5.0318632E+01   7.5477948E+01   4.7635907E-01   2.3812954E-05   1.5877074E-01
   6.3636364E-01   2.4759962E+01   0.0000000E+00   2.4759962E+01   4.8063166E-01   0.0000000E+00   4.8063166E-01
   6.4646465E-01   2.4373087E+01   0.0000000E+00   2.4373087E+01   3.6093211E-01   0.0000000E+00   3.6093211E-01
   6.5656566E-01   0.0000000E+00   0.0000000E+00   0.0000000E+00   0.0000000E+00   0.0000000E+00   0.0000000E+00
   6.6666667E-01   2.3634509E+01   2.3634509E+01   4.7269018E+01   6.1435223E-02   6.7244691E-04   3.1000433E-02
   6.7676768E-01   2.3281755E+01   0.0000000E+00   2.3281755E+01   2.8833341E-01   0.0000000E+00   2.8833341E-01
   6.8686869E-01   0.0000000E+00   0.0000000E+00   0.0000000E+00   0.0000000E+00   0.0000000E+00   0.0000000E+00
   6.9696970E-01   0.0000000E+00   2.2606922E+01   2.2606922E+01   0.0000000E+00   3.8153351E-06   3.8153351E-06
   7.0707071E-01   0.0000000E+00   0.0000000E+00   0.0000000E+00   0.0000000E+00   0.0000000E+00   0.0000000E+00
   7.1717172E-01   0.0000000E+00   0.0000000E+00   0.0000000E+00   0.0000000E+00   0.0000000E+00   0.0000000E+00
   7.2727273E-01   0.0000000E+00   2.1664967E+01   2.1664967E+01   0.0000000E+00   4.8951051E-06   4.8951051E-06
   7.3737374E-01   0.0000000E+00   0.0000000E+00   0.0000000E+00   0.0000000E+00   0.0000000E+00   0.0000000E+00
   7.4747475E-01   2.1079427E+01   0.0000000E+00   2.1079427E+01   4.1630365E-01   0.0000000E+00   4.1630365E-01
   7.5757576E-01   0.0000000E+00   0.0000000E+00   0.0000000E+00   0.0000000E+00   0.0000000E+00   0.0000000E+00
   7.6767677E-01   0.0000000E+00   0.0000000E+00   0.0000000E+00   0.0000000E+00   0.0000000E+00   0.0000000E+00
   7.7777778E-01   4.0516301E+01   0.0000000E+00   4.0516301E+01   4.4038571E-01   0.0000000E+00   4.4038571E-01
   7.8787879E-01   1.9998431E+01   0.0000000E+00   1.9998431E+01   2.8961523E-01   0.0000000E+00   2.8961523E-01
   7.9797980E-01   0.0000000E+00   0.0000000E+00   0.0000000E+00   0.0000000E+00   0.0000000E+00   0.0000000E+00
   8.0808081E-01   0.0000000E+00   0.0000000E+00   0.0000000E+00   0.0000000E+00   0.0000000E+00   0.0000000E+00
   8.1818182E-01   1.9257748E+01   0.0000000E+00   1.9257748E+01   3.6602703E-01   0.0000000E+00   3.6602703E-01
   8.2828283E-01   0.0000000E+00   0.0000000E+00   0.0000000E+00   0.0000000E+00   0.0000000E+00   0.0000000E+00
   8.3838384E-01   0.0000000E+00   0.0000000E+00   0.0000000E+00   0.0000000E+00   0.0000000E+00   0.0000000E+00
   8.4848485E-01   1.8569971E+01   0.0000000E+00   1.8569971E+01   4.0127955E-01   0.0000000E+00   4.0127955E-01
   8.5858586E-01   1.8351501E+01   0.0000000E+00   1.8351501E+01   2.2523388E-01   0.0000000E+00   2.2523388E-01
   8.6868687E-01   1.8138112E+01   0.0000000E+00   1.8138112E+01   2.9459097E-01   0.0000000E+00   2.9459097E-01
   8.7878788E-01   0.0000000E+00   0.0000000E+00   0.0000000E+00   0.0000000E+00   0.0000000E+00   0.0000000E+00
   8.8888889E-01   0.0000000E+00   0.0000000E+00   0.0000000E+00   0.0000000E+00   0.0000000E+00   0.0000000E+00
   8.9898990E-01   1.7526715E+01   0.0000000E+00   1.7526715E+01   4.0383746E-01   0.0000000E+00   4.0383746E-01
   9.0909091E-01   0.0000000E+00   1.7331973E+01   1.7331973E+01   0.0000000E+00   1.0795255E-05   1.0795255E-05
   9.1919192E-01   0.0000000E+00   0.0000000E+00   0.0000000E+00   0.0000000E+00   0.0000000E+00   0.0000000E+00
   9.2929293E-01   0.0000000E+00   0.0000000E+00   0.0000000E+00   0.0000000E+00   0.0000000E+00   0.0000000E+00
   9.3939394E-01   0.0000000E+00   0.0000000E+00   0.0000000E+00   0.0000000E+00   0.0000000E+00   0.0000000E+00
   9.4949495E-01   0.0000000E+00   0.0000000E+00   0.0000000E+00   0.0000000E+00   0.0000000E+00   0.0000000E+00
   9.5959596E-01   0.0000000E+00   0.0000000E+00   0.0000000E+00   0.0000000E+00   0.0000000E+00   0.0000000E+00
   9.6969697E-01   0.0000000E+00   0.0000000E+00   0.0000000E+00   0.0000000E+00   0.0000000E+00   0.0000000E+00
   9.7979798E-01   0.0000000E+00   0.0000000E+00   0.0000000E+00   0.0000000E+00   0.0000000E+00   0.0000000E+00
   9.8989899E-01   0.0000000E+00   0.0000000E+00   0.0000000E+00   0.0000000E+00   0.0000000E+00   0.0000000E+00
   1.0000000E+00   0.0000000E+00   0.0000000E+00   0.0000000E+00   0.0000000E+00   0.0000000E+00   0.0000000E+00
