   0.0000000E+00   9.1783198E+07   4.7045908E+07   1.3882911E+08   1.7561754E-03   2.3888601E-04   1.0802610E-03
   1.0101010E-02   1.0042024E+08   5.0368448E+07   1.5078245E+08   1.3691560E-03   5.5116268E-05   9.2399913E-04
   2.0202020E-02   8.5499231E+07   4.2839698E+07   1.2833737E+08   5.9828004E-04   3.9178124E-05   4.0184722E-04
   3.0303030E-02   6.1223636E+07   3.0249666E+07   9.1471222E+07   1.4998467E-03   1.7717139E-05   1.0112987E-03
   4.0404040E-02   4.0705006E+07   2.0256570E+07   6.0959627E+07   1.7262534E-04   1.1584806E-04   8.0461922E-05
   5.0505051E-02   2.6635534E+07   1.3331962E+07   3.9966560E+07   1.6252122E-03   7.1885038E-05   1.0817757E-03
   6.0606061E-02   1.6651173E+07   8.3807024E+06   2.5031616E+07   2.3137807E-03   7.2703796E-05   1.5623128E-03
   7.0707071E-02   9.2837229E+06   4.6787414E+06   1.3962242E+07   1.4888854E-03   2.1243431E-04   1.0589887E-03
   8.0808081E-02   5.5890414E+06   2.8500914E+06   8.4391328E+06   3.3603926E-03   3.3815007E-04   2.3286619E-03
   9.0909091E-02   3.4700344E+06   1.7876197E+06   5.2574808E+06   1.2655603E-03   2.2373783E-04   8.0905258E-04
   1.0101010E-01   2.0365762E+06   1.0644605E+06   3.1010367E+06   6.2984824E-03   2.2370457E-05   4.1434881E-03
   1.1111111E-01   9.2841078E+05   5.1844659E+05   1.4468574E+06   1.1131842E-02   2.5311058E-04   7.2296010E-03
   1.2121212E-01   2.2098266E+05   1.1075131E+05   3.3173397E+05   4.5006680E-02   1.8337357E-05   2.9983486E-02
   1.3131313E-01   2.5078032E+04   9.4792562E+03   3.4557288E+04   1.1757043E-01   8.5060998E-06   8.5318012E-02
   1.4141414E-01   1.7158654E+04   5.7938311E+03   2.2952485E+04   1.6196842E-01   4.1104083E-07   1.2108315E-01
   1.5151515E-01   1.3206964E+04   4.5756410E+03   1.7782605E+04   1.8857972E-01   8.0555345E-06   1.4005748E-01
   1.6161616E-01   8.8718038E+03   4.0946787E+03   1.2966483E+04   1.8254176E-01   5.2650779E-06   1.2489850E-01
   1.7171717E-01   8.7169630E+03   2.9362402E+03   1.1653203E+04   2.2327168E-01   1.6267722E-05   1.6701148E-01
   1.8181818E-01   7.3660887E+03   2.2531565E+03   9.6192452E+03   2.0423600E-01   6.9780828E-06   1.5639779E-01
   1.9191919E-01   4.4333363E+03   1.7240752E+03   6.1574116E+03   2.0874470E-01   2.7876411E-05   1.5029428E-01
   2.0202020E-01   4.5236450E+03   1.3258960E+03   5.8495410E+03   2.4576914E-01   4.5961639E-06   1.9006109E-01
   2.1212121E-01   4.0111138E+03   1.5598776E+03   5.5709914E+03   2.3533740E-01   1.9834617E-06   1.6944316E-01
   2.2222222E-01   3.5451764E+03   8.5084233E+02   4.3960187E+03   2.1685632E-01   1.6214345E-03   1.7457221E-01
   2.3232323E-01   3.1875760E+03   1.4242361E+03   4.6118120E+03   2.4342395E-01   2.8684498E-05   1.6824053E-01
   2.4242424E-01   2.7947807E+03   1.3648929E+03   4.1596736E+03   2.4795712E-01   7.4587929E-06   1.6659863E-01
   2.5252525E-01   2.0590384E+03   9.9832166E+02   3.0573601E+03   2.5263244E-01   3.4255832E-06   1.7014123E-01
   2.6262626E-01   2.3998117E+03   4.1996705E+02   2.8197787E+03   2.5559463E-01   3.6700709E-06   2.1752703E-01
   2.7272727E-01   1.5598776E+03   5.1995920E+02   2.0798368E+03   2.4078051E-01   5.8560460E-04   1.8069218E-01
   2.8282828E-01   1.7827173E+03   2.7854957E+02   2.0612668E+03   2.4246735E-01   9.1452886E-06   2.0970025E-01
   2.9292929E-01   1.5060887E+03   5.3788883E+02   2.0439775E+03   2.8789496E-01   8.2439865E-06   2.1213529E-01
   3.0303030E-01   1.4038898E+03   5.1995920E+02   1.9238490E+03   2.5236968E-01   1.9737376E-06   1.8416113E-01
   3.1313131E-01   1.0566913E+03   2.5159316E+02   1.3082844E+03   2.7871258E-01   7.0989212E-06   2.2511264E-01
   3.2323232E-01   1.1699082E+03   4.8746175E+02   1.6573699E+03   2.7860978E-01   7.5344836E-05   1.9668753E-01
   3.3333333E-01   7.5630429E+02   1.8907607E+02   9.4538036E+02   3.2431582E-01   1.0110269E-04   2.5943243E-01
   3.4343434E-01   8.2581755E+02   2.7527252E+02   1.1010901E+03   3.1063727E-01   9.4584696E-06   2.3297920E-01
   3.5353535E-01   1.0696304E+03   1.7827173E+02   1.2479021E+03   2.7857535E-01   3.0940410E-05   2.3877445E-01
   3.6363636E-01   6.4994900E+02   3.4663947E+02   9.9658846E+02   2.9980360E-01   3.8171782E-06   1.9552285E-01
   3.7373737E-01   5.0590625E+02   1.6863542E+02   6.7454166E+02   2.7937892E-01   1.8761040E-06   2.0953466E-01
   3.8383838E-01   6.5679057E+02   2.8734587E+02   9.4413644E+02   2.8756578E-01   3.5585898E-05   2.0005655E-01
   3.9393939E-01   3.5997175E+02   1.5998745E+02   5.1995920E+02   3.3747266E-01   8.6100086E-06   2.3363756E-01
   4.0404040E-01   4.6796328E+02   0.0000000E+00   4.6796328E+02   3.1875010E-01   0.0000000E+00   3.1875010E-01
   4.1414141E-01   3.4241216E+02   7.6091590E+01   4.1850375E+02   3.7481802E-01   2.5056912E-06   3.0666975E-01
   4.2424242E-01   4.8281926E+02   7.4279886E+01   5.5709914E+02   3.5466063E-01   7.8305911E-06   3.0737359E-01
   4.3434343E-01   3.9903846E+02   1.0882867E+02   5.0786712E+02   3.5080531E-01   1.0402337E-06   2.7563252E-01
   4.4444444E-01   2.1271058E+02   7.0903527E+01   2.8361411E+02   3.6868923E-01   2.1657667E-05   2.7651157E-01
   4.5454545E-01   1.3865579E+02   1.0399184E+02   2.4264763E+02   3.1810809E-01   1.1251711E-06   1.8177567E-01
   4.6464646E-01   5.0865574E+02   6.7820765E+01   5.7647650E+02   3.0204046E-01   2.4494235E-06   2.6650601E-01
   4.7474747E-01   1.6594443E+02   9.9566655E+01   2.6551108E+02   4.2309236E-01   1.7723181E-05   2.6443897E-01
   4.8484848E-01   3.2497450E+02   3.2497450E+01   3.5747195E+02   3.5789410E-01   1.0031030E-07   3.2535827E-01
   4.9494949E-01   1.5917118E+02   1.2733695E+02   2.8650813E+02   4.2260968E-01   1.2077362E-06   2.3478267E-01
   5.0505051E-01   2.1838286E+02   3.1197552E+01   2.4958042E+02   3.0337859E-01   1.2264089E-05   2.6545779E-01
   5.1515152E-01   1.2234334E+02   0.0000000E+00   1.2234334E+02   2.8350532E-01   0.0000000E+00   2.8350532E-01
   5.2525253E-01   1.4998823E+02   5.9995292E+01   2.0998352E+02   3.8938457E-01   5.6910796E-06   2.7813346E-01
   5.3535354E-01   8.8294958E+01   0.0000000E+00   8.8294958E+01   4.6413444E-01   0.0000000E+00   4.6413444E-01
   5.4545455E-01   1.7331973E+02   2.8886622E+01   2.0220636E+02   3.6188663E-01   9.6707163E-06   3.1018992E-01
   5.5555556E-01   1.1344564E+02   2.8361411E+01   1.4180705E+02   3.6572488E-01   1.1832490E-05   2.9257762E-01
   5.6565657E-01   2.7854957E+01   2.7854957E+01   5.5709914E+01   4.2635608E-01   1.3979660E-05   2.1318503E-01
   5.7575758E-01   0.0000000E+00   0.0000000E+00   0.0000000E+00   0.0000000E+00   0.0000000E+00   0.0000000E+00
   5.8585859E-01   2.6894441E+01   2.6894441E+01   5.3788883E+01   3.8269827E-01   1.1952533E-05   1.9135508E-01
   5.9595960E-01   7.9315810E+01   0.0000000E+00   7.9315810E+01   3.7712894E-01   0.0000000E+00   3.7712894E-01
   6.0606061E-01   2.5997960E+01   2.5997960E+01   5.1995920E+01   3.9729175E-01   1.1062153E-05   1.9864037E-01
   6.1616162E-01   7.6715292E+01   0.0000000E+00   7.6715292E+01   4.3642655E-01   0.0000000E+00   4.3642655E-01
   6.2626263E-01   5.0318632E+01   0.0000000E+00   5.0318632E+01   4.1924536E-01   0.0000000E+00   4.1924536E-01
   6.3636364E-01   2.4759962E+01   2.4759962E+01   4.9519924E+01   2.8289254E-01   3.5404901E-05   1.4146386E-01
   6.4646465E-01   2.4373087E+01   0.0000000E+00   2.4373087E+01   4.2668677E-01   0.0000000E+00   4.2668677E-01
   6.5656566E-01   2.3998117E+01   0.0000000E+00   2.3998117E+01   4.9951725E-06   0.0000000E+00   4.9951725E-06
   6.6666667E-01   0.0000000E+00   0.0000000E+00   0.0000000E+00   0.0000000E+00   0.0000000E+00   0.0000000E+00
   6.7676768E-01   4.6563510E+01   4.6563510E+01   9.3127021E+01   3.7531542E-01   9.8678860E-06   1.8765278E-01
   6.8686869E-01   0.0000000E+00   0.0000000E+00   0.0000000E+00   0.0000000E+00   0.0000000E+00   0.0000000E+00
   6.9696970E-01   0.0000000E+00   0.0000000E+00   0.0000000E+00   0.0000000E+00   0.0000000E+00   0.0000000E+00
   7.0707071E-01   2.2283966E+01   0.0000000E+00   2.2283966E+01   2.9787791E-01   0.0000000E+00   2.9787791E-01
   7.1717172E-01   0.0000000E+00   2.1970107E+01   2.1970107E+01   0.0000000E+00   9.5074307E-06   9.5074307E-06
   7.2727273E-01   0.0000000E+00   0.0000000E+00   0.0000000E+00   0.0000000E+00   0.0000000E+00   0.0000000E+00
   7.3737374E-01   4.2736373E+01   0.0000000E+00   4.2736373E+01   2.2938927E-05   0.0000000E+00   2.2938927E-05
   7.4747475E-01   2.1079427E+01   0.0000000E+00   2.1079427E+01   2.9726110E-01   0.0000000E+00   2.9726110E-01
   7.5757576E-01   2.0798368E+01   0.0000000E+00   2.0798368E+01   4.2854631E-01   0.0000000E+00   4.2854631E-01
   7.6767677E-01   4.1049410E+01   0.0000000E+00   4.1049410E+01   2.0978761E-01   0.0000000E+00   2.0978761E-01
   7.7777778E-01   2.0258151E+01   0.0000000E+00   2.0258151E+01   6.2993336E-06   0.0000000E+00   6.2993336E-06
   7.8787879E-01   0.0000000E+00   0.0000000E+00   0.0000000E+00   0.0000000E+00   0.0000000E+00   0.0000000E+00
   7.9797980E-01   3.9490572E+01   0.0000000E+00   3.9490572E+01   4.1776287E-01   0.0000000E+00   4.1776287E-01
   8.0808081E-01   0.0000000E+00   0.0000000E+00   0.0000000E+00   0.0000000E+00   0.0000000E+00   0.0000000E+00
   8.1818182E-01   0.0000000E+00   0.0000000E+00   0.0000000E+00   0.0000000E+00   0.0000000E+00   0.0000000E+00
   8.2828283E-01   1.9022898E+01   0.0000000E+00   1.9022898E+01   2.7229318E-06   0.0000000E+00   2.7229318E-06
   8.3838384E-01   0.0000000E+00   0.0000000E+00   0.0000000E+00   0.0000000E+00   0.0000000E+00   0.0000000E+00
   8.4848485E-01   0.0000000E+00   0.0000000E+00   0.0000000E+00   0.0000000E+00   0.0000000E+00   0.0000000E+00
   8.5858586E-01   1.8351501E+01   1.8351501E+01   3.6703002E+01   3.9645486E-01   3.9541918E-06   1.9822941E-01
   8.6868687E-01   0.0000000E+00   0.0000000E+00   0.0000000E+00   0.0000000E+00   0.0000000E+00   0.0000000E+00
   8.7878788E-01   0.0000000E+00   0.0000000E+00   0.0000000E+00   0.0000000E+00   0.0000000E+00   0.0000000E+00
   8.8888889E-01   1.7725882E+01   0.0000000E+00   1.7725882E+01   2.3142752E-07   0.0000000E+00   2.3142752E-07
   8.9898990E-01   0.0000000E+00   0.0000000E+00   0.0000000E+00   0.0000000E+00   0.0000000E+00   0.0000000E+00
   9.0909091E-01   1.7331973E+01   0.0000000E+00   1.7331973E+01   3.7716922E-06   0.0000000E+00   3.7716922E-06
   9.1919192E-01   0.0000000E+00   0.0000000E+00   0.0000000E+00   0.0000000E+00   0.0000000E+00   0.0000000E+00
   9.2929293E-01   1.6955191E+01   0.0000000E+00   1.6955191E+01   5.0193879E-06   0.0000000E+00   5.0193879E-06
   9.3939394E-01   0.0000000E+00   0.0000000E+00   0.0000000E+00   0.0000000E+00   0.0000000E+00   0.0000000E+00
   9.4949495E-01   3.3188885E+01   0.0000000E+00   3.3188885E+01   4.1446185E-06   0.0000000E+00   4.1446185E-06
   9.5959596E-01   0.0000000E+00   0.0000000E+00   0.0000000E+00   0.0000000E+00   0.0000000E+00   0.0000000E+00
   9.6969697E-01   0.0000000E+00   0.0000000E+00   0.0000000E+00   0.0000000E+00   0.0000000E+00   0.0000000E+00
   9.7979798E-01   0.0000000E+00   0.0000000E+00   0.0000000E+00   0.0000000E+00   0.0000000E+00   0.0000000E+00
   9.8989899E-01   0.0000000E+00   0.0000000E+00   0.0000000E+00   0.0000000E+00   0.0000000E+00   0.0000000E+00
   1.0000000E+00   0.0000000E+00   0.0000000E+00   0.0000000E+00   0.0000000E+00   0.0000000E+00   0.0000000E+00
