   0.0000000E+00   1.5299279E+08   7.8218502E+07   2.3121130E+08   2.7809018E-03   8.5646199E-05   1.8488670E-03
   1.0101010E-02   1.6894566E+08   8.5489092E+07   2.5442696E+08   2.9964834E-04   5.6242425E-05   2.1892176E-04
   2.0202020E-02   1.2675877E+08   6.3879327E+07   1.9063030E+08   9.2394782E-04   6.0347861E-05   6.3277066E-04
   3.0303030E-02   7.2201534E+07   3.6313950E+07   1.0851133E+08   1.0151345E-03   1.5124984E-04   7.1301727E-04
   4.0404040E-02   3.6723028E+07   1.8470901E+07   5.5193149E+07   2.9993358E-03   4.2412028E-04   2.1307981E-03
   5.0505051E-02   1.9914333E+07   9.8266049E+06   2.9740002E+07   5.2427937E-03   8.8450802E-04   3.8088038E-03
   6.0606061E-02   1.0792013E+07   5.3680588E+06   1.6160072E+07   8.3418347E-03   1.0895554E-03   5.9318563E-03
   7.0707071E-02   4.2125609E+06   2.1082860E+06   6.3208469E+06   1.3498471E-02   2.3891222E-03   9.7845697E-03
   8.0808081E-02   1.9927436E+06   9.8057805E+05   2.9733217E+06   1.7470817E-02   2.3898574E-03   1.2490900E-02
   9.0909091E-02   1.0861948E+06   5.5739626E+05   1.6435910E+06   2.0235338E-02   3.3226229E-03   1.4482116E-02
   1.0101010E-01   5.7840261E+05   2.7422648E+05   8.5262909E+05   2.0527231E-02   2.4831016E-03   1.4722136E-02
   1.1111111E-01   2.3781043E+05   1.1940154E+05   3.5721197E+05   1.7157639E-02   2.6842877E-03   1.2227046E-02
   1.2121212E-01   5.3945767E+04   2.6517919E+04   8.0463686E+04   4.8024498E-02   1.8742923E-03   3.2793868E-02
   1.3131313E-01   2.4358089E+04   6.3595010E+03   3.0717590E+04   1.3810513E-01   2.8530466E-06   1.0951260E-01
   1.4141414E-01   2.0389829E+04   6.2395104E+03   2.6629339E+04   1.4389110E-01   4.1189103E-05   1.1016796E-01
   1.5151515E-01   2.2150262E+04   6.0315267E+03   2.8181789E+04   1.6858829E-01   4.0557803E-06   1.3250589E-01
   1.6161616E-01   1.5793761E+04   5.6545563E+03   2.1448317E+04   1.8580813E-01   3.8728803E-06   1.3682337E-01
   1.7171717E-01   1.6608109E+04   5.5054503E+03   2.2113559E+04   1.9449029E-01   7.5980561E-06   1.4606762E-01
   1.8181818E-01   1.7938592E+04   5.0262723E+03   2.2964865E+04   2.1126504E-01   2.1601650E-05   1.6503058E-01
   1.9191919E-01   1.5598776E+04   4.4333363E+03   2.0032112E+04   2.3976201E-01   4.1473204E-06   1.8669904E-01
   2.0202020E-01   1.6066739E+04   4.0556818E+03   2.0122421E+04   2.6387150E-01   3.7936775E-05   2.1069564E-01
   2.1212121E-01   1.4261738E+04   4.8281926E+03   1.9089931E+04   2.7071011E-01   3.7476215E-06   2.0224348E-01
   2.2222222E-01   1.2975345E+04   3.6160799E+03   1.6591425E+04   2.7685136E-01   1.5294383E-06   2.1651169E-01
   2.3232323E-01   1.1054785E+04   3.5945006E+03   1.4649285E+04   2.9681397E-01   1.1200663E-05   2.2398192E-01
   2.4242424E-01   1.0984138E+04   2.6647909E+03   1.3648929E+04   3.0065467E-01   3.3296335E-06   2.4195607E-01
   2.5252525E-01   9.1096852E+03   2.1838286E+03   1.1293514E+04   3.2272373E-01   7.4549688E-07   2.6031848E-01
   2.6262626E-01   7.6194021E+03   2.5797976E+03   1.0199200E+04   3.2047746E-01   6.4213921E-07   2.3941536E-01
   2.7272727E-01   8.3193472E+03   1.9065171E+03   1.0225864E+04   3.3356050E-01   1.1354664E-05   2.7137332E-01
   2.8282828E-01   5.9052509E+03   1.8941371E+03   7.7993880E+03   3.4529201E-01   3.2791707E-05   2.6144332E-01
   2.9292929E-01   5.6478327E+03   1.5060887E+03   7.1539214E+03   3.3609866E-01   1.2218006E-06   2.6534113E-01
   3.0303030E-01   3.8476981E+03   1.1959062E+03   5.0436042E+03   3.2289368E-01   1.0178345E-05   2.4633366E-01
   3.1313131E-01   4.1261278E+03   1.1070099E+03   5.2331377E+03   3.5926076E-01   8.2411015E-07   2.8326319E-01
   3.2323232E-01   3.5584708E+03   8.7743115E+02   4.4359019E+03   3.6123206E-01   1.3961384E-05   2.8978223E-01
   3.3333333E-01   2.5997960E+03   1.1344564E+03   3.7342524E+03   3.4902838E-01   3.0792355E-04   2.4308641E-01
   3.4343434E-01   2.1563014E+03   3.6703002E+02   2.5233314E+03   3.5758701E-01   1.0139313E-04   3.0558903E-01
   3.5353535E-01   2.1838286E+03   3.5654345E+02   2.5403721E+03   3.4591408E-01   9.7218358E-06   2.9736337E-01
   3.6363636E-01   1.6465375E+03   5.6328913E+02   2.2098266E+03   3.5554196E-01   1.1203178E-06   2.6491388E-01
   3.7373737E-01   1.0961302E+03   4.2158854E+01   1.1382891E+03   3.5691141E-01   6.4769692E-06   3.4369223E-01
   3.8383838E-01   1.2314823E+03   2.0524705E+02   1.4367294E+03   3.6657898E-01   1.0897705E-05   3.1421210E-01
   3.9393939E-01   9.1992781E+02   1.9998431E+02   1.1199121E+03   3.7918280E-01   4.3711553E-05   3.1146382E-01
   4.0404040E-01   5.8495410E+02   1.1699082E+02   7.0194492E+02   3.6503599E-01   4.8976454E-07   3.0419673E-01
   4.1414141E-01   4.5654954E+02   1.9022898E+02   6.4677852E+02   3.7012237E-01   2.7004779E-05   2.6125492E-01
   4.2424242E-01   4.0853937E+02   1.4855977E+02   5.5709914E+02   3.8281127E-01   7.7096064E-05   2.8074879E-01
   4.3434343E-01   4.7159090E+02   7.2552446E+01   5.4414335E+02   3.8542872E-01   9.0981729E-06   3.3403701E-01
   4.4444444E-01   2.4816235E+02   1.4180705E+02   3.8996940E+02   3.9361877E-01   4.9642037E-06   2.5048647E-01
   4.5454545E-01   3.1197552E+02   6.9327893E+01   3.8130341E+02   3.6041586E-01   3.2316732E-06   2.9488512E-01
   4.6464646E-01   2.0346230E+02   6.7820765E+01   2.7128306E+02   3.8902562E-01   1.8659817E-05   2.9176456E-01
   4.7474747E-01   2.3232220E+02   0.0000000E+00   2.3232220E+02   3.4617864E-01   0.0000000E+00   3.4617864E-01
   4.8484848E-01   3.2497450E+01   9.7492350E+01   1.2998980E+02   3.8456601E-01   8.9913020E-06   9.6148217E-02
   4.9494949E-01   1.2733695E+02   3.1834237E+01   1.5917118E+02   3.4061886E-01   3.1054845E-05   2.7248889E-01
   5.0505051E-01   1.5598776E+02   6.2395104E+01   2.1838286E+02   3.2718220E-01   8.5868741E-05   2.3372611E-01
   5.1515152E-01   6.1171670E+01   3.0585835E+01   9.1757506E+01   3.4241928E-01   1.6517700E-05   2.2827408E-01
   5.2525253E-01   5.9995292E+01   0.0000000E+00   5.9995292E+01   3.7817058E-01   0.0000000E+00   3.7817058E-01
   5.3535354E-01   2.9431653E+01   2.9431653E+01   5.8863306E+01   4.1327183E-01   1.6840480E-05   2.0662750E-01
   5.4545455E-01   5.7773244E+01   0.0000000E+00   5.7773244E+01   3.9888205E-01   0.0000000E+00   3.9888205E-01
   5.5555556E-01   5.6722822E+01   0.0000000E+00   5.6722822E+01   3.7371694E-01   0.0000000E+00   3.7371694E-01
   5.6565657E-01   2.7854957E+01   0.0000000E+00   2.7854957E+01   2.9843625E-01   0.0000000E+00   2.9843625E-01
   5.7575758E-01   0.0000000E+00   0.0000000E+00   0.0000000E+00   0.0000000E+00   0.0000000E+00   0.0000000E+00
   5.8585859E-01   0.0000000E+00   0.0000000E+00   0.0000000E+00   0.0000000E+00   0.0000000E+00   0.0000000E+00
   5.9595960E-01   2.6438603E+01   0.0000000E+00   2.6438603E+01   4.0221197E-01   0.0000000E+00   4.0221197E-01
   6.0606061E-01   0.0000000E+00   0.0000000E+00   0.0000000E+00   0.0000000E+00   0.0000000E+00   0.0000000E+00
   6.1616162E-01   0.0000000E+00   0.0000000E+00   0.0000000E+00   0.0000000E+00   0.0000000E+00   0.0000000E+00
   6.2626263E-01   0.0000000E+00   0.0000000E+00   0.0000000E+00   0.0000000E+00   0.0000000E+00   0.0000000E+00
   6.3636364E-01   0.0000000E+00   0.0000000E+00   0.0000000E+00   0.0000000E+00   0.0000000E+00   0.0000000E+00
   6.4646465E-01   0.0000000E+00   0.0000000E+00   0.0000000E+00   0.0000000E+00   0.0000000E+00   0.0000000E+00
   6.5656566E-01   0.0000000E+00   0.0000000E+00   0.0000000E+00   0.0000000E+00   0.0000000E+00   0.0000000E+00
   6.6666667E-01   0.0000000E+00   0.0000000E+00   0.0000000E+00   0.0000000E+00   0.0000000E+00   0.0000000E+00
   6.7676768E-01   0.0000000E+00   0.0000000E+00   0.0000000E+00   0.0000000E+00   0.0000000E+00   0.0000000E+00
   6.8686869E-01   0.0000000E+00   0.0000000E+00   0.0000000E+00   0.0000000E+00   0.0000000E+00   0.0000000E+00
   6.9696970E-01   2.2606922E+01   0.0000000E+00   2.2606922E+01   4.1237216E-01   0.0000000E+00   4.1237216E-01
   7.0707071E-01   0.0000000E+00   0.0000000E+00   0.0000000E+00   0.0000000E+00   0.0000000E+00   0.0000000E+00
   7.1717172E-01   0.0000000E+00   0.0000000E+00   0.0000000E+00   0.0000000E+00   0.0000000E+00   0.0000000E+00
   7.2727273E-01   0.0000000E+00   0.0000000E+00   0.0000000E+00   0.0000000E+00   0.0000000E+00   0.0000000E+00
   7.3737374E-01   0.0000000E+00   0.0000000E+00   0.0000000E+00   0.0000000E+00   0.0000000E+00   0.0000000E+00
   7.4747475E-01   4.2158854E+01   0.0000000E+00   4.2158854E+01   3.8601736E-01   0.0000000E+00   3.8601736E-01
   7.5757576E-01   0.0000000E+00   0.0000000E+00   0.0000000E+00   0.0000000E+00   0.0000000E+00   0.0000000E+00
   7.6767677E-01   0.0000000E+00   0.0000000E+00   0.0000000E+00   0.0000000E+00   0.0000000E+00   0.0000000E+00
   7.7777778E-01   0.0000000E+00   0.0000000E+00   0.0000000E+00   0.0000000E+00   0.0000000E+00   0.0000000E+00
   7.8787879E-01   0.0000000E+00   0.0000000E+00   0.0000000E+00   0.0000000E+00   0.0000000E+00   0.0000000E+00
   7.9797980E-01   0.0000000E+00   0.0000000E+00   0.0000000E+00   0.0000000E+00   0.0000000E+00   0.0000000E+00
   8.0808081E-01   0.0000000E+00   0.0000000E+00   0.0000000E+00   0.0000000E+00   0.0000000E+00   0.0000000E+00
   8.1818182E-01   0.0000000E+00   0.0000000E+00   0.0000000E+00   0.0000000E+00   0.0000000E+00   0.0000000E+00
   8.2828283E-01   0.0000000E+00   0.0000000E+00   0.0000000E+00   0.0000000E+00   0.0000000E+00   0.0000000E+00
   8.3838384E-01   0.0000000E+00   0.0000000E+00   0.0000000E+00   0.0000000E+00   0.0000000E+00   0.0000000E+00
   8.4848485E-01   0.0000000E+00   0.0000000E+00   0.0000000E+00   0.0000000E+00   0.0000000E+00   0.0000000E+00
   8.5858586E-01   0.0000000E+00   0.0000000E+00   0.0000000E+00   0.0000000E+00   0.0000000E+00   0.0000000E+00
   8.6868687E-01   0.0000000E+00   0.0000000E+00   0.0000000E+00   0.0000000E+00   0.0000000E+00   0.0000000E+00
   8.7878788E-01   0.0000000E+00   0.0000000E+00   0.0000000E+00   0.0000000E+00   0.0000000E+00   0.0000000E+00
   8.8888889E-01   0.0000000E+00   0.0000000E+00   0.0000000E+00   0.0000000E+00   0.0000000E+00   0.0000000E+00
   8.9898990E-01   0.0000000E+00   0.0000000E+00   0.0000000E+00   0.0000000E+00   0.0000000E+00   0.0000000E+00
   9.0909091E-01   0.0000000E+00   0.0000000E+00   0.0000000E+00   0.0000000E+00   0.0000000E+00   0.0000000E+00
   9.1919192E-01   0.0000000E+00   0.0000000E+00   0.0000000E+00   0.0000000E+00   0.0000000E+00   0.0000000E+00
   9.2929293E-01   0.0000000E+00   0.0000000E+00   0.0000000E+00   0.0000000E+00   0.0000000E+00   0.0000000E+00
   9.3939394E-01   0.0000000E+00   0.0000000E+00   0.0000000E+00   0.0000000E+00   0.0000000E+00   0.0000000E+00
   9.4949495E-01   0.0000000E+00   0.0000000E+00   0.0000000E+00   0.0000000E+00   0.0000000E+00   0.0000000E+00
   9.5959596E-01   0.0000000E+00   0.0000000E+00   0.0000000E+00   0.0000000E+00   0.0000000E+00   0.0000000E+00
   9.6969697E-01   0.0000000E+00   0.0000000E+00   0.0000000E+00   0.0000000E+00   0.0000000E+00   0.0000000E+00
   9.7979798E-01   0.0000000E+00   0.0000000E+00   0.0000000E+00   0.0000000E+00   0.0000000E+00   0.0000000E+00
   9.8989899E-01   0.0000000E+00   0.0000000E+00   0.0000000E+00   0.0000000E+00   0.0000000E+00   0.0000000E+00
   1.0000000E+00   0.0000000E+00   0.0000000E+00   0.0000000E+00   0.0000000E+00   0.0000000E+00   0.0000000E+00
