   0.0000000E+00   1.7018889E+08   8.3235069E+07   2.5342395E+08   1.4077374E-03   1.2684348E-05   9.4937045E-04
   1.0101010E-02   1.7974782E+08   8.9717920E+07   2.6944858E+08   1.2697421E-04   1.0201373E-05   8.8929995E-05
   2.0202020E-02   1.3130504E+08   6.6345494E+07   1.9763259E+08   9.0545334E-04   3.3738992E-05   6.1776184E-04
   3.0303030E-02   7.2607103E+07   3.6689361E+07   1.0928710E+08   1.0670636E-03   2.2124511E-04   7.7755960E-04
   4.0404040E-02   3.5369055E+07   1.7706171E+07   5.3072885E+07   3.2700926E-03   5.5271487E-04   2.3508740E-03
   5.0505051E-02   1.8432450E+07   9.1870551E+06   2.7618257E+07   5.6523770E-03   1.2710950E-03   4.1846148E-03
   6.0606061E-02   9.9296608E+06   5.0001876E+06   1.4929329E+07   8.2039150E-03   1.5689951E-03   5.9859442E-03
   7.0707071E-02   3.7971878E+06   1.8743044E+06   5.6714921E+06   1.0736674E-02   2.5468473E-03   8.0204790E-03
   8.0808081E-02   1.7667564E+06   8.9614968E+05   2.6629060E+06   1.6745624E-02   3.4536110E-03   1.2271676E-02
   9.0909091E-02   1.0764889E+06   5.5496979E+05   1.6314586E+06   9.8403272E-03   3.2549627E-03   7.4767349E-03
   1.0101010E-01   5.8511009E+05   2.9622076E+05   8.8133084E+05   1.4404428E-02   2.1389431E-03   1.0157560E-02
   1.1111111E-01   2.5184933E+05   1.2762635E+05   3.7947568E+05   3.6309143E-02   1.6566789E-03   2.4653362E-02
   1.2121212E-01   6.3565012E+04   3.4187317E+04   9.7752329E+04   8.3186887E-02   1.3730411E-03   5.4539649E-02
   1.3131313E-01   3.5037251E+04   1.0919143E+04   4.5956394E+04   1.8076969E-01   1.1831771E-05   1.3781639E-01
   1.4141414E-01   3.2980269E+04   1.1476242E+04   4.4456512E+04   2.1931650E-01   2.0651902E-06   1.6270047E-01
   1.5151515E-01   3.3277389E+04   8.5273309E+03   4.1804720E+04   2.5508099E-01   6.6506392E-06   2.0305086E-01
   1.6161616E-01   2.9247705E+04   9.7492350E+03   3.8996940E+04   2.7627004E-01   2.1150702E-05   2.0719747E-01
   1.7171717E-01   2.6517919E+04   9.7262956E+03   3.6244215E+04   3.0856506E-01   9.4625641E-06   2.2575894E-01
   1.8181818E-01   2.4871382E+04   7.6260683E+03   3.2497450E+04   3.1223958E-01   1.6107722E-05   2.3897113E-01
   1.9191919E-01   1.9375322E+04   6.9783998E+03   2.6353722E+04   3.3217752E-01   1.3564025E-05   2.4421435E-01
   2.0202020E-01   1.4584856E+04   4.2896634E+03   1.8874519E+04   3.3833124E-01   9.4971208E-05   2.6145744E-01
   2.1212121E-01   1.1661942E+04   2.7483558E+03   1.4410298E+04   3.4587432E-01   5.9122860E-07   2.7990849E-01
   2.2222222E-01   7.5157739E+03   1.7725882E+03   9.2883621E+03   3.3766228E-01   1.6518188E-05   2.7322606E-01
   2.3232323E-01   5.6291235E+03   1.2207738E+03   6.8498973E+03   3.3412893E-01   3.6601335E-05   2.7457468E-01
   2.4242424E-01   2.8597756E+03   1.1049133E+03   3.9646889E+03   3.6790245E-01   3.0749491E-05   2.6536373E-01
   2.5252525E-01   2.8701748E+03   6.8634614E+02   3.5565209E+03   3.5476483E-01   7.3660283E-06   2.8630003E-01
   2.6262626E-01   1.9198494E+03   4.1996705E+02   2.3398164E+03   3.5208478E-01   1.4172423E-05   2.8888754E-01
   2.7272727E-01   1.1554649E+03   2.3109298E+02   1.3865579E+03   3.8755824E-01   8.0132743E-06   3.2296388E-01
   2.8282828E-01   6.1280906E+02   5.0138923E+02   1.1141983E+03   3.7068634E-01   5.3195560E-05   2.0385362E-01
   2.9292929E-01   4.8409994E+02   1.6136665E+02   6.4546659E+02   3.7449269E-01   4.2299321E-06   2.8087055E-01
   3.0303030E-01   4.6796328E+02   1.5598776E+02   6.2395104E+02   4.0509869E-01   4.6098909E-06   3.0382293E-01
   3.1313131E-01   4.5286769E+02   0.0000000E+00   4.5286769E+02   3.0376733E-01   0.0000000E+00   3.0376733E-01
   3.2323232E-01   2.4373087E+02   0.0000000E+00   2.4373087E+02   4.1166929E-01   0.0000000E+00   4.1166929E-01
   3.3333333E-01   1.8907607E+02   4.7269018E+01   2.3634509E+02   3.5146388E-01   8.3627485E-06   2.8116944E-01
   3.4343434E-01   1.3763626E+02   0.0000000E+00   1.3763626E+02   4.0634395E-01   0.0000000E+00   4.0634395E-01
   3.5353535E-01   8.9135863E+01   8.9135863E+01   1.7827173E+02   4.2469628E-01   6.6087117E-05   2.1238118E-01
   3.6363636E-01   1.2998980E+02   0.0000000E+00   1.2998980E+02   3.7564608E-01   0.0000000E+00   3.7564608E-01
   3.7373737E-01   4.2158854E+01   0.0000000E+00   4.2158854E+01   4.1606154E-01   0.0000000E+00   4.1606154E-01
   3.8383838E-01   0.0000000E+00   0.0000000E+00   0.0000000E+00   0.0000000E+00   0.0000000E+00   0.0000000E+00
   3.9393939E-01   0.0000000E+00   0.0000000E+00   0.0000000E+00   0.0000000E+00   0.0000000E+00   0.0000000E+00
   4.0404040E-01   0.0000000E+00   0.0000000E+00   0.0000000E+00   0.0000000E+00   0.0000000E+00   0.0000000E+00
   4.1414141E-01   7.6091590E+01   0.0000000E+00   7.6091590E+01   4.2401310E-01   0.0000000E+00   4.2401310E-01
   4.2424242E-01   0.0000000E+00   0.0000000E+00   0.0000000E+00   0.0000000E+00   0.0000000E+00   0.0000000E+00
   4.3434343E-01   0.0000000E+00   0.0000000E+00   0.0000000E+00   0.0000000E+00   0.0000000E+00   0.0000000E+00
   4.4444444E-01   0.0000000E+00   0.0000000E+00   0.0000000E+00   0.0000000E+00   0.0000000E+00   0.0000000E+00
   4.5454545E-01   0.0000000E+00   0.0000000E+00   0.0000000E+00   0.0000000E+00   0.0000000E+00   0.0000000E+00
   4.6464646E-01   0.0000000E+00   0.0000000E+00   0.0000000E+00   0.0000000E+00   0.0000000E+00   0.0000000E+00
   4.7474747E-01   0.0000000E+00   0.0000000E+00   0.0000000E+00   0.0000000E+00   0.0000000E+00   0.0000000E+00
   4.8484848E-01   0.0000000E+00   0.0000000E+00   0.0000000E+00   0.0000000E+00   0.0000000E+00   0.0000000E+00
   4.9494949E-01   0.0000000E+00   0.0000000E+00   0.0000000E+00   0.0000000E+00   0.0000000E+00   0.0000000E+00
   5.0505051E-01   0.0000000E+00   0.0000000E+00   0.0000000E+00   0.0000000E+00   0.0000000E+00   0.0000000E+00
   5.1515152E-01   0.0000000E+00   0.0000000E+00   0.0000000E+00   0.0000000E+00   0.0000000E+00   0.0000000E+00
   5.2525253E-01   0.0000000E+00   0.0000000E+00   0.0000000E+00   0.0000000E+00   0.0000000E+00   0.0000000E+00
   5.3535354E-01   0.0000000E+00   0.0000000E+00   0.0000000E+00   0.0000000E+00   0.0000000E+00   0.0000000E+00
   5.4545455E-01   0.0000000E+00   0.0000000E+00   0.0000000E+00   0.0000000E+00   0.0000000E+00   0.0000000E+00
   5.5555556E-01   0.0000000E+00   0.0000000E+00   0.0000000E+00   0.0000000E+00   0.0000000E+00   0.0000000E+00
   5.6565657E-01   0.0000000E+00   0.0000000E+00   0.0000000E+00   0.0000000E+00   0.0000000E+00   0.0000000E+00
   5.7575758E-01   0.0000000E+00   0.0000000E+00   0.0000000E+00   0.0000000E+00   0.0000000E+00   0.0000000E+00
   5.8585859E-01   0.0000000E+00   0.0000000E+00   0.0000000E+00   0.0000000E+00   0.0000000E+00   0.0000000E+00
   5.9595960E-01   0.0000000E+00   0.0000000E+00   0.0000000E+00   0.0000000E+00   0.0000000E+00   0.0000000E+00
   6.0606061E-01   0.0000000E+00   0.0000000E+00   0.0000000E+00   0.0000000E+00   0.0000000E+00   0.0000000E+00
   6.1616162E-01   0.0000000E+00   0.0000000E+00   0.0000000E+00   0.0000000E+00   0.0000000E+00   0.0000000E+00
   6.2626263E-01   0.0000000E+00   0.0000000E+00   0.0000000E+00   0.0000000E+00   0.0000000E+00   0.0000000E+00
   6.3636364E-01   0.0000000E+00   0.0000000E+00   0.0000000E+00   0.0000000E+00   0.0000000E+00   0.0000000E+00
   6.4646465E-01   0.0000000E+00   0.0000000E+00   0.0000000E+00   0.0000000E+00   0.0000000E+00   0.0000000E+00
   6.5656566E-01   0.0000000E+00   0.0000000E+00   0.0000000E+00   0.0000000E+00   0.0000000E+00   0.0000000E+00
   6.6666667E-01   0.0000000E+00   0.0000000E+00   0.0000000E+00   0.0000000E+00   0.0000000E+00   0.0000000E+00
   6.7676768E-01   0.0000000E+00   0.0000000E+00   0.0000000E+00   0.0000000E+00   0.0000000E+00   0.0000000E+00
   6.8686869E-01   0.0000000E+00   0.0000000E+00   0.0000000E+00   0.0000000E+00   0.0000000E+00   0.0000000E+00
   6.9696970E-01   0.0000000E+00   0.0000000E+00   0.0000000E+00   0.0000000E+00   0.0000000E+00   0.0000000E+00
   7.0707071E-01   0.0000000E+00   0.0000000E+00   0.0000000E+00   0.0000000E+00   0.0000000E+00   0.0000000E+00
   7.1717172E-01   0.0000000E+00   0.0000000E+00   0.0000000E+00   0.0000000E+00   0.0000000E+00   0.0000000E+00
   7.2727273E-01   0.0000000E+00   0.0000000E+00   0.0000000E+00   0.0000000E+00   0.0000000E+00   0.0000000E+00
   7.3737374E-01   0.0000000E+00   0.0000000E+00   0.0000000E+00   0.0000000E+00   0.0000000E+00   0.0000000E+00
   7.4747475E-01   2.1079427E+01   0.0000000E+00   2.1079427E+01   2.9422064E-05   0.0000000E+00   2.9422064E-05
   7.5757576E-01   0.0000000E+00   0.0000000E+00   0.0000000E+00   0.0000000E+00   0.0000000E+00   0.0000000E+00
   7.6767677E-01   0.0000000E+00   0.0000000E+00   0.0000000E+00   0.0000000E+00   0.0000000E+00   0.0000000E+00
   7.7777778E-01   0.0000000E+00   0.0000000E+00   0.0000000E+00   0.0000000E+00   0.0000000E+00   0.0000000E+00
   7.8787879E-01   0.0000000E+00   0.0000000E+00   0.0000000E+00   0.0000000E+00   0.0000000E+00   0.0000000E+00
   7.9797980E-01   0.0000000E+00   0.0000000E+00   0.0000000E+00   0.0000000E+00   0.0000000E+00   0.0000000E+00
   8.0808081E-01   0.0000000E+00   0.0000000E+00   0.0000000E+00   0.0000000E+00   0.0000000E+00   0.0000000E+00
   8.1818182E-01   0.0000000E+00   0.0000000E+00   0.0000000E+00   0.0000000E+00   0.0000000E+00   0.0000000E+00
   8.2828283E-01   0.0000000E+00   0.0000000E+00   0.0000000E+00   0.0000000E+00   0.0000000E+00   0.0000000E+00
   8.3838384E-01   0.0000000E+00   0.0000000E+00   0.0000000E+00   0.0000000E+00   0.0000000E+00   0.0000000E+00
   8.4848485E-01   0.0000000E+00   0.0000000E+00   0.0000000E+00   0.0000000E+00   0.0000000E+00   0.0000000E+00
   8.5858586E-01   1.8351501E+01   0.0000000E+00   1.8351501E+01   1.0287479E-06   0.0000000E+00   1.0287479E-06
   8.6868687E-01   0.0000000E+00   0.0000000E+00   0.0000000E+00   0.0000000E+00   0.0000000E+00   0.0000000E+00
   8.7878788E-01   0.0000000E+00   0.0000000E+00   0.0000000E+00   0.0000000E+00   0.0000000E+00   0.0000000E+00
   8.8888889E-01   0.0000000E+00   0.0000000E+00   0.0000000E+00   0.0000000E+00   0.0000000E+00   0.0000000E+00
   8.9898990E-01   0.0000000E+00   0.0000000E+00   0.0000000E+00   0.0000000E+00   0.0000000E+00   0.0000000E+00
   9.0909091E-01   0.0000000E+00   0.0000000E+00   0.0000000E+00   0.0000000E+00   0.0000000E+00   0.0000000E+00
   9.1919192E-01   0.0000000E+00   0.0000000E+00   0.0000000E+00   0.0000000E+00   0.0000000E+00   0.0000000E+00
   9.2929293E-01   0.0000000E+00   0.0000000E+00   0.0000000E+00   0.0000000E+00   0.0000000E+00   0.0000000E+00
   9.3939394E-01   0.0000000E+00   0.0000000E+00   0.0000000E+00   0.0000000E+00   0.0000000E+00   0.0000000E+00
   9.4949495E-01   0.0000000E+00   0.0000000E+00   0.0000000E+00   0.0000000E+00   0.0000000E+00   0.0000000E+00
   9.5959596E-01   0.0000000E+00   0.0000000E+00   0.0000000E+00   0.0000000E+00   0.0000000E+00   0.0000000E+00
   9.6969697E-01   0.0000000E+00   0.0000000E+00   0.0000000E+00   0.0000000E+00   0.0000000E+00   0.0000000E+00
   9.7979798E-01   0.0000000E+00   0.0000000E+00   0.0000000E+00   0.0000000E+00   0.0000000E+00   0.0000000E+00
   9.8989899E-01   0.0000000E+00   0.0000000E+00   0.0000000E+00   0.0000000E+00   0.0000000E+00   0.0000000E+00
   1.0000000E+00   0.0000000E+00   0.0000000E+00   0.0000000E+00   0.0000000E+00   0.0000000E+00   0.0000000E+00
