   0.0000000E+00   5.3809538E+07   4.0120052E+07   9.3929589E+07   3.1149165E-03   7.9149603E-04   1.5905292E-03
   1.0101010E-02   5.3405529E+07   3.9903229E+07   9.3305638E+07   4.9662464E-04   3.6841492E-05   2.9988009E-04
   2.0202020E-02   5.0497917E+07   3.7592270E+07   8.8085508E+07   8.0279473E-04   2.4881805E-04   4.5856308E-04
   3.0303030E-02   4.4112299E+07   3.0590760E+07   7.4695779E+07   1.4115614E-03   5.8737697E-05   8.1515279E-04
   4.0404040E-02   3.6701580E+07   2.1598065E+07   5.8294966E+07   5.7077016E-04   3.2316487E-04   2.9110199E-04
   5.0505051E-02   2.9086102E+07   1.4248546E+07   4.3333088E+07   5.4688255E-04   5.5342065E-04   4.6581181E-04
   6.0606061E-02   2.1583506E+07   8.7654722E+06   3.0347679E+07   5.6715881E-04   1.8718843E-04   3.6306031E-04
   7.0707071E-02   1.5043237E+07   5.2035288E+06   2.0245874E+07   5.7870310E-04   4.4585490E-04   3.4361788E-04
   8.0808081E-02   1.0314496E+07   3.1224850E+06   1.3436786E+07   5.7393807E-04   6.0262845E-04   4.3561043E-04
   9.0909091E-02   6.8988187E+06   1.9264488E+06   8.8250942E+06   2.3025659E-03   1.3087297E-03   2.0851806E-03
   1.0101010E-01   4.2584658E+06   1.1518136E+06   5.4101235E+06   2.3873145E-03   5.5970217E-04   1.9694049E-03
   1.1111111E-01   2.1088127E+06   5.4453909E+05   2.6533518E+06   4.7837010E-03   2.4901016E-03   4.1393115E-03
   1.2121212E-01   4.4820483E+05   1.0880146E+05   5.5700629E+05   2.0467436E-02   6.1769264E-03   1.7652927E-02
   1.3131313E-01   2.9397693E+04   7.5594068E+03   3.6957100E+04   4.9935060E-02   2.1579929E-02   4.3487819E-02
   1.4141414E-01   2.3621004E+04   5.6824112E+03   2.9303415E+04   8.7528836E-02   5.5156117E-02   8.0922693E-02
   1.5151515E-01   1.8822523E+04   3.3277389E+03   2.2150262E+04   8.0658171E-02   2.9768669E-02   7.2825863E-02
   1.6161616E-01   1.5208807E+04   2.2423240E+03   1.7451131E+04   1.0013087E-01   2.7417600E-02   9.0430456E-02
   1.7171717E-01   1.1286173E+04   2.3856951E+03   1.3671868E+04   9.2845900E-02   2.5167120E-02   8.0807076E-02
   1.8181818E-01   8.5793268E+03   1.1265783E+03   9.7059050E+03   1.0618010E-01   6.3731028E-05   9.3848302E-02
   1.9191919E-01   8.2098821E+03   1.7240752E+03   9.9339573E+03   1.2507473E-01   6.0174422E-02   1.1259450E-01
   2.0202020E-01   7.8773819E+03   1.3258960E+03   9.2032778E+03   7.5426443E-02   3.9844429E-02   6.9489149E-02
   2.1212121E-01   7.0565891E+03   1.6341575E+03   8.6907466E+03   9.3258891E-02   3.0753969E-02   7.8422291E-02
   2.2222222E-01   5.6013786E+03   9.9264938E+02   6.5940280E+03   5.2170343E-02   5.7648191E-05   4.4308334E-02
   2.3232323E-01   4.9509159E+03   6.1038689E+02   5.5613027E+03   8.6780071E-02   4.4902767E-02   8.1724852E-02
   2.4242424E-01   4.4196532E+03   6.4994900E+02   5.0696022E+03   9.1109120E-02   4.7726360E-02   8.5455045E-02
   2.5252525E-01   3.3693356E+03   7.4874125E+02   4.1180769E+03   1.3720820E-01   8.1700859E-02   1.2711515E-01
   2.6262626E-01   3.2997411E+03   2.9997646E+02   3.5997175E+03   1.0039657E-01   1.3663228E-05   9.2029055E-02
   2.7272727E-01   3.0619820E+03   5.1995920E+02   3.5819411E+03   1.0911536E-01   6.6094317E-03   9.3013007E-02
   2.8282828E-01   2.3398164E+03   3.3425949E+02   2.6740759E+03   9.1110792E-02   4.2170402E-07   7.9721990E-02
   2.9292929E-01   2.6356553E+03   1.6136665E+02   2.7970219E+03   9.1902851E-02   1.1604363E-05   8.6601394E-02
   3.0303030E-01   2.3918123E+03   2.0798368E+02   2.5997960E+03   6.9882584E-02   1.0292775E-05   6.4291155E-02
   3.1313131E-01   1.4089217E+03   5.0318632E+01   1.4592403E+03   1.4219775E-01   3.5373125E-01   1.4825379E-01
   3.2323232E-01   1.5598776E+03   1.9498470E+02   1.7548623E+03   9.1784538E-02   5.3627861E-04   8.1643691E-02
   3.3333333E-01   1.0399184E+03   2.8361411E+02   1.3235325E+03   1.5286339E-01   4.8390896E-02   1.3039882E-01
   3.4343434E-01   8.7169630E+02   9.1757506E+01   9.6345381E+02   1.5337567E-01   5.4815565E-05   1.3877345E-01
   3.5353535E-01   1.0696304E+03   4.4567931E+01   1.1141983E+03   1.0056350E-01   1.6615037E-05   9.6540297E-02
   3.6363636E-01   9.5325853E+02   4.3329933E+01   9.9658846E+02   1.2028447E-01   1.9708476E-05   1.1505553E-01
   3.7373737E-01   7.5885937E+02   1.6863542E+02   9.2749479E+02   1.8862449E-01   3.9436091E-06   1.5432841E-01
   3.8383838E-01   4.5154351E+02   0.0000000E+00   4.5154351E+02   7.5367850E-02   0.0000000E+00   7.5367850E-02
   3.9393939E-01   5.9995292E+02   0.0000000E+00   5.9995292E+02   8.0947017E-02   0.0000000E+00   8.0947017E-02
   4.0404040E-01   3.8996940E+02   0.0000000E+00   3.8996940E+02   1.6048060E-01   0.0000000E+00   1.6048060E-01
   4.1414141E-01   5.3264113E+02   0.0000000E+00   5.3264113E+02   7.7349929E-02   0.0000000E+00   7.7349929E-02
   4.2424242E-01   2.9711954E+02   3.7139943E+01   3.3425949E+02   5.4857762E-02   1.1310241E-04   4.8750187E-02
   4.3434343E-01   2.9020979E+02   0.0000000E+00   2.9020979E+02   5.6479678E-02   0.0000000E+00   5.6479678E-02
   4.4444444E-01   2.4816235E+02   3.5451764E+01   2.8361411E+02   5.4294293E-02   4.2438090E-01   9.9820034E-02
   4.5454545E-01   2.0798368E+02   0.0000000E+00   2.0798368E+02   5.8756614E-02   0.0000000E+00   5.8756614E-02
   4.6464646E-01   6.7820765E+01   0.0000000E+00   6.7820765E+01   1.3029375E-06   0.0000000E+00   1.3029375E-06
   4.7474747E-01   1.3275554E+02   0.0000000E+00   1.3275554E+02   1.6771702E-01   0.0000000E+00   1.6771702E-01
   4.8484848E-01   1.2998980E+02   0.0000000E+00   1.2998980E+02   1.1722761E-05   0.0000000E+00   1.1722761E-05
   4.9494949E-01   9.5502710E+01   3.1834237E+01   1.2733695E+02   1.4909529E-01   2.8292060E-05   1.1181456E-01
   5.0505051E-01   9.3592656E+01   0.0000000E+00   9.3592656E+01   1.3410436E-01   0.0000000E+00   1.3410436E-01
   5.1515152E-01   1.2234334E+02   0.0000000E+00   1.2234334E+02   1.5358734E-01   0.0000000E+00   1.5358734E-01
   5.2525253E-01   8.9992938E+01   0.0000000E+00   8.9992938E+01   1.1006859E-04   0.0000000E+00   1.1006859E-04
   5.3535354E-01   5.8863306E+01   0.0000000E+00   5.8863306E+01   9.3085627E-06   0.0000000E+00   9.3085627E-06
   5.4545455E-01   2.8886622E+01   2.8886622E+01   5.7773244E+01   3.5583976E-06   2.5899357E-06   3.0586182E-06
   5.5555556E-01   5.6722822E+01   0.0000000E+00   5.6722822E+01   2.0917676E-01   0.0000000E+00   2.0917676E-01
   5.6565657E-01   5.5709914E+01   0.0000000E+00   5.5709914E+01   1.7463347E-01   0.0000000E+00   1.7463347E-01
   5.7575758E-01   2.7366274E+01   0.0000000E+00   2.7366274E+01   2.8431962E-06   0.0000000E+00   2.8431962E-06
   5.8585859E-01   0.0000000E+00   0.0000000E+00   0.0000000E+00   0.0000000E+00   0.0000000E+00   0.0000000E+00
   5.9595960E-01   0.0000000E+00   2.6438603E+01   2.6438603E+01   0.0000000E+00   4.0369354E-06   4.0369354E-06
   6.0606061E-01   0.0000000E+00   0.0000000E+00   0.0000000E+00   0.0000000E+00   0.0000000E+00   0.0000000E+00
   6.1616162E-01   0.0000000E+00   0.0000000E+00   0.0000000E+00   0.0000000E+00   0.0000000E+00   0.0000000E+00
   6.2626263E-01   2.5159316E+01   0.0000000E+00   2.5159316E+01   1.0767353E-05   0.0000000E+00   1.0767353E-05
   6.3636364E-01   0.0000000E+00   0.0000000E+00   0.0000000E+00   0.0000000E+00   0.0000000E+00   0.0000000E+00
   6.4646465E-01   2.4373087E+01   0.0000000E+00   2.4373087E+01   5.3867409E-06   0.0000000E+00   5.3867409E-06
   6.5656566E-01   4.7996234E+01   0.0000000E+00   4.7996234E+01   1.8015194E-06   0.0000000E+00   1.8015194E-06
   6.6666667E-01   0.0000000E+00   0.0000000E+00   0.0000000E+00   0.0000000E+00   0.0000000E+00   0.0000000E+00
   6.7676768E-01   0.0000000E+00   0.0000000E+00   0.0000000E+00   0.0000000E+00   0.0000000E+00   0.0000000E+00
   6.8686869E-01   0.0000000E+00   0.0000000E+00   0.0000000E+00   0.0000000E+00   0.0000000E+00   0.0000000E+00
   6.9696970E-01   2.2606922E+01   0.0000000E+00   2.2606922E+01   5.8671742E-04   0.0000000E+00   5.8671742E-04
   7.0707071E-01   2.2283966E+01   0.0000000E+00   2.2283966E+01   1.4929653E-04   0.0000000E+00   1.4929653E-04
   7.1717172E-01   0.0000000E+00   0.0000000E+00   0.0000000E+00   0.0000000E+00   0.0000000E+00   0.0000000E+00
   7.2727273E-01   4.3329933E+01   0.0000000E+00   4.3329933E+01   3.1981341E-07   0.0000000E+00   3.1981341E-07
   7.3737374E-01   0.0000000E+00   0.0000000E+00   0.0000000E+00   0.0000000E+00   0.0000000E+00   0.0000000E+00
   7.4747475E-01   2.1079427E+01   0.0000000E+00   2.1079427E+01   4.3477256E-06   0.0000000E+00   4.3477256E-06
   7.5757576E-01   0.0000000E+00   0.0000000E+00   0.0000000E+00   0.0000000E+00   0.0000000E+00   0.0000000E+00
   7.6767677E-01   0.0000000E+00   0.0000000E+00   0.0000000E+00   0.0000000E+00   0.0000000E+00   0.0000000E+00
   7.7777778E-01   0.0000000E+00   0.0000000E+00   0.0000000E+00   0.0000000E+00   0.0000000E+00   0.0000000E+00
   7.8787879E-01   0.0000000E+00   0.0000000E+00   0.0000000E+00   0.0000000E+00   0.0000000E+00   0.0000000E+00
   7.9797980E-01   1.9745286E+01   0.0000000E+00   1.9745286E+01   2.2066771E-06   0.0000000E+00   2.2066771E-06
   8.0808081E-01   0.0000000E+00   0.0000000E+00   0.0000000E+00   0.0000000E+00   0.0000000E+00   0.0000000E+00
   8.1818182E-01   1.9257748E+01   0.0000000E+00   1.9257748E+01   1.3554682E-05   0.0000000E+00   1.3554682E-05
   8.2828283E-01   0.0000000E+00   0.0000000E+00   0.0000000E+00   0.0000000E+00   0.0000000E+00   0.0000000E+00
   8.3838384E-01   0.0000000E+00   0.0000000E+00   0.0000000E+00   0.0000000E+00   0.0000000E+00   0.0000000E+00
   8.4848485E-01   0.0000000E+00   0.0000000E+00   0.0000000E+00   0.0000000E+00   0.0000000E+00   0.0000000E+00
   8.5858586E-01   1.8351501E+01   0.0000000E+00   1.8351501E+01   4.7595551E-06   0.0000000E+00   4.7595551E-06
   8.6868687E-01   0.0000000E+00   0.0000000E+00   0.0000000E+00   0.0000000E+00   0.0000000E+00   0.0000000E+00
   8.7878788E-01   0.0000000E+00   0.0000000E+00   0.0000000E+00   0.0000000E+00   0.0000000E+00   0.0000000E+00
   8.8888889E-01   0.0000000E+00   0.0000000E+00   0.0000000E+00   0.0000000E+00   0.0000000E+00   0.0000000E+00
   8.9898990E-01   0.0000000E+00   0.0000000E+00   0.0000000E+00   0.0000000E+00   0.0000000E+00   0.0000000E+00
   9.0909091E-01   0.0000000E+00   0.0000000E+00   0.0000000E+00   0.0000000E+00   0.0000000E+00   0.0000000E+00
   9.1919192E-01   0.0000000E+00   0.0000000E+00   0.0000000E+00   0.0000000E+00   0.0000000E+00   0.0000000E+00
   9.2929293E-01   0.0000000E+00   0.0000000E+00   0.0000000E+00   0.0000000E+00   0.0000000E+00   0.0000000E+00
   9.3939394E-01   0.0000000E+00   0.0000000E+00   0.0000000E+00   0.0000000E+00   0.0000000E+00   0.0000000E+00
   9.4949495E-01   0.0000000E+00   0.0000000E+00   0.0000000E+00   0.0000000E+00   0.0000000E+00   0.0000000E+00
   9.5959596E-01   0.0000000E+00   0.0000000E+00   0.0000000E+00   0.0000000E+00   0.0000000E+00   0.0000000E+00
   9.6969697E-01   0.0000000E+00   0.0000000E+00   0.0000000E+00   0.0000000E+00   0.0000000E+00   0.0000000E+00
   9.7979798E-01   0.0000000E+00   0.0000000E+00   0.0000000E+00   0.0000000E+00   0.0000000E+00   0.0000000E+00
   9.8989899E-01   0.0000000E+00   0.0000000E+00   0.0000000E+00   0.0000000E+00   0.0000000E+00   0.0000000E+00
   1.0000000E+00   0.0000000E+00   0.0000000E+00   0.0000000E+00   0.0000000E+00   0.0000000E+00   0.0000000E+00
