   0.0000000E+00   4.5985192E+07   2.6343213E+07   7.2328404E+07   5.9653893E-03   1.5752488E-03   3.9610075E-03
   1.0101010E-02   4.7198776E+07   2.7282259E+07   7.4479476E+07   1.0398628E-03   8.1522714E-04   7.1058432E-04
   2.0202020E-02   4.7387522E+07   2.7098194E+07   7.4484935E+07   1.2069333E-03   2.6043515E-04   8.0451278E-04
   3.0303030E-02   4.3831521E+07   2.4812453E+07   6.8643454E+07   1.0381301E-03   1.5203134E-04   7.1625711E-04
   4.0404040E-02   3.7081800E+07   2.0111892E+07   5.7193692E+07   4.7946390E-04   9.6496971E-04   3.8293216E-04
   5.0505051E-02   2.9690710E+07   1.4973889E+07   4.4663663E+07   5.9036791E-04   2.9627837E-04   3.3665463E-04
   6.0606061E-02   2.2031971E+07   1.0360967E+07   3.2392418E+07   1.2826311E-03   7.8452874E-04   1.0795211E-03
   7.0707071E-02   1.5157331E+07   6.8442972E+06   2.2001405E+07   2.2531878E-04   3.6800549E-04   1.1056815E-04
   8.0808081E-02   1.0437531E+07   4.5400237E+06   1.4977555E+07   2.5699967E-04   1.0630842E-03   1.4355631E-04
   9.0909091E-02   7.0747382E+06   2.9918452E+06   1.0066583E+07   2.4398205E-03   5.5224554E-04   1.8454397E-03
   1.0101010E-01   4.4841801E+06   1.8529786E+06   6.3371587E+06   5.3884547E-03   1.5023195E-03   4.1671775E-03
   1.1111111E-01   2.2374317E+06   9.5280160E+05   3.1902333E+06   1.1093832E-02   3.3025654E-03   8.6806412E-03
   1.2121212E-01   5.0163064E+05   2.0941357E+05   7.1104420E+05   3.1681246E-02   9.6529366E-03   2.5179829E-02
   1.3131313E-01   2.9877656E+04   9.4792562E+03   3.9356912E+04   1.1094000E-01   1.1281481E-02   8.6360717E-02
   1.4141414E-01   2.4512362E+04   6.3509302E+03   3.0863292E+04   1.2267405E-01   2.4513182E-02   1.0246909E-01
   1.5151515E-01   1.6638694E+04   5.0956002E+03   2.1734295E+04   1.5764867E-01   2.4399487E-02   1.2609374E-01
   1.6161616E-01   1.1894067E+04   4.5821404E+03   1.6476207E+04   1.7713372E-01   6.5294175E-02   1.4583321E-01
   1.7171717E-01   8.3499330E+03   2.8444827E+03   1.1194416E+04   1.5832688E-01   2.0588262E-02   1.2269398E-01
   1.8181818E-01   6.4994900E+03   1.9931769E+03   8.4926669E+03   1.6784208E-01   5.4835623E-02   1.4120621E-01
   1.9191919E-01   6.2395104E+03   1.8882729E+03   8.1277833E+03   1.5316030E-01   5.6314302E-02   1.3059035E-01
   2.0202020E-01   4.5236450E+03   1.3258960E+03   5.8495410E+03   1.8566400E-01   2.4395558E-02   1.4684486E-01
   2.1212121E-01   3.8625541E+03   8.9135863E+02   4.7539127E+03   2.1474299E-01   9.8668020E-02   1.9263543E-01
   2.2222222E-01   3.3324658E+03   8.5084233E+02   4.1833081E+03   1.5502710E-01   7.1095887E-02   1.3705301E-01
   2.3232323E-01   2.6450098E+03   9.4949071E+02   3.5945006E+03   1.8455695E-01   1.0076989E-01   1.6228481E-01
   2.4242424E-01   2.5997960E+03   7.1494390E+02   3.3147399E+03   1.7554470E-01   8.5603749E-02   1.5604320E-01
   2.5252525E-01   1.9966433E+03   3.7437062E+02   2.3710139E+03   1.6588281E-01   6.4432865E-02   1.4981519E-01
   2.6262626E-01   1.6798682E+03   7.1994351E+02   2.3998117E+03   1.8151773E-01   2.4492478E-02   1.3438381E-01
   2.7272727E-01   1.0976916E+03   7.5105218E+02   1.8487438E+03   1.7181923E-01   2.1285587E-05   1.0201072E-01
   2.8282828E-01   1.3370379E+03   4.4567931E+02   1.7827173E+03   2.0815852E-01   4.7042664E-02   1.6745197E-01
   2.9292929E-01   1.1833554E+03   5.3788883E+01   1.2371443E+03   1.7186096E-01   3.6137464E-01   1.7472884E-01
   3.0303030E-01   1.0399184E+03   3.1197552E+02   1.3518939E+03   1.9954507E-01   1.3877423E-01   1.8505923E-01
   3.1313131E-01   9.5605401E+02   2.0127453E+02   1.1573285E+03   1.8962942E-01   1.4160572E-01   1.7691347E-01
   3.2323232E-01   6.3370027E+02   2.4373087E+02   8.7743115E+02   2.5253518E-01   2.5746488E-02   1.8199732E-01
   3.3333333E-01   7.0903527E+02   2.3634509E+02   9.4538036E+02   1.5546910E-01   7.0793165E-02   1.3319390E-01
   3.4343434E-01   8.7169630E+02   2.2939376E+02   1.1010901E+03   2.0491511E-01   6.5482246E-02   1.7576093E-01
   3.5353535E-01   6.6851897E+02   1.3370379E+02   8.0222276E+02   2.1248022E-01   4.9613462E-02   1.8334920E-01
   3.6363636E-01   9.0992860E+02   2.1664967E+02   1.1265783E+03   1.8194002E-01   1.3660877E-01   1.7129554E-01
   3.7373737E-01   3.3727083E+02   8.4317708E+01   4.2158854E+02   2.0541667E-01   3.9264259E-06   1.6433257E-01
   3.8383838E-01   4.1049410E+02   8.2098821E+01   4.9259293E+02   1.9284266E-01   4.4513748E-05   1.6069499E-01
   3.9393939E-01   4.7996234E+02   1.1999058E+02   5.9995292E+02   1.3706099E-01   2.4563234E-05   1.0964404E-01
   4.0404040E-01   3.8996940E+02   1.1699082E+02   5.0696022E+02   1.7097382E-01   5.2672222E-02   1.3939754E-01
   4.1414141E-01   3.4241216E+02   7.6091590E+01   4.1850375E+02   1.1765372E-01   3.1144641E-06   9.6261569E-02
   4.2424242E-01   6.3137903E+02   1.4855977E+02   7.7993880E+02   2.2155890E-01   1.0916662E-01   1.9879866E-01
   4.3434343E-01   2.5393356E+02   0.0000000E+00   2.5393356E+02   1.3428119E-01   0.0000000E+00   1.3428119E-01
   4.4444444E-01   2.1271058E+02   0.0000000E+00   2.1271058E+02   2.4507697E-01   0.0000000E+00   2.4507697E-01
   4.5454545E-01   3.8130341E+02   0.0000000E+00   3.8130341E+02   1.6679257E-01   0.0000000E+00   1.6679257E-01
   4.6464646E-01   2.7128306E+02   1.3564153E+02   4.0692459E+02   2.8523741E-01   2.0255698E-02   1.9646772E-01
   4.7474747E-01   1.6594443E+02   3.3188885E+01   1.9913331E+02   2.7731877E-01   1.4334082E-06   2.3109920E-01
   4.8484848E-01   1.9498470E+02   3.2497450E+01   2.2748215E+02   3.8010497E-01   2.2126159E-06   3.2580457E-01
   4.9494949E-01   2.8650813E+02   6.3668473E+01   3.5017660E+02   1.0116571E-01   8.9071336E-02   9.1561864E-02
   5.0505051E-01   2.1838286E+02   0.0000000E+00   2.1838286E+02   1.3805029E-01   0.0000000E+00   1.3805029E-01
   5.1515152E-01   3.0585835E+02   9.1757506E+01   3.9761586E+02   2.2921204E-01   1.5672335E-01   2.1226348E-01
   5.2525253E-01   2.3998117E+02   2.9997646E+01   2.6997881E+02   1.9959468E-01   1.0090961E-05   1.7741646E-01
   5.3535354E-01   2.9431653E+02   5.8863306E+01   3.5317983E+02   2.5758365E-01   8.5944536E-06   2.1465441E-01
   5.4545455E-01   1.1554649E+02   5.7773244E+01   1.7331973E+02   2.2248475E-01   7.9619188E-06   1.4832066E-01
   5.5555556E-01   1.9852988E+02   0.0000000E+00   1.9852988E+02   2.5540257E-01   0.0000000E+00   2.5540257E-01
   5.6565657E-01   1.9498470E+02   2.7854957E+01   2.2283966E+02   1.8645546E-01   4.5633214E-01   2.1987977E-01
   5.7575758E-01   5.4732547E+01   0.0000000E+00   5.4732547E+01   1.6717839E-01   0.0000000E+00   1.6717839E-01
   5.8585859E-01   1.8826109E+02   8.0683324E+01   2.6894441E+02   6.1827947E-02   1.7900304E-01   9.5844463E-02
   5.9595960E-01   1.5863162E+02   2.6438603E+01   1.8507022E+02   1.1146118E-01   4.3722755E-06   9.5538754E-02
   6.0606061E-01   1.5598776E+02   0.0000000E+00   1.5598776E+02   2.3969688E-01   0.0000000E+00   2.3969688E-01
   6.1616162E-01   1.5343058E+02   7.6715292E+01   2.3014588E+02   1.4400935E-01   6.5099729E-08   9.6006225E-02
   6.2626263E-01   1.0063726E+02   0.0000000E+00   1.0063726E+02   1.2067966E-01   0.0000000E+00   1.2067966E-01
   6.3636364E-01   1.4855977E+02   2.4759962E+01   1.7331973E+02   2.7633641E-01   8.5183033E-06   2.3685857E-01
   6.4646465E-01   1.9498470E+02   4.8746175E+01   2.4373087E+02   2.2297314E-01   3.5892071E-05   1.7838542E-01
   6.5656566E-01   1.1999058E+02   4.7996234E+01   1.6798682E+02   3.0752788E-01   6.2405914E-06   2.1966100E-01
   6.6666667E-01   1.1817255E+02   2.3634509E+01   1.4180705E+02   1.1748142E-01   2.2700084E-05   9.7904950E-02
   6.7676768E-01   1.1640878E+02   6.9845266E+01   1.8625404E+02   1.4666263E-01   8.1004322E-06   9.1661223E-02
   6.8686869E-01   1.8351501E+02   2.2939376E+01   2.0645439E+02   1.2705656E-01   1.6092672E-05   1.1294095E-01
   6.9696970E-01   4.5213843E+01   0.0000000E+00   4.5213843E+01   1.3144918E-05   0.0000000E+00   1.3144918E-05
   7.0707071E-01   4.4567931E+01   2.2283966E+01   6.6851897E+01   1.8647327E-01   1.3359971E-05   1.2431133E-01
   7.1717172E-01   0.0000000E+00   2.1970107E+01   2.1970107E+01   0.0000000E+00   2.9101041E-06   2.9101041E-06
   7.2727273E-01   2.1664967E+01   0.0000000E+00   2.1664967E+01   7.9671755E-06   0.0000000E+00   7.9671755E-06
   7.3737374E-01   2.1368186E+01   0.0000000E+00   2.1368186E+01   4.0936118E-05   0.0000000E+00   4.0936118E-05
   7.4747475E-01   1.6863542E+02   8.4317708E+01   2.5295312E+02   4.1021974E-01   1.7227006E-01   3.3082986E-01
   7.5757576E-01   1.0399184E+02   2.0798368E+01   1.2479021E+02   2.3082984E-01   1.5623143E-05   1.9236074E-01
   7.6767677E-01   8.2098821E+01   0.0000000E+00   8.2098821E+01   1.5176066E-01   0.0000000E+00   1.5176066E-01
   7.7777778E-01   6.0774452E+01   2.0258151E+01   8.1032602E+01   2.8913097E-01   3.1267592E-01   2.9460317E-01
   7.8787879E-01   5.9995292E+01   0.0000000E+00   5.9995292E+01   4.2900404E-05   0.0000000E+00   4.2900404E-05
   7.9797980E-01   0.0000000E+00   0.0000000E+00   0.0000000E+00   0.0000000E+00   0.0000000E+00   0.0000000E+00
   8.0808081E-01   5.8495410E+01   0.0000000E+00   5.8495410E+01   3.1895662E-06   0.0000000E+00   3.1895662E-06
   8.1818182E-01   0.0000000E+00   0.0000000E+00   0.0000000E+00   0.0000000E+00   0.0000000E+00   0.0000000E+00
   8.2828283E-01   5.7068693E+01   0.0000000E+00   5.7068693E+01   8.8293189E-02   0.0000000E+00   8.8293189E-02
   8.3838384E-01   3.7587412E+01   3.7587412E+01   7.5174824E+01   1.7245299E-01   1.3756805E-01   1.5469014E-01
   8.4848485E-01   9.2849857E+01   0.0000000E+00   9.2849857E+01   6.9184006E-02   0.0000000E+00   6.9184006E-02
   8.5858586E-01   3.6703002E+01   0.0000000E+00   3.6703002E+01   3.6216650E-01   0.0000000E+00   3.6216650E-01
   8.6868687E-01   0.0000000E+00   0.0000000E+00   0.0000000E+00   0.0000000E+00   0.0000000E+00   0.0000000E+00
   8.7878788E-01   0.0000000E+00   0.0000000E+00   0.0000000E+00   0.0000000E+00   0.0000000E+00   0.0000000E+00
   8.8888889E-01   3.5451764E+01   0.0000000E+00   3.5451764E+01   3.1906038E-01   0.0000000E+00   3.1906038E-01
   8.9898990E-01   1.7526715E+01   0.0000000E+00   1.7526715E+01   1.7136163E-05   0.0000000E+00   1.7136163E-05
   9.0909091E-01   0.0000000E+00   0.0000000E+00   0.0000000E+00   0.0000000E+00   0.0000000E+00   0.0000000E+00
   9.1919192E-01   3.4283024E+01   0.0000000E+00   3.4283024E+01   4.0904464E-01   0.0000000E+00   4.0904464E-01
   9.2929293E-01   1.6955191E+01   0.0000000E+00   1.6955191E+01   3.9307379E-01   0.0000000E+00   3.9307379E-01
   9.3939394E-01   0.0000000E+00   0.0000000E+00   0.0000000E+00   0.0000000E+00   0.0000000E+00   0.0000000E+00
   9.4949495E-01   1.6594443E+01   0.0000000E+00   1.6594443E+01   4.1701255E-01   0.0000000E+00   4.1701255E-01
   9.5959596E-01   0.0000000E+00   0.0000000E+00   0.0000000E+00   0.0000000E+00   0.0000000E+00   0.0000000E+00
   9.6969697E-01   1.6248725E+01   0.0000000E+00   1.6248725E+01   5.3045044E-05   0.0000000E+00   5.3045044E-05
   9.7979798E-01   0.0000000E+00   0.0000000E+00   0.0000000E+00   0.0000000E+00   0.0000000E+00   0.0000000E+00
   9.8989899E-01   0.0000000E+00   0.0000000E+00   0.0000000E+00   0.0000000E+00   0.0000000E+00   0.0000000E+00
   1.0000000E+00   0.0000000E+00   0.0000000E+00   0.0000000E+00   0.0000000E+00   0.0000000E+00   0.0000000E+00
