   0.0000000E+00   4.4765754E+08   2.2256062E+08   6.7021816E+08   3.1018831E-03   5.4103539E-04   1.9014216E-03
   6.1843687E+20   1.4237684E-15   7.0694011E-16   2.1307085E-15   5.3026359E-03   2.8073692E-04   3.6256359E-03
   1.2368737E+21   1.4421964E-15   7.2222183E-16   2.1644182E-15   5.0579626E-04   6.3854782E-05   3.5359888E-04
   1.8553106E+21   1.4339134E-15   7.1053581E-16   2.1444492E-15   8.3511543E-04   4.8961203E-05   5.6718916E-04
   2.4737475E+21   1.4625827E-15   7.2109818E-16   2.1836809E-15   8.8266770E-04   3.5658108E-05   5.8256301E-04
   3.0921844E+21   1.4881828E-15   7.3704125E-16   2.2252240E-15   8.9873799E-04   1.2546712E-05   5.9875086E-04
   3.7106212E+21   1.5029594E-15   7.4283289E-16   2.2457923E-15   7.9614428E-04   3.5070747E-05   5.3134750E-04
   4.3290581E+21   1.5228152E-15   7.4726331E-16   2.2700785E-15   1.5746611E-03   3.0116598E-05   1.0658438E-03
   4.9474950E+21   1.5446096E-15   7.6089165E-16   2.3055012E-15   1.1882719E-03   2.3708057E-05   8.0246537E-04
   5.5659319E+21   1.5494038E-15   7.7524413E-16   2.3246480E-15   8.5550332E-04   5.0940043E-05   5.7016985E-04
   6.1843687E+21   1.5451104E-15   7.6668008E-16   2.3117905E-15   1.1034627E-03   5.6135480E-05   7.2131195E-04
   6.8028056E+21   1.5493494E-15   7.6370079E-16   2.3130385E-15   9.5041253E-04   4.7717347E-05   6.3476635E-04
   7.4212425E+21   1.5340472E-15   7.5570678E-16   2.2897540E-15   4.6350465E-04   3.7324433E-05   3.1762184E-04
   8.0396794E+21   1.5351066E-15   7.5504740E-16   2.2901244E-15   1.1377339E-03   2.7404428E-05   7.6631131E-04
   8.6581162E+21   1.5133031E-15   7.4704316E-16   2.2603555E-15   1.5515640E-03   1.6727479E-05   1.0340306E-03
   9.2765531E+21   1.4847069E-15   7.3405340E-16   2.2187518E-15   1.2493554E-04   5.2260931E-05   7.5181632E-05
   9.8949900E+21   1.4464341E-15   7.1275102E-16   2.1591852E-15   4.6624695E-04   1.1983125E-04   3.1431996E-04
   1.0513427E+22   1.4052762E-15   6.9870626E-16   2.1039900E-15   6.7759112E-04   5.2031986E-05   4.3624930E-04
   1.1131864E+22   1.3719518E-15   6.7593434E-16   2.0478719E-15   8.6145671E-04   4.5100572E-05   5.6080658E-04
   1.1750301E+22   1.3301856E-15   6.5722890E-16   1.9874077E-15   3.6967085E-04   1.8375182E-05   2.5241861E-04
   1.2368737E+22   1.2749899E-15   6.3259903E-16   1.9075954E-15   3.4018827E-05   4.1477631E-05   1.5108898E-05
   1.2987174E+22   1.2212351E-15   6.0723896E-16   1.8284741E-15   1.1297088E-03   5.8327021E-05   7.6965186E-04
   1.3605611E+22   1.1635705E-15   5.8065286E-16   1.7442117E-15   1.2741959E-03   2.2657678E-05   8.5289150E-04
   1.4224048E+22   1.1179441E-15   5.5277731E-16   1.6707215E-15   1.2307448E-03   3.9184646E-05   8.3385991E-04
   1.4842485E+22   1.0576492E-15   5.2601010E-16   1.5836539E-15   2.7468769E-04   5.6911238E-05   1.9877922E-04
   1.5460922E+22   9.9867458E-16   4.9977648E-16   1.4984408E-15   7.7309230E-04   7.0566002E-05   5.0099191E-04
   1.6079359E+22   9.3617580E-16   4.6745569E-16   1.4036315E-15   1.4808940E-03   4.8028089E-05   9.9588413E-04
   1.6697796E+22   8.7898194E-16   4.3536020E-16   1.3143374E-15   1.0603432E-03   1.7171335E-05   7.0759007E-04
   1.7316232E+22   8.2540097E-16   4.0856130E-16   1.2339577E-15   1.5342466E-03   4.0285058E-05   1.0338418E-03
   1.7934669E+22   7.6812456E-16   3.8337591E-16   1.1514960E-15   1.0144827E-03   5.1149008E-05   6.6226063E-04
   1.8553106E+22   7.1231226E-16   3.5833281E-16   1.0706493E-15   7.3520145E-04   5.7878482E-05   5.0632119E-04
   1.9171543E+22   6.5831947E-16   3.2919287E-16   9.8751234E-16   1.6343286E-03   6.8016543E-05   1.0975035E-03
   1.9789980E+22   6.0718354E-16   3.0642098E-16   9.1360452E-16   1.2351370E-03   1.2722059E-05   8.1797228E-04
   2.0408417E+22   5.5802214E-16   2.8176427E-16   8.3978251E-16   2.1561419E-03   5.5326105E-05   1.4174318E-03
   2.1026854E+22   5.1187722E-16   2.5613690E-16   7.6801034E-16   1.8531863E-03   4.1860995E-05   1.2285493E-03
   2.1645291E+22   4.6726843E-16   2.3461936E-16   7.0188779E-16   1.4663144E-03   1.9091506E-05   9.7229718E-04
   2.2263727E+22   4.2833765E-16   2.1735073E-16   6.4568838E-16   3.3071726E-03   3.4991821E-05   2.1899352E-03
   2.2882164E+22   3.9349997E-16   1.9823200E-16   5.9173197E-16   3.5912559E-03   4.0579305E-05   2.3804517E-03
   2.3500601E+22   3.5890078E-16   1.8258987E-16   5.4148727E-16   2.2316365E-03   8.7093532E-05   1.4507940E-03
   2.4119038E+22   3.2998770E-16   1.6720988E-16   4.9719759E-16   3.6982424E-03   3.8871812E-05   2.4423370E-03
   2.4737475E+22   3.0381409E-16   1.5549151E-16   4.5930560E-16   3.1594495E-03   6.6951636E-05   2.0706555E-03
   2.5355912E+22   2.8083725E-16   1.4339886E-16   4.2423611E-16   2.5320953E-03   1.4780191E-05   1.6782111E-03
   2.5974349E+22   2.5784158E-16   1.3201964E-16   3.8986122E-16   3.2097710E-03   5.7904973E-05   2.1424471E-03
   2.6592786E+22   2.4043101E-16   1.2257033E-16   3.6300135E-16   4.8047147E-03   1.3720935E-05   3.1787794E-03
   2.7211222E+22   2.2192643E-16   1.1301060E-16   3.3493703E-16   3.9399762E-03   1.0894530E-04   2.5947593E-03
   2.7829659E+22   2.0585948E-16   1.0530832E-16   3.1116780E-16   4.6322101E-03   5.2670568E-05   3.0672282E-03
   2.8448096E+22   1.9069209E-16   9.7907423E-17   2.8859951E-16   3.4082836E-03   4.4052982E-05   2.2599324E-03
   2.9066533E+22   1.7700621E-16   9.0772274E-17   2.6777848E-16   2.5934585E-03   3.5494887E-05   1.7116657E-03
   2.9684970E+22   1.6305318E-16   8.3503689E-17   2.4655419E-16   4.1310226E-03   5.7651679E-05   2.7532505E-03
   3.0303407E+22   1.5136268E-16   7.7517191E-17   2.2887987E-16   4.8981531E-03   6.5435677E-05   3.2206231E-03
   3.0921844E+22   1.4028877E-16   7.2435357E-17   2.1272412E-16   4.1196545E-03   1.3082745E-04   2.6740787E-03
   3.1540281E+22   1.2852861E-16   6.6042013E-17   1.9457063E-16   5.5276096E-03   3.6343124E-05   3.6457774E-03
   3.2158717E+22   1.1718126E-16   6.0852761E-17   1.7803402E-16   4.3106128E-03   2.2819679E-05   2.8300327E-03
   3.2777154E+22   1.0671279E-16   5.6334233E-17   1.6304702E-16   4.4061345E-03   2.3097757E-05   2.8782619E-03
   3.3395591E+22   9.7937614E-17   5.0277956E-17   1.4821557E-16   4.2896858E-03   3.6330681E-05   2.8288837E-03
   3.4014028E+22   8.6696039E-17   4.5635024E-17   1.3233106E-16   7.4083777E-03   3.1355207E-05   4.8445067E-03
   3.4632465E+22   7.8857716E-17   4.1100583E-17   1.1995830E-16   3.9783026E-03   4.9019925E-05   2.6066905E-03
   3.5250902E+22   6.9264518E-17   3.6238608E-17   1.0550313E-16   6.0421175E-03   3.2256557E-05   3.9632905E-03
   3.5869339E+22   6.0292168E-17   3.1325092E-17   9.1617260E-17   7.1015037E-03   5.5437227E-05   4.6582837E-03
   3.6487776E+22   5.1880800E-17   2.7250697E-17   7.9131497E-17   4.8403960E-03   1.5337536E-05   3.1715563E-03
   3.7106212E+22   4.3529361E-17   2.3256468E-17   6.6785829E-17   4.8583967E-03   2.4689324E-05   3.1647047E-03
   3.7724649E+22   3.6192774E-17   1.9355303E-17   5.5548076E-17   1.0294944E-02   6.3084285E-05   6.6873139E-03
   3.8343086E+22   2.8825659E-17   1.5484704E-17   4.4310362E-17   9.0872753E-03   2.8891579E-05   5.9017091E-03
   3.8961523E+22   2.2269281E-17   1.2336264E-17   3.4605546E-17   1.5843474E-02   2.3689633E-05   1.0187648E-02
   3.9579960E+22   1.6985264E-17   9.3544357E-18   2.6339699E-17   1.9581792E-02   9.0275177E-05   1.2597870E-02
   4.0198397E+22   1.2128569E-17   6.9938322E-18   1.9122402E-17   2.5206455E-02   6.2885522E-05   1.6010234E-02
   4.0816834E+22   8.3296469E-18   4.5743985E-18   1.2904045E-17   4.0431283E-02   9.8732422E-05   2.6130946E-02
   4.1435271E+22   5.0025450E-18   2.3517712E-18   7.3543162E-18   5.8405367E-02   7.6144537E-06   3.9730515E-02
   4.2053707E+22   2.3436253E-18   9.7257615E-19   3.3162014E-18   8.9167679E-02   5.0295807E-06   6.3017391E-02
   4.2672144E+22   1.5931254E-18   6.3278347E-19   2.2259089E-18   1.0122148E-01   7.9528825E-07   7.2446366E-02
   4.3290581E+22   1.4089270E-18   5.6320388E-19   1.9721308E-18   1.1190245E-01   6.5897178E-05   7.9944240E-02
   4.3909018E+22   1.3185436E-18   5.2633220E-19   1.8448758E-18   1.1457498E-01   5.1373030E-06   8.1888254E-02
   4.4527455E+22   1.2984469E-18   4.6551461E-19   1.7639615E-18   1.1294598E-01   6.1945862E-05   8.3152865E-02
   4.5145892E+22   1.2437178E-18   4.3626877E-19   1.6799866E-18   1.2182172E-01   1.3257783E-05   9.0183835E-02
   4.5764329E+22   1.1210529E-18   4.3731475E-19   1.5583676E-18   1.2862792E-01   2.2881459E-05   9.2525701E-02
   4.6382766E+22   1.1061055E-18   4.7771430E-19   1.5838198E-18   1.4486018E-01   1.6415455E-05   1.0117051E-01
   4.7001202E+22   9.4961600E-19   3.8525347E-19   1.3348695E-18   1.3456409E-01   5.0627720E-06   9.5728950E-02
   4.7619639E+22   9.4895767E-19   3.5356595E-19   1.3025236E-18   1.4548392E-01   1.3281456E-04   1.0598566E-01
   4.8238076E+22   9.0386390E-19   3.4244753E-19   1.2463114E-18   1.5389850E-01   4.0332311E-06   1.1161299E-01
   4.8856513E+22   8.4365633E-19   2.9097203E-19   1.1346284E-18   1.4639430E-01   5.7554282E-06   1.0885063E-01
   4.9474950E+22   7.4321815E-19   3.1783411E-19   1.0610523E-18   1.6766670E-01   1.1392541E-06   1.1744267E-01
   5.0093387E+22   7.8160477E-19   2.7744591E-19   1.0590507E-18   1.6484626E-01   6.3701306E-05   1.2167265E-01
   5.0711824E+22   6.6401411E-19   2.6153386E-19   9.2554796E-19   1.7188108E-01   1.9783311E-04   1.2334780E-01
   5.1330261E+22   6.2197548E-19   2.5064683E-19   8.7262231E-19   1.7301048E-01   1.9123478E-05   1.2331096E-01
   5.1948697E+22   5.8093777E-19   2.6295078E-19   8.4388855E-19   1.6821567E-01   5.9022661E-06   1.1580228E-01
   5.2567134E+22   5.4841964E-19   2.3417368E-19   7.8259332E-19   1.8898451E-01   6.2031278E-04   1.3231338E-01
   5.3185571E+22   5.2561713E-19   1.8366735E-19   7.0928448E-19   1.7859535E-01   4.1960973E-06   1.3234834E-01
   5.3804008E+22   5.4024049E-19   2.0222117E-19   7.4246166E-19   2.0013458E-01   3.6148556E-04   1.4556505E-01
   5.4422445E+22   4.6405531E-19   2.0138249E-19   6.6543781E-19   1.9971767E-01   1.1463960E-05   1.3927980E-01
   5.5040882E+22   4.3286906E-19   1.7026183E-19   6.0313090E-19   1.8873057E-01   1.0864885E-05   1.3545443E-01
   5.5659319E+22   4.4090119E-19   1.4982079E-19   5.9072198E-19   1.9573049E-01   6.0873385E-06   1.4608779E-01
   5.6277756E+22   4.0924361E-19   1.7922048E-19   5.8846409E-19   1.9956102E-01   2.1062465E-06   1.3878305E-01
   5.6896192E+22   3.8106593E-19   1.5493889E-19   5.3600482E-19   2.0771747E-01   6.0406421E-06   1.4767341E-01
   5.7514629E+22   4.0320435E-19   1.3946452E-19   5.4266886E-19   2.1054773E-01   4.5295210E-05   1.5644847E-01
   5.8133066E+22   3.8252117E-19   1.2295323E-19   5.0547441E-19   2.0824374E-01   1.9568993E-05   1.5758555E-01
   5.8751503E+22   3.2983104E-19   1.2301076E-19   4.5284179E-19   2.0218163E-01   4.5165222E-06   1.4725964E-01
   5.9369940E+22   3.1301844E-19   1.3778162E-19   4.5080006E-19   2.1616351E-01   1.1903257E-06   1.5009545E-01
   5.9988377E+22   2.7537018E-19   1.0723550E-19   3.8260568E-19   2.0105626E-01   1.6389857E-05   1.4470417E-01
   6.0606814E+22   3.0663031E-19   1.4152168E-19   4.4815199E-19   2.2153582E-01   2.7115193E-06   1.5157628E-01
   6.1225251E+22   3.1131593E-19   1.3490357E-19   4.4621950E-19   2.1302798E-01   1.7326091E-04   1.4867523E-01
   6.1843687E+22   2.9536099E-19   8.9892476E-20   3.8525347E-19   2.0388750E-01   3.7729135E-05   1.5630981E-01
   6.2462124E+22   2.5937857E-19   9.4088306E-20   3.5346688E-19   2.1571824E-01   3.8347965E-04   1.5819486E-01
   6.3080561E+22   2.4424566E-19   1.0071986E-19   3.4496552E-19   2.3535192E-01   4.8614073E-06   1.6663480E-01
   6.3698998E+22   2.3688725E-19   9.9741998E-20   3.3662924E-19   2.2476323E-01   1.2400394E-03   1.5780817E-01
   6.4317435E+22   2.2596598E-19   8.6435073E-20   3.1240105E-19   2.4008901E-01   4.7462356E-07   1.7366130E-01
   6.4935872E+22   2.0913760E-19   7.2158586E-20   2.8129618E-19   2.4759926E-01   4.6027522E-06   1.8408483E-01
   6.5554309E+22   2.0474162E-19   7.8746778E-20   2.8348840E-19   2.3427483E-01   3.6855985E-06   1.6919750E-01
   6.6172745E+22   1.9082648E-19   6.8409494E-20   2.5923598E-19   2.2649045E-01   1.1459582E-05   1.6672465E-01
   6.6791182E+22   1.5695512E-19   6.4208911E-20   2.2116403E-19   2.5133684E-01   1.4383960E-05   1.7836403E-01
   6.7409619E+22   1.7318734E-19   6.8332419E-20   2.4151976E-19   2.4768378E-01   6.2762072E-06   1.7760572E-01
   6.8028056E+22   1.7628265E-19   7.2380954E-20   2.4866360E-19   2.3179003E-01   2.3046131E-05   1.6431434E-01
   6.8646493E+22   1.6775301E-19   6.3630453E-20   2.3138346E-19   2.2132186E-01   8.2413701E-06   1.6046050E-01
   6.9264930E+22   1.6969498E-19   6.3062323E-20   2.3275730E-19   2.4509945E-01   6.9887713E-06   1.7869250E-01
   6.9883367E+22   1.5228308E-19   6.0231368E-20   2.1251445E-19   2.3480733E-01   1.1340007E-05   1.6825506E-01
   7.0501804E+22   1.4418843E-19   7.3220688E-20   2.1740912E-19   2.6245633E-01   1.9976547E-05   1.7407079E-01
   7.1120240E+22   1.2730115E-19   4.5783745E-20   1.7308489E-19   2.3673017E-01   9.1734741E-06   1.7410896E-01
   7.1738677E+22   1.6052228E-19   4.6496108E-20   2.0701839E-19   2.3802988E-01   1.3888648E-05   1.8457164E-01
   7.2357114E+22   1.3390576E-19   5.3781823E-20   1.8768759E-19   2.5336602E-01   9.2103389E-07   1.8076383E-01
   7.2975551E+22   1.0229894E-19   4.8972898E-20   1.5127184E-19   2.3800998E-01   1.1062728E-05   1.6095954E-01
   7.3593988E+22   1.0575585E-19   4.2086513E-20   1.4784237E-19   2.3849143E-01   6.6944742E-06   1.7060155E-01
   7.4212425E+22   1.1557604E-19   3.5314901E-20   1.5089094E-19   2.4864293E-01   1.5364638E-06   1.9044961E-01
   7.4830862E+22   1.3160174E-19   4.0329564E-20   1.7193130E-19   2.4609848E-01   1.2042727E-05   1.8836972E-01
   7.5449299E+22   1.1683917E-19   2.7367733E-20   1.4420690E-19   2.5856114E-01   6.3982667E-06   2.0949227E-01
   7.6067735E+22   1.1275711E-19   2.4013089E-20   1.3677020E-19   2.6122284E-01   7.9812924E-06   2.1535800E-01
   7.6686172E+22   1.0770527E-19   4.2460732E-20   1.5016600E-19   2.5930443E-01   4.1088478E-04   1.8602704E-01
   7.7304609E+22   9.3488175E-20   2.9792935E-20   1.2328111E-19   2.3369559E-01   1.8071988E-04   1.7718213E-01
   7.7923046E+22   7.9496747E-20   3.7709995E-20   1.1720674E-19   2.6215800E-01   5.7938354E-06   1.7781006E-01
   7.8541483E+22   9.9094068E-20   3.4379574E-20   1.3347364E-19   2.5563951E-01   3.7771769E-05   1.8978328E-01
   7.9159920E+22   7.1231761E-20   3.6117513E-20   1.0734927E-19   2.7453781E-01   3.1308487E-06   1.8216993E-01
   7.9778357E+22   8.9593830E-20   3.0860097E-20   1.2045393E-19   2.5391354E-01   4.6639387E-06   1.8886247E-01
   8.0396794E+22   7.3099376E-20   2.1732247E-20   9.4831623E-20   2.5975703E-01   7.3093240E-06   2.0022773E-01
   8.1015230E+22   7.4501943E-20   3.0388950E-20   1.0489089E-19   2.5552838E-01   1.6996637E-06   1.8149663E-01
   8.1633667E+22   7.0046085E-20   2.4321557E-20   9.4367642E-20   2.5173794E-01   4.6926153E-05   1.8685217E-01
   8.2252104E+22   8.0140446E-20   2.6069783E-20   1.0621023E-19   2.6974367E-01   6.4240638E-06   2.0353527E-01
   8.2870541E+22   6.8042279E-20   2.9708601E-20   9.7750880E-20   2.5609558E-01   1.0088058E-05   1.7826465E-01
   8.3488978E+22   5.4220858E-20   1.5219890E-20   6.9440748E-20   2.7543101E-01   6.4089296E-06   2.1506390E-01
   8.4107415E+22   7.7428393E-20   1.7940725E-20   9.5369118E-20   2.7268739E-01   1.3926673E-04   2.2140544E-01
   8.4725852E+22   6.2802877E-20   2.0621840E-20   8.3424717E-20   2.6628877E-01   1.2272890E-06   2.0046435E-01
   8.5344289E+22   6.6070039E-20   2.6986354E-20   9.3056393E-20   2.7435037E-01   3.1740427E-06   1.9478884E-01
   8.5962725E+22   6.7442453E-20   2.2172861E-20   8.9615315E-20   2.7706006E-01   6.3778086E-06   2.0851065E-01
   8.6581162E+22   5.2284399E-20   2.4766294E-20   7.7050693E-20   2.3940883E-01   9.0562538E-06   1.6245879E-01
   8.7199599E+22   5.7378176E-20   1.6393765E-20   7.3771941E-20   2.9083325E-01   6.4794494E-06   2.2620232E-01
   8.7818036E+22   6.6921964E-20   1.8991368E-20   8.5913332E-20   2.4394582E-01   3.1267349E-06   1.9002035E-01
   8.8436473E+22   6.2861871E-20   1.7062508E-20   7.9924379E-20   2.7245753E-01   3.1134862E-06   2.1429184E-01
   8.9054910E+22   4.1022360E-20   1.9619390E-20   6.0641749E-20   2.7798374E-01   4.0459199E-06   1.8804879E-01
   8.9673347E+22   4.4282008E-20   2.1255364E-20   6.5537371E-20   2.9042744E-01   1.6091599E-05   1.9622959E-01
   9.0291784E+22   3.9580836E-20   1.3193612E-20   5.2774448E-20   2.5967386E-01   3.5453984E-06   1.9475628E-01
   9.0910220E+22   3.6690806E-20   1.5724631E-20   5.2415438E-20   2.7870823E-01   1.7850095E-06   1.9509620E-01
   9.1528657E+22   3.6442896E-20   1.4750696E-20   5.1193591E-20   2.6865088E-01   1.9042768E-06   1.9124245E-01
   9.2147094E+22   4.1369500E-20   1.8099156E-20   5.9468656E-20   2.4323834E-01   5.6459282E-06   1.6921100E-01
   9.2765531E+22   4.5374297E-20   1.1985663E-20   5.7359961E-20   2.9106727E-01   2.4022342E-05   2.3024229E-01
   9.3383968E+22   5.3578297E-20   1.3607186E-20   6.7185483E-20   2.2950683E-01   1.6503190E-05   1.8302177E-01
   9.4002405E+22   2.6190477E-20   1.0138249E-20   3.6328726E-20   2.7521646E-01   7.2687821E-06   1.9841330E-01
   9.4620842E+22   3.4412619E-20   1.5947311E-20   5.0359930E-20   2.8706725E-01   9.0608189E-06   1.9616543E-01
   9.5239279E+22   3.5856924E-20   1.3342111E-20   4.9199036E-20   2.8632517E-01   5.7040301E-05   2.0869287E-01
   9.5857715E+22   4.2253606E-20   9.1135229E-21   5.1367129E-20   2.5965540E-01   9.5916587E-07   2.1358744E-01
   9.6476152E+22   3.9513176E-20   1.0701485E-20   5.0214661E-20   2.7957003E-01   2.5537265E-06   2.1998936E-01
   9.7094589E+22   3.2717917E-20   1.3087167E-20   4.5805083E-20   2.5573912E-01   5.2118654E-05   1.8268424E-01
   9.7713026E+22   2.4383131E-20   8.1277103E-21   3.2510841E-20   2.9955610E-01   1.9537542E-05   2.2466281E-01
   9.8331463E+22   3.8767644E-20   1.2114889E-20   5.0882533E-20   2.9408509E-01   5.3504337E-06   2.2406356E-01
   9.8949900E+22   2.9696621E-20   1.6052228E-20   4.5748849E-20   3.2112054E-01   4.9668700E-06   2.0844503E-01
   9.9568337E+22   2.7916918E-20   1.3559646E-20   4.1476564E-20   3.0221410E-01   3.4779555E-06   2.0341223E-01
   1.0018677E+23   2.2988376E-20   1.5854052E-20   3.8842428E-20   2.4826225E-01   1.2544262E-05   1.4693466E-01
   1.0080521E+23   2.9150058E-20   1.3393270E-20   4.2543328E-20   2.9448161E-01   5.6471604E-06   2.0177607E-01
   1.0142365E+23   3.1321420E-20   9.3964260E-21   4.0717846E-20   3.0059777E-01   4.7641654E-06   2.3122961E-01
   1.0204208E+23   2.4905275E-20   7.0046085E-21   3.1909883E-20   3.0242231E-01   1.1350470E-05   2.3603489E-01
   1.0266052E+23   2.7076047E-20   6.9624121E-21   3.4038459E-20   2.9971678E-01   4.8045533E-06   2.3841149E-01
   1.0327896E+23   3.3065667E-20   1.1534535E-20   4.4600202E-20   2.7829600E-01   2.6202240E-06   2.0632222E-01
   1.0389739E+23   2.4460538E-20   1.0701485E-20   3.5162023E-20   3.2527036E-01   4.9268762E-06   2.2627653E-01
   1.0451583E+23   2.2796063E-20   5.3190814E-21   2.8115145E-20   2.8247688E-01   3.2735046E-06   2.2903537E-01
   1.0513427E+23   2.2661969E-20   6.7985906E-21   2.9460559E-20   3.0291291E-01   2.6880632E-05   2.3300451E-01
   1.0575271E+23   1.9525517E-20   3.7549071E-21   2.3280424E-20   3.3589507E-01   9.8850010E-06   2.8172002E-01
   1.0637114E+23   2.1651842E-20   5.9729220E-21   2.7624764E-20   3.0629603E-01   4.6441952E-06   2.4006896E-01
   1.0698958E+23   2.2268987E-20   5.1960969E-21   2.7465083E-20   2.7546582E-01   1.7088057E-05   2.2334755E-01
   1.0760802E+23   2.5831171E-20   9.5944350E-21   3.5425606E-20   2.4795601E-01   2.8150092E-07   1.8080124E-01
   1.0822645E+23   1.6877771E-20   5.1367129E-21   2.2014484E-20   3.2755700E-01   1.0287666E-05   2.5112486E-01
   1.0884489E+23   1.7511521E-20   8.7557606E-21   2.6267282E-20   3.3773716E-01   5.4469456E-06   2.2515633E-01
   1.0946333E+23   2.0314684E-20   4.3531465E-21   2.4667830E-20   2.9936801E-01   3.3902908E-06   2.4653818E-01
   1.1008176E+23   1.8036211E-20   1.1543175E-20   2.9579386E-20   3.1445259E-01   1.7453433E-05   1.9173367E-01
   1.1070020E+23   9.3264340E-21   6.4567620E-21   1.5783196E-20   3.0394928E-01   3.5478634E-05   1.7959298E-01
   1.1131864E+23   1.5695512E-20   7.8477558E-21   2.3543267E-20   2.9627416E-01   1.2796172E-05   1.9751212E-01
   1.1193707E+23   1.7737268E-20   7.8043980E-21   2.5541666E-20   2.9162307E-01   3.4899360E-06   2.0251699E-01
   1.1255551E+23   1.4817441E-20   4.2335546E-21   1.9050996E-20   2.9852529E-01   4.7914431E-05   2.3217569E-01
   1.1317395E+23   1.4736471E-20   7.0173673E-21   2.1753839E-20   2.9171947E-01   4.0677932E-06   1.9761712E-01
   1.1379238E+23   1.5354305E-20   5.5833836E-21   2.0937688E-20   2.9041718E-01   2.2761318E-03   2.1241365E-01
   1.1441082E+23   1.6659609E-20   4.1649023E-21   2.0824512E-20   2.7956774E-01   1.9194401E-04   2.2368702E-01
   1.1502926E+23   1.0356276E-20   7.5946024E-21   1.7950878E-20   3.1686581E-01   2.4664280E-06   1.8280741E-01
   1.1564770E+23   1.5107979E-20   5.4938106E-21   2.0601790E-20   2.9578008E-01   4.5960931E-05   2.1691600E-01
   1.1626613E+23   1.5710691E-20   5.4645882E-21   2.1175279E-20   2.9072037E-01   5.3412245E-06   2.1569713E-01
   1.1688457E+23   1.6307025E-20   8.8329719E-21   2.5139997E-20   2.9320394E-01   1.7600323E-06   1.9018577E-01
   1.1750301E+23   1.6221199E-20   4.0552997E-21   2.0276498E-20   2.5619233E-01   4.8097964E-05   2.0496310E-01
   1.1812144E+23   1.5463926E-20   4.7064123E-21   2.0170339E-20   3.1286445E-01   6.3403647E-06   2.3986420E-01
   1.1873988E+23   1.0701485E-20   7.3572711E-21   1.8058756E-20   2.6616856E-01   5.6991029E-06   1.5772727E-01
   1.1935832E+23   1.0646037E-20   2.6615093E-21   1.3307546E-20   2.8567231E-01   8.8736306E-06   2.2853662E-01
   1.1997675E+23   1.4562846E-20   3.9716852E-21   1.8534531E-20   3.0317849E-01   3.1496413E-06   2.3821126E-01
   1.2059519E+23   1.1853953E-20   5.2684235E-21   1.7122376E-20   3.0511827E-01   1.5617873E-05   2.1123099E-01
   1.2121363E+23   7.8623157E-21   7.2071227E-21   1.5069438E-20   3.2142979E-01   6.3120607E-06   1.6770538E-01
   1.2183206E+23   1.4992944E-20   3.2593356E-21   1.8252279E-20   2.7192891E-01   5.2011095E-06   2.2336969E-01
   1.2245050E+23   1.4917222E-20   3.8914492E-21   1.8808671E-20   3.1252279E-01   1.0718291E-05   2.4786126E-01
   1.2306894E+23   1.2260998E-20   1.9359471E-21   1.4196945E-20   3.3117370E-01   2.3338342E-07   2.8601365E-01
   1.2368737E+23   9.6313367E-21   4.4946238E-21   1.4125960E-20   2.6633329E-01   1.0259868E-05   1.8159362E-01
   1.2430581E+23   1.2777893E-20   4.4722625E-21   1.7250155E-20   3.0914990E-01   1.1687466E-05   2.2900264E-01
   1.2492425E+23   1.0171709E-20   5.7215861E-21   1.5893295E-20   2.7916212E-01   3.6407798E-06   1.7866258E-01
   1.2554269E+23   1.1386802E-20   5.0608009E-21   1.6447603E-20   3.2943288E-01   6.3475576E-06   2.2807074E-01
   1.2616112E+23   8.1834887E-21   3.7769948E-21   1.1960483E-20   3.0959770E-01   1.6980263E-05   2.1182465E-01
   1.2677956E+23   8.7699976E-21   3.1321420E-21   1.1902140E-20   2.9735808E-01   2.6814516E-05   2.1909946E-01
   1.2739800E+23   9.3508123E-21   3.7403249E-21   1.3091137E-20   3.2544410E-01   1.2782781E-05   2.3246287E-01
   1.2801643E+23   8.6852633E-21   4.3426317E-21   1.3027895E-20   3.4824930E-01   9.3823402E-05   2.3213511E-01
   1.2863487E+23   7.4087205E-21   3.7043603E-21   1.1113081E-20   3.4362759E-01   6.0990672E-06   2.2908303E-01
   1.2925331E+23   1.1059908E-20   3.6866360E-21   1.4746544E-20   2.5487416E-01   1.1359108E-04   1.9112726E-01
   1.2987174E+23   8.5611882E-21   2.4460538E-21   1.1007242E-20   2.3944224E-01   5.0079559E-04   1.8612581E-01
   1.3049018E+23   6.0861527E-21   4.2603069E-21   1.0346460E-20   3.4241036E-01   9.6702817E-06   2.0141391E-01
   1.3110862E+23   6.6631889E-21   1.8172333E-21   8.4804222E-21   2.7171061E-01   2.1461644E-06   2.1348737E-01
   1.3172705E+23   1.0249310E-20   1.8087017E-21   1.2058011E-20   3.2915598E-01   6.1951766E-06   2.7978351E-01
   1.3234549E+23   9.6013325E-21   3.0004164E-21   1.2601749E-20   2.8071469E-01   4.5881627E-06   2.1387689E-01
   1.3296393E+23   1.1348552E-20   1.7918766E-21   1.3140428E-20   3.0816940E-01   4.8625122E-06   2.6614696E-01
   1.3358236E+23   6.5397965E-21   1.1890539E-21   7.7288504E-21   2.6201954E-01   5.9404074E-06   2.2170800E-01
   1.3420080E+23   9.4685952E-21   2.9589360E-21   1.2427531E-20   2.7074646E-01   1.8889393E-05   2.0628674E-01
   1.3481924E+23   1.0603306E-20   4.1235081E-21   1.4726814E-20   3.0307396E-01   9.7016470E-06   2.1821594E-01
   1.3543768E+23   7.6229758E-21   1.7591483E-21   9.3821240E-21   2.3844977E-01   1.6467218E-05   1.9373759E-01
   1.3605611E+23   4.6697390E-21   1.7511521E-21   6.4208911E-21   2.6507575E-01   2.2843596E-06   1.9278298E-01
   1.3667455E+23   6.9729134E-21   1.1621522E-21   8.1350657E-21   3.2304634E-01   4.0275353E-06   2.7689629E-01
   1.3729299E+23   8.0984212E-21   2.8922933E-21   1.0990715E-20   2.9768613E-01   2.3210904E-07   2.1934768E-01
   1.3791142E+23   4.0310527E-21   2.3034587E-21   6.3345114E-21   2.5871837E-01   1.7304110E-05   1.6463315E-01
   1.3852986E+23   8.0261139E-21   4.0130569E-21   1.2039171E-20   3.7244993E-01   2.6487403E-06   2.4830012E-01
   1.3914830E+23   6.2782046E-21   3.4244753E-21   9.7026799E-21   2.8603672E-01   6.6725691E-06   1.8508031E-01
   1.3976673E+23   3.9775432E-21   2.8411023E-21   6.8186454E-21   3.4943815E-01   1.2620719E-06   2.0383843E-01
   1.4038517E+23   6.7886074E-21   5.6571728E-21   1.2445780E-20   2.7097566E-01   8.6117666E-06   1.4780106E-01
   1.4100361E+23   5.6323606E-21   2.8161803E-21   8.4485409E-21   3.0265904E-01   1.5656627E-06   2.0177258E-01
   1.4162204E+23   6.7293182E-21   1.1215530E-21   7.8508712E-21   3.4768212E-01   1.5668603E-03   2.9822627E-01
   1.4224048E+23   5.0250452E-21   2.7916918E-21   7.8167370E-21   3.5441351E-01   7.0467242E-06   2.2783474E-01
   1.4285892E+23   4.4473705E-21   3.3355279E-21   7.7828983E-21   2.8553238E-01   5.7486105E-06   1.6316375E-01
   1.4347735E+23   3.3211506E-21   1.1070502E-21   4.4282008E-21   2.7812340E-01   7.3899731E-05   2.0861008E-01
   1.4409579E+23   4.9603451E-21   2.7557473E-21   7.7160923E-21   3.3404283E-01   1.2818379E-04   2.1469953E-01
   1.4471423E+23   2.7439706E-21   2.1951765E-21   4.9391470E-21   3.2458318E-01   1.4186324E-05   1.8033024E-01
   1.4533267E+23   7.1039646E-21   1.6393765E-21   8.7433411E-21   3.2113902E-01   1.4653585E-05   2.6092278E-01
   1.4595110E+23   9.2504364E-21   1.6324299E-21   1.0882866E-20   2.8116890E-01   9.4340184E-06   2.3899240E-01
   1.4656954E+23   5.4184735E-21   1.0836947E-21   6.5021682E-21   2.5488945E-01   3.8197229E-06   2.1240847E-01
   1.4718798E+23   3.7769948E-21   2.1582827E-21   5.9352775E-21   3.7223812E-01   1.4716002E-05   2.3687420E-01
   1.4780641E+23   4.8358176E-21   3.7611915E-21   8.5970090E-21   2.4145600E-01   2.1690001E-04   1.3572415E-01
   1.4842485E+23   6.9559654E-21   5.3507426E-22   7.4910396E-21   3.7994950E-01   1.4208873E-04   3.5280011E-01
   1.4904329E+23   1.5985621E-21   2.1314161E-21   3.7299782E-21   3.6757045E-01   1.0484656E-05   1.5753528E-01
   1.4966172E+23   1.5919565E-21   1.0613043E-21   2.6532608E-21   4.2844255E-01   1.0340449E-05   2.5706140E-01
   1.5028016E+23   7.3985577E-21   1.5854052E-21   8.9839629E-21   3.8023308E-01   1.3013894E-05   3.1313542E-01
   1.5089860E+23   3.6841179E-21   1.5789077E-21   5.2630255E-21   2.5919119E-01   3.4074800E-05   1.8142362E-01
   1.5151703E+23   5.2415438E-21   1.0483088E-21   6.2898525E-21   2.3054968E-01   8.7605814E-06   1.9212613E-01
   1.5213547E+23   4.6982130E-21   1.0440473E-21   5.7422604E-21   3.0130866E-01   6.3274968E-07   2.4652537E-01
   1.5275391E+23   4.1592817E-21   1.0398204E-21   5.1991021E-21   2.9511572E-01   2.1856845E-05   2.3608847E-01
   1.5337234E+23   1.5534414E-21   0.0000000E+00   1.5534414E-21   2.1949234E-01   0.0000000E+00   2.1949234E-01
   1.5399078E+23   3.0944054E-21   1.0314685E-21   4.1258738E-21   3.2352787E-01   5.1504451E-05   2.4265829E-01
   1.5460922E+23   3.0820277E-21   5.1367129E-22   3.5956990E-21   3.4365974E-01   1.9218087E-05   2.9456321E-01
   1.5522766E+23   3.0697487E-21   2.0464992E-21   5.1162479E-21   3.9506249E-01   2.6982355E-06   2.3703827E-01
   1.5584609E+23   3.5671617E-21   1.0191891E-21   4.5863508E-21   3.5229392E-01   3.7531751E-06   2.7400557E-01
   1.5646453E+23   2.5379016E-21   1.0151607E-21   3.5530623E-21   2.5343788E-01   1.0121532E-05   1.8102458E-01
   1.5708297E+23   1.5167459E-21   1.0111640E-21   2.5279099E-21   2.7335083E-01   1.7768651E-05   1.6401735E-01
   1.5770140E+23   4.5323937E-21   2.0143972E-21   6.5467909E-21   2.8689381E-01   3.3407051E-05   1.9862800E-01
   1.5831984E+23   2.0065285E-21   2.0065285E-21   4.0130569E-21   2.7926348E-01   3.8670211E-06   1.3963364E-01
   1.5893828E+23   6.4958432E-21   9.9936049E-22   7.4952036E-21   3.2001275E-01   5.6983380E-05   2.7733681E-01
   1.5955671E+23   3.9819480E-21   9.9548700E-22   4.9774350E-21   3.7162641E-01   4.5024829E-05   2.9730934E-01
   1.6017515E+23   3.9665737E-21   9.9164342E-22   4.9582171E-21   3.0285747E-01   9.6788850E-08   2.4228596E-01
   1.6079359E+23   4.4452323E-21   2.4695735E-21   6.9148058E-21   3.5457094E-01   2.4157804E-05   2.2794688E-01
   1.6141202E+23   3.4441562E-21   0.0000000E+00   3.4441562E-21   1.9553563E-01   0.0000000E+00   1.9553563E-01
   1.6203046E+23   4.4112992E-21   1.9605774E-21   6.3718767E-21   3.4287693E-01   2.1759364E-04   2.3730955E-01
   1.6264890E+23   4.3945262E-21   9.7656139E-22   5.3710876E-21   3.2754908E-01   1.1263489E-04   2.6801441E-01
   1.6326733E+23   3.4050180E-21   4.8643115E-22   3.8914492E-21   3.5707449E-01   7.4266558E-06   3.1244109E-01
   1.6388577E+23   2.4229778E-21   4.8459556E-22   2.9075733E-21   3.6193972E-01   4.2141221E-08   3.0161643E-01
   1.6450421E+23   4.8277377E-21   4.8277377E-22   5.3105115E-21   3.3782500E-01   4.9761653E-06   3.0711322E-01
   1.6512265E+23   2.4048281E-21   9.6193125E-22   3.3667594E-21   3.5435604E-01   9.3110686E-06   2.5310880E-01
   1.6574108E+23   3.3541969E-21   1.9166839E-21   5.2708808E-21   3.7194871E-01   3.5509144E-06   2.3669565E-01
   1.6635952E+23   3.8191174E-21   9.5477935E-22   4.7738967E-21   2.2499959E-01   1.6886912E-05   1.7999667E-01
   1.6697796E+23   1.4268647E-21   2.3781078E-21   3.8049725E-21   2.8993203E-01   1.2739597E-05   1.0873234E-01
   1.6759639E+23   3.3170655E-21   4.7386650E-22   3.7909320E-21   3.0556946E-01   2.5053498E-06   2.6737298E-01
   1.6821483E+23   3.3048704E-21   4.7212435E-22   3.7769948E-21   3.1800188E-01   2.1938697E-05   2.7825303E-01
   1.6883327E+23   4.7039495E-22   4.7039495E-22   9.4078991E-22   4.2587956E-01   4.9920094E-06   2.1293735E-01
   1.6945170E+23   3.7494255E-21   9.3735637E-22   4.6867818E-21   3.1384828E-01   1.0590782E-05   2.5107661E-01
   1.7007014E+23   4.2027651E-21   1.4009217E-21   5.6036868E-21   3.5229964E-01   9.5584532E-06   2.6422234E-01
   1.7068858E+23   2.3264098E-21   9.3056393E-22   3.2569738E-21   3.1054970E-01   1.0672210E-06   2.2182108E-01
   1.7130701E+23   1.3908067E-21   0.0000000E+00   1.3908067E-21   4.0721554E-01   0.0000000E+00   4.0721554E-01
   1.7192545E+23   3.2335423E-21   9.2386923E-22   4.1574115E-21   2.6364288E-01   1.9082864E-05   2.0505981E-01
   1.7254389E+23   4.6027893E-21   9.2055787E-22   5.5233472E-21   2.9787917E-01   1.3307413E-05   2.4823043E-01
   1.7316232E+23   3.2104456E-21   4.5863508E-22   3.6690806E-21   3.8120503E-01   1.4355292E-06   3.3355457E-01
   1.7378076E+23   3.1990205E-21   9.1400585E-22   4.1130263E-21   3.4134821E-01   3.9985647E-05   2.6548598E-01
   1.7439920E+23   4.5538235E-21   4.5538235E-22   5.0092058E-21   3.3679706E-01   5.1186469E-06   3.0617959E-01
   1.7501764E+23   2.7226393E-21   4.5377322E-22   3.1764126E-21   3.2107987E-01   1.1206694E-05   2.7521292E-01
   1.7563607E+23   4.0695789E-21   1.3565263E-21   5.4261052E-21   3.4268801E-01   1.5790315E-05   2.5701939E-01
   1.7625451E+23   1.3517666E-21   9.0117770E-22   2.2529443E-21   2.7260825E-01   1.5076765E-06   1.6356553E-01
   1.7687295E+23   8.9802673E-22   8.9802673E-22   1.7960535E-21   2.5536249E-01   1.2327515E-05   1.2767513E-01
   1.7749138E+23   4.0270397E-21   4.4744886E-22   4.4744886E-21   2.9174300E-01   1.8403260E-05   2.6257053E-01
   1.7810982E+23   4.0130569E-21   1.7835809E-21   5.7966378E-21   2.3628898E-01   1.4351244E-05   1.6358034E-01
   1.7872826E+23   4.4435233E-21   0.0000000E+00   4.4435233E-21   3.6578067E-01   0.0000000E+00   3.6578067E-01
   1.7934669E+23   1.3284602E-21   8.8564015E-22   2.2141004E-21   3.0715984E-01   4.8859836E-06   1.8429398E-01
   1.7996513E+23   2.6477902E-21   1.3238951E-21   3.9716852E-21   3.4664263E-01   3.8044224E-06   2.3109631E-01
   1.8058357E+23   3.5182965E-21   8.7957413E-22   4.3978706E-21   3.5177109E-01   6.2086300E-07   2.8141675E-01
   1.8120200E+23   4.3828608E-22   4.3828608E-22   8.7657217E-22   2.6378814E-01   2.5845198E-05   1.3190699E-01
   1.8182044E+23   2.1839766E-21   1.3103859E-21   3.4943625E-21   3.6357514E-01   3.4705121E-05   2.2724733E-01
   1.8243888E+23   3.4825172E-21   0.0000000E+00   3.4825172E-21   2.8928678E-01   0.0000000E+00   2.8928678E-01
   1.8305731E+23   8.6768799E-22   8.6768799E-22   1.7353760E-21   3.0893393E-01   9.6265886E-05   1.5442069E-01
   1.8367575E+23   8.6476648E-22   0.0000000E+00   8.6476648E-22   4.4328947E-01   0.0000000E+00   4.4328947E-01
   1.8429419E+23   8.6186458E-22   8.6186458E-22   1.7237292E-21   2.7307314E-01   1.1500702E-05   1.3654031E-01
   1.8491263E+23   2.5769463E-21   4.2949104E-22   3.0064373E-21   3.3299364E-01   3.4352568E-06   2.8542265E-01
   1.8553106E+23   1.2841782E-21   4.2805941E-22   1.7122376E-21   2.7156131E-01   5.5048641E-06   2.0366963E-01
   1.8614950E+23   1.7065491E-21   4.2663728E-22   2.1331864E-21   1.5724137E-01   1.2947540E-03   1.2605197E-01
   1.8676794E+23   4.2522458E-22   2.5513475E-21   2.9765720E-21   5.0101777E-01   3.6709200E-07   7.1573700E-02
   1.8738637E+23   1.6952848E-21   8.4764239E-22   2.5429272E-21   4.4056251E-01   4.1811297E-06   2.9370698E-01
   1.8800481E+23   1.6897082E-21   0.0000000E+00   1.6897082E-21   4.3893990E-01   0.0000000E+00   4.3893990E-01
   1.8862325E+23   8.4208408E-22   8.4208408E-22   1.6841682E-21   3.9259184E-01   1.4533040E-05   1.9630275E-01
   1.8924168E+23   8.3933217E-22   4.1966609E-22   1.2589983E-21   2.1470087E-01   3.7583942E-05   1.4312273E-01
   1.8986012E+23   2.5097946E-21   0.0000000E+00   2.5097946E-21   3.6105395E-01   0.0000000E+00   3.6105395E-01
   1.9047856E+23   8.3388196E-22   8.3388196E-22   1.6677639E-21   2.9364924E-01   8.4335197E-06   1.4682874E-01
   1.9109699E+23   1.6623666E-21   8.3118332E-22   2.4935499E-21   2.9499589E-01   1.8900369E-05   1.9665788E-01
   1.9171543E+23   1.6570042E-21   4.1425104E-22   2.0712552E-21   4.0992085E-01   1.6376228E-06   3.2793641E-01
   1.9233387E+23   4.1291904E-22   8.2583809E-22   1.2387571E-21   4.6039576E-01   5.7319965E-06   1.5346870E-01
   1.9295230E+23   1.6463823E-21   8.2319117E-22   2.4695735E-21   3.5440789E-01   6.7942411E-06   2.3627410E-01
   1.9357074E+23   1.6411223E-21   0.0000000E+00   1.6411223E-21   3.8236782E-01   0.0000000E+00   3.8236782E-01
   1.9418918E+23   1.6358958E-21   8.1794791E-22   2.4538437E-21   3.9977107E-01   1.8803949E-05   2.6650783E-01
   1.9480762E+23   3.2614050E-21   4.0767563E-22   3.6690806E-21   3.3241873E-01   3.7404791E-05   2.9548737E-01
   1.9542605E+23   1.6255421E-21   0.0000000E+00   1.6255421E-21   3.1077295E-01   0.0000000E+00   3.1077295E-01
   1.9604449E+23   1.2153106E-21   1.2153106E-21   2.4306212E-21   3.1660429E-01   8.6026015E-06   1.5830640E-01
   1.9666293E+23   4.0382963E-22   2.4229778E-21   2.8268074E-21   2.7036405E-01   3.5255545E-05   3.8602829E-02
   1.9728136E+23   8.0512741E-22   1.2076911E-21   2.0128185E-21   2.9259185E-01   6.0589423E-06   1.1704014E-01
   1.9789980E+23   2.0065285E-21   4.0130569E-22   2.4078342E-21   3.2900652E-01   7.5663556E-06   2.7417335E-01
   1.9851824E+23   0.0000000E+00   0.0000000E+00   0.0000000E+00   0.0000000E+00   0.0000000E+00   0.0000000E+00
   1.9913667E+23   1.9940656E-21   0.0000000E+00   1.9940656E-21   3.6425770E-01   0.0000000E+00   3.6425770E-01
   1.9975511E+23   7.9515679E-22   0.0000000E+00   7.9515679E-22   3.4216728E-01   0.0000000E+00   3.4216728E-01
   2.0037355E+23   1.1890539E-21   3.9635130E-22   1.5854052E-21   3.9777124E-01   1.8077952E-05   2.9832395E-01
   2.0099198E+23   0.0000000E+00   3.9513176E-22   3.9513176E-22   0.0000000E+00   6.4896978E-06   6.4896978E-06
   2.0161042E+23   1.5756788E-21   0.0000000E+00   1.5756788E-21   3.9924423E-01   0.0000000E+00   3.9924423E-01
   2.0222886E+23   1.5708602E-21   0.0000000E+00   1.5708602E-21   2.8403888E-01   0.0000000E+00   2.8403888E-01
   2.0284729E+23   1.1745533E-21   3.9151775E-22   1.5660710E-21   3.6272982E-01   5.9358849E-06   2.7204588E-01
   2.0346573E+23   3.9032773E-22   0.0000000E+00   3.9032773E-22   4.8427096E-01   0.0000000E+00   4.8427096E-01
   2.0408417E+23   7.7828983E-22   1.5565797E-21   2.3348695E-21   2.7037742E-01   3.1016473E-06   9.0125846E-02
   2.0470261E+23   1.9398463E-21   3.8796925E-22   2.3278155E-21   3.3284457E-01   1.1497571E-04   2.7738898E-01
   2.0532104E+23   1.1604020E-21   0.0000000E+00   1.1604020E-21   3.5338454E-01   0.0000000E+00   3.5338454E-01
   2.0593948E+23   1.9281955E-21   3.8563911E-22   2.3138346E-21   3.3498079E-01   1.3333755E-05   2.7915285E-01
   2.0655792E+23   7.6896900E-22   3.8448450E-22   1.1534535E-21   3.1201525E-01   2.7084642E-05   2.0800137E-01
   2.0717635E+23   3.8333678E-22   0.0000000E+00   3.8333678E-22   4.7327465E-01   0.0000000E+00   4.7327465E-01
   2.0779479E+23   1.1465877E-21   3.8219590E-22   1.5287836E-21   2.4029459E-01   3.1526170E-06   1.8022019E-01
   2.0841323E+23   1.1431854E-21   3.8106179E-22   1.5242471E-21   3.7469784E-01   9.6524640E-06   2.8102128E-01
   2.0903166E+23   3.7993439E-22   0.0000000E+00   3.7993439E-22   2.2623237E-01   0.0000000E+00   2.2623237E-01
   2.0965010E+23   1.1364409E-21   3.7881364E-22   1.5152545E-21   3.5767810E-01   1.5984635E-05   2.6825458E-01
   2.1026854E+23   3.7769948E-22   3.7769948E-22   7.5539896E-22   3.9684369E-01   4.1004973E-06   1.9841989E-01
   2.1088697E+23   0.0000000E+00   0.0000000E+00   0.0000000E+00   0.0000000E+00   0.0000000E+00   0.0000000E+00
   2.1150541E+23   1.1264721E-21   0.0000000E+00   1.1264721E-21   2.1018908E-01   0.0000000E+00   2.1018908E-01
   2.1212385E+23   1.1231880E-21   3.7439598E-22   1.4975839E-21   3.0213608E-01   1.7995052E-05   2.2659757E-01
   2.1274228E+23   3.7330762E-22   3.7330762E-22   7.4661525E-22   4.1732051E-01   1.5825114E-07   2.0866033E-01
   2.1336072E+23   7.4445114E-22   0.0000000E+00   7.4445114E-22   3.9434810E-01   0.0000000E+00   3.9434810E-01
   2.1397916E+23   1.1134493E-21   3.7114978E-22   1.4845991E-21   3.7804526E-01   1.3493652E-04   2.8350037E-01
   2.1459760E+23   7.4016036E-22   0.0000000E+00   7.4016036E-22   2.1554294E-01   0.0000000E+00   2.1554294E-01
   2.1521603E+23   1.1070502E-21   3.6901673E-22   1.4760669E-21   3.6996774E-01   1.3787838E-05   2.7747918E-01
   2.1583447E+23   7.3591875E-22   3.6795938E-22   1.1038781E-21   3.5951035E-01   3.4340591E-06   2.3967467E-01
   2.1645291E+23   1.8345403E-21   0.0000000E+00   1.8345403E-21   3.9598554E-01   0.0000000E+00   3.9598554E-01
   2.1707134E+23   7.3172548E-22   7.3172548E-22   1.4634510E-21   3.9691319E-01   1.4496483E-05   1.9844956E-01
   2.1768978E+23   1.0944701E-21   0.0000000E+00   1.0944701E-21   2.0630602E-01   0.0000000E+00   2.0630602E-01
   2.1830822E+23   1.0913696E-21   0.0000000E+00   1.0913696E-21   4.0575949E-01   0.0000000E+00   4.0575949E-01
   2.1892665E+23   1.8138111E-21   3.6276221E-22   2.1765733E-21   3.7433484E-01   8.9594200E-06   3.1194711E-01
   2.1954509E+23   1.0852210E-21   3.6174034E-22   1.4469614E-21   3.7273678E-01   1.7129770E-05   2.7954866E-01
   2.2016353E+23   7.2144844E-22   3.6072422E-22   1.0821727E-21   4.4555138E-01   8.9571417E-06   2.9703723E-01
   2.2078196E+23   1.0791414E-21   3.5971379E-22   1.4388552E-21   3.6294402E-01   3.9322832E-06   2.7220704E-01
   2.2140040E+23   7.1741800E-22   3.5870900E-22   1.0761270E-21   3.6154055E-01   6.9767287E-06   2.4102936E-01
   2.2201884E+23   1.0731294E-21   3.5770981E-22   1.4308392E-21   3.7034597E-01   2.9092938E-06   2.7776018E-01
   2.2263727E+23   1.0701485E-21   0.0000000E+00   1.0701485E-21   3.8173743E-01   0.0000000E+00   3.8173743E-01
   2.2325571E+23   1.0671841E-21   0.0000000E+00   1.0671841E-21   3.9105473E-01   0.0000000E+00   3.9105473E-01
   2.2387415E+23   7.0949073E-22   7.0949073E-22   1.4189815E-21   3.8042912E-01   8.4908715E-06   1.9021853E-01
   2.2449259E+23   1.4150724E-21   7.0753621E-22   2.1226086E-21   3.6801677E-01   3.0729626E-06   2.4534508E-01
   2.2511102E+23   3.5279622E-22   3.5279622E-22   7.0559243E-22   4.0199066E-01   3.9374179E-05   2.0101420E-01
   2.2572946E+23   3.5182965E-22   3.5182965E-22   7.0365930E-22   4.2641798E-01   1.0046133E-06   2.1320849E-01
   2.2634790E+23   1.7543418E-21   0.0000000E+00   1.7543418E-21   4.0258038E-01   0.0000000E+00   4.0258038E-01
   2.2696633E+23   1.7495616E-21   3.4991232E-22   2.0994739E-21   3.8334478E-01   2.5203285E-06   3.1945435E-01
   2.2758477E+23   6.9792295E-22   0.0000000E+00   6.9792295E-22   3.3695751E-01   0.0000000E+00   3.3695751E-01
   2.2820321E+23   0.0000000E+00   3.4801578E-22   3.4801578E-22   0.0000000E+00   3.9344893E-07   3.9344893E-07
   2.2882164E+23   3.4707520E-22   6.9415039E-22   1.0412256E-21   4.7401051E-01   1.2048494E-06   1.5800411E-01
   2.2944008E+23   6.9227937E-22   0.0000000E+00   6.9227937E-22   3.3130347E-01   0.0000000E+00   3.3130347E-01
   2.3005852E+23   6.9041840E-22   3.4520920E-22   1.0356276E-21   3.4429306E-01   8.7076141E-06   2.2953160E-01
   2.3067695E+23   6.8856741E-22   3.4428371E-22   1.0328511E-21   3.6802910E-01   2.2817560E-05   2.4534530E-01
   2.3129539E+23   1.7168158E-21   1.0300895E-21   2.7469053E-21   4.1275255E-01   1.0659860E-04   2.5793134E-01
   2.3191383E+23   3.4244753E-22   0.0000000E+00   3.4244753E-22   4.3948193E-01   0.0000000E+00   4.3948193E-01
   2.3253226E+23   1.3661470E-21   0.0000000E+00   1.3661470E-21   4.2954179E-01   0.0000000E+00   4.2954179E-01
   2.3315070E+23   1.0218925E-21   1.3625233E-21   2.3844158E-21   2.8046178E-01   2.4109938E-06   1.2019870E-01
   2.3376914E+23   3.3972969E-22   0.0000000E+00   3.3972969E-22   4.6234701E-01   0.0000000E+00   4.6234701E-01
   2.3438758E+23   1.3553332E-21   0.0000000E+00   1.3553332E-21   3.4263747E-01   0.0000000E+00   3.4263747E-01
   2.3500601E+23   0.0000000E+00   3.3794164E-22   3.3794164E-22   0.0000000E+00   8.1361964E-06   8.1361964E-06
   2.3562445E+23   3.3705465E-22   0.0000000E+00   3.3705465E-22   2.1803041E-01   0.0000000E+00   2.1803041E-01
   2.3624289E+23   1.3446892E-21   0.0000000E+00   1.3446892E-21   3.9350565E-01   0.0000000E+00   3.9350565E-01
   2.3686132E+23   6.7058915E-22   3.3529458E-22   1.0058837E-21   3.4634847E-01   1.0121791E-05   2.3089561E-01
   2.3747976E+23   6.6884282E-22   0.0000000E+00   6.6884282E-22   3.1249552E-01   0.0000000E+00   3.1249552E-01
   2.3809820E+23   3.3355279E-22   1.0006584E-21   1.3342111E-21   3.0787388E-01   1.4730671E-06   7.6967369E-02
   2.3871663E+23   3.3268866E-22   3.3268866E-22   6.6537732E-22   4.1111863E-01   1.1947691E-04   2.0550066E-01
   2.3933507E+23   9.9548700E-22   0.0000000E+00   9.9548700E-22   3.0389431E-01   0.0000000E+00   3.0389431E-01
   2.3995351E+23   6.6194754E-22   3.3097377E-22   9.9292131E-22   4.1120409E-01   1.7149303E-05   2.7414151E-01
   2.4057194E+23   6.6024587E-22   0.0000000E+00   6.6024587E-22   4.2610249E-01   0.0000000E+00   4.2610249E-01
   2.4119038E+23   3.2927647E-22   3.2927647E-22   6.5855294E-22   1.7427358E-01   1.6880953E-06   8.7137635E-02
   2.4180882E+23   3.2843433E-22   0.0000000E+00   3.2843433E-22   4.2076082E-01   0.0000000E+00   4.2076082E-01
   2.4242725E+23   9.8278946E-22   3.2759649E-22   1.3103859E-21   4.1463484E-01   4.7125886E-06   3.1097703E-01
   2.4304569E+23   0.0000000E+00   3.2676291E-22   3.2676291E-22   0.0000000E+00   8.6740589E-06   8.6740589E-06
   2.4366413E+23   6.5186712E-22   0.0000000E+00   6.5186712E-22   3.6444208E-01   0.0000000E+00   3.6444208E-01
   2.4428257E+23   3.2510841E-22   3.2510841E-22   6.5021682E-22   4.0053415E-01   7.5670473E-06   2.0026329E-01
   2.4490100E+23   0.0000000E+00   3.2428743E-22   3.2428743E-22   0.0000000E+00   6.1015273E-07   6.1015273E-07
   2.4551944E+23   6.4694117E-22   0.0000000E+00   6.4694117E-22   3.1713889E-01   0.0000000E+00   3.1713889E-01
   2.4613788E+23   6.4531569E-22   3.2265785E-22   9.6797354E-22   3.5362054E-01   1.6751488E-05   2.3574156E-01
   2.4675631E+23   9.6554754E-22   3.2184918E-22   1.2873967E-21   3.1095601E-01   9.7722858E-06   2.3321931E-01
   2.4737475E+23   6.4208911E-22   0.0000000E+00   6.4208911E-22   3.7672171E-01   0.0000000E+00   3.7672171E-01
   2.4799319E+23   6.4048789E-22   0.0000000E+00   6.4048789E-22   2.9422968E-01   0.0000000E+00   2.9422968E-01
   2.4861162E+23   9.5834196E-22   0.0000000E+00   9.5834196E-22   2.9029409E-01   0.0000000E+00   2.9029409E-01
   2.4923006E+23   0.0000000E+00   0.0000000E+00   0.0000000E+00   0.0000000E+00   0.0000000E+00   0.0000000E+00
   2.4984850E+23   0.0000000E+00   3.1786590E-22   3.1786590E-22   0.0000000E+00   5.3206408E-06   5.3206408E-06
   2.5046693E+23   9.5124313E-22   0.0000000E+00   9.5124313E-22   3.9053768E-01   0.0000000E+00   3.9053768E-01
   2.5108537E+23   9.4890017E-22   3.1630006E-22   1.2652002E-21   4.2382749E-01   1.2014039E-07   3.1787065E-01
   2.5170381E+23   6.3104581E-22   3.1552291E-22   9.4656872E-22   3.9246475E-01   1.6941936E-05   2.6164881E-01
   2.5232224E+23   3.1474956E-22   0.0000000E+00   3.1474956E-22   4.3147165E-01   0.0000000E+00   4.3147165E-01
   2.5294068E+23   0.0000000E+00   3.1398001E-22   3.1398001E-22   0.0000000E+00   4.0785162E-06   4.0785162E-06
   2.5355912E+23   3.1321420E-22   3.1321420E-22   6.2642840E-22   2.8126593E-01   5.6712584E-05   1.4065981E-01
   2.5417756E+23   3.1245212E-22   0.0000000E+00   3.1245212E-22   3.6213663E-01   0.0000000E+00   3.6213663E-01
   2.5479599E+23   3.1169374E-22   0.0000000E+00   3.1169374E-22   4.2432234E-01   0.0000000E+00   4.2432234E-01
   2.5541443E+23   6.2187807E-22   3.1093904E-22   9.3281711E-22   3.0197389E-01   5.2576849E-05   2.0133197E-01
   2.5603287E+23   6.2037595E-22   0.0000000E+00   6.2037595E-22   3.5093060E-01   0.0000000E+00   3.5093060E-01
   2.5665130E+23   3.0944054E-22   3.0944054E-22   6.1888107E-22   3.2355587E-01   6.9781561E-06   1.6178142E-01
   2.5726974E+23   0.0000000E+00   0.0000000E+00   0.0000000E+00   0.0000000E+00   0.0000000E+00   0.0000000E+00
   2.5788818E+23   0.0000000E+00   0.0000000E+00   0.0000000E+00   0.0000000E+00   0.0000000E+00   0.0000000E+00
   2.5850661E+23   9.2165901E-22   3.0721967E-22   1.2288787E-21   3.7903057E-01   1.0118901E-06   2.8427267E-01
   2.5912505E+23   0.0000000E+00   3.0648645E-22   3.0648645E-22   0.0000000E+00   2.1688937E-06   2.1688937E-06
   2.5974349E+23   0.0000000E+00   0.0000000E+00   0.0000000E+00   0.0000000E+00   0.0000000E+00   0.0000000E+00
   2.6036192E+23   0.0000000E+00   3.0503046E-22   3.0503046E-22   0.0000000E+00   7.8466699E-06   7.8466699E-06
   2.6098036E+23   3.0430764E-22   0.0000000E+00   3.0430764E-22   4.0688281E-01   0.0000000E+00   4.0688281E-01
   2.6159880E+23   0.0000000E+00   3.0358823E-22   3.0358823E-22   0.0000000E+00   1.4849431E-05   1.4849431E-05
   2.6221723E+23   3.0287222E-22   3.0287222E-22   6.0574445E-22   2.8960725E-01   1.7498337E-05   1.4481224E-01
   2.6283567E+23   0.0000000E+00   0.0000000E+00   0.0000000E+00   0.0000000E+00   0.0000000E+00   0.0000000E+00
   2.6345411E+23   0.0000000E+00   3.0145029E-22   3.0145029E-22   0.0000000E+00   3.1885755E-05   3.1885755E-05
   2.6407255E+23   3.0074431E-22   0.0000000E+00   3.0074431E-22   4.4132421E-01   0.0000000E+00   4.4132421E-01
   2.6469098E+23   0.0000000E+00   0.0000000E+00   0.0000000E+00   0.0000000E+00   0.0000000E+00   0.0000000E+00
   2.6530942E+23   5.9868449E-22   5.9868449E-22   1.1973690E-21   4.6116969E-01   1.0652171E-05   2.3057957E-01
   2.6592786E+23   5.9729220E-22   0.0000000E+00   5.9729220E-22   4.0520441E-01   0.0000000E+00   4.0520441E-01
   2.6654629E+23   5.9590637E-22   0.0000000E+00   5.9590637E-22   3.9541337E-01   0.0000000E+00   3.9541337E-01
   2.6716473E+23   0.0000000E+00   5.9452696E-22   5.9452696E-22   0.0000000E+00   3.9563880E-06   3.9563880E-06
   2.6778317E+23   2.9657696E-22   0.0000000E+00   2.9657696E-22   2.7869115E-01   0.0000000E+00   2.7869115E-01
   2.6840160E+23   0.0000000E+00   0.0000000E+00   0.0000000E+00   0.0000000E+00   0.0000000E+00   0.0000000E+00
   2.6902004E+23   2.9521338E-22   0.0000000E+00   2.9521338E-22   5.1900140E-01   0.0000000E+00   5.1900140E-01
   2.6963848E+23   0.0000000E+00   0.0000000E+00   0.0000000E+00   0.0000000E+00   0.0000000E+00   0.0000000E+00
   2.7025691E+23   2.9386229E-22   5.8772459E-22   8.8158688E-22   3.5132528E-01   1.2921438E-05   1.1711569E-01
   2.7087535E+23   5.8638275E-22   0.0000000E+00   5.8638275E-22   4.4147594E-01   0.0000000E+00   4.4147594E-01
   2.7149379E+23   0.0000000E+00   2.9252351E-22   2.9252351E-22   0.0000000E+00   5.7143821E-06   5.7143821E-06
   2.7211222E+23   2.9185869E-22   5.8371737E-22   8.7557606E-22   3.0594193E-01   7.6779652E-06   1.0198546E-01
   2.7273066E+23   0.0000000E+00   2.9119688E-22   2.9119688E-22   0.0000000E+00   1.8812751E-06   1.8812751E-06
   2.7334910E+23   2.9053806E-22   0.0000000E+00   2.9053806E-22   3.1553738E-01   0.0000000E+00   3.1553738E-01
   2.7396754E+23   0.0000000E+00   0.0000000E+00   0.0000000E+00   0.0000000E+00   0.0000000E+00   0.0000000E+00
   2.7458597E+23   0.0000000E+00   0.0000000E+00   0.0000000E+00   0.0000000E+00   0.0000000E+00   0.0000000E+00
   2.7520441E+23   2.8857938E-22   2.8857938E-22   5.7715875E-22   3.0123216E-01   6.4197994E-06   1.5061291E-01
   2.7582285E+23   2.8793234E-22   0.0000000E+00   2.8793234E-22   4.9169773E-01   0.0000000E+00   4.9169773E-01
   2.7644128E+23   8.6186458E-22   0.0000000E+00   8.6186458E-22   3.9999827E-01   0.0000000E+00   3.9999827E-01
   2.7705972E+23   0.0000000E+00   0.0000000E+00   0.0000000E+00   0.0000000E+00   0.0000000E+00   0.0000000E+00
   2.7767816E+23   0.0000000E+00   2.8600851E-22   2.8600851E-22   0.0000000E+00   2.3337448E-05   2.3337448E-05
   2.7829659E+23   2.8537294E-22   0.0000000E+00   2.8537294E-22   3.4216420E-01   0.0000000E+00   3.4216420E-01
   2.7891503E+23   0.0000000E+00   2.8474018E-22   2.8474018E-22   0.0000000E+00   6.3575448E-06   6.3575448E-06
   2.7953347E+23   5.6822045E-22   2.8411023E-22   8.5233068E-22   3.5146135E-01   2.6693501E-05   2.3429920E-01
   2.8015190E+23   2.8348305E-22   0.0000000E+00   2.8348305E-22   3.8834801E-01   0.0000000E+00   3.8834801E-01
   2.8077034E+23   2.8285864E-22   0.0000000E+00   2.8285864E-22   4.7871551E-01   0.0000000E+00   4.7871551E-01
   2.8138878E+23   2.8223697E-22   0.0000000E+00   2.8223697E-22   3.8083935E-01   0.0000000E+00   3.8083935E-01
   2.8200721E+23   2.8161803E-22   2.8161803E-22   5.6323606E-22   4.0978512E-01   1.4427440E-03   2.0561354E-01
   2.8262565E+23   0.0000000E+00   0.0000000E+00   0.0000000E+00   0.0000000E+00   0.0000000E+00   0.0000000E+00
   2.8324409E+23   0.0000000E+00   0.0000000E+00   0.0000000E+00   0.0000000E+00   0.0000000E+00   0.0000000E+00
   2.8386253E+23   0.0000000E+00   0.0000000E+00   0.0000000E+00   0.0000000E+00   0.0000000E+00   0.0000000E+00
   2.8448096E+23   0.0000000E+00   2.7916918E-22   2.7916918E-22   0.0000000E+00   7.3405624E-06   7.3405624E-06
   2.8509940E+23   2.7856361E-22   0.0000000E+00   2.7856361E-22   3.8282039E-01   0.0000000E+00   3.8282039E-01
   2.8571784E+23   0.0000000E+00   0.0000000E+00   0.0000000E+00   0.0000000E+00   0.0000000E+00   0.0000000E+00
   2.8633627E+23   0.0000000E+00   0.0000000E+00   0.0000000E+00   0.0000000E+00   0.0000000E+00   0.0000000E+00
   2.8695471E+23   2.7676255E-22   2.7676255E-22   5.5352510E-22   3.6849751E-01   1.1409762E-05   1.8424337E-01
   2.8757315E+23   2.7616736E-22   0.0000000E+00   2.7616736E-22   3.7329949E-01   0.0000000E+00   3.7329949E-01
   2.8819158E+23   0.0000000E+00   0.0000000E+00   0.0000000E+00   0.0000000E+00   0.0000000E+00   0.0000000E+00
   2.8881002E+23   0.0000000E+00   0.0000000E+00   0.0000000E+00   0.0000000E+00   0.0000000E+00   0.0000000E+00
   2.8942846E+23   0.0000000E+00   0.0000000E+00   0.0000000E+00   0.0000000E+00   0.0000000E+00   0.0000000E+00
   2.9004689E+23   2.7381199E-22   0.0000000E+00   2.7381199E-22   4.1177909E-01   0.0000000E+00   4.1177909E-01
   2.9066533E+23   2.7322941E-22   0.0000000E+00   2.7322941E-22   3.8090590E-01   0.0000000E+00   3.8090590E-01
   2.9128377E+23   2.7264930E-22   0.0000000E+00   2.7264930E-22   4.5425356E-01   0.0000000E+00   4.5425356E-01
   2.9190220E+23   0.0000000E+00   0.0000000E+00   0.0000000E+00   0.0000000E+00   0.0000000E+00   0.0000000E+00
   2.9252064E+23   0.0000000E+00   0.0000000E+00   0.0000000E+00   0.0000000E+00   0.0000000E+00   0.0000000E+00
   2.9313908E+23   0.0000000E+00   2.7092368E-22   2.7092368E-22   0.0000000E+00   6.7014568E-06   6.7014568E-06
   2.9375752E+23   0.0000000E+00   0.0000000E+00   0.0000000E+00   0.0000000E+00   0.0000000E+00   0.0000000E+00
   2.9437595E+23   2.6978534E-22   2.6978534E-22   5.3957068E-22   3.1519418E-01   1.7102712E-05   1.5758892E-01
   2.9499439E+23   0.0000000E+00   0.0000000E+00   0.0000000E+00   0.0000000E+00   0.0000000E+00   0.0000000E+00
   2.9561283E+23   0.0000000E+00   5.3731306E-22   5.3731306E-22   0.0000000E+00   7.3724416E-06   7.3724416E-06
   2.9623126E+23   0.0000000E+00   0.0000000E+00   0.0000000E+00   0.0000000E+00   0.0000000E+00   0.0000000E+00
   2.9684970E+23   0.0000000E+00   0.0000000E+00   0.0000000E+00   0.0000000E+00   0.0000000E+00   0.0000000E+00
   2.9746814E+23   0.0000000E+00   0.0000000E+00   0.0000000E+00   0.0000000E+00   0.0000000E+00   0.0000000E+00
   2.9808657E+23   0.0000000E+00   0.0000000E+00   0.0000000E+00   0.0000000E+00   0.0000000E+00   0.0000000E+00
   2.9870501E+23   0.0000000E+00   2.6587541E-22   2.6587541E-22   0.0000000E+00   1.7638905E-05   1.7638905E-05
   2.9932345E+23   2.6532608E-22   0.0000000E+00   2.6532608E-22   4.6459030E-01   0.0000000E+00   4.6459030E-01
   2.9994188E+23   2.6477902E-22   2.6477902E-22   5.2955803E-22   3.2271726E-01   2.0662968E-04   1.6145940E-01
   3.0056032E+23   2.6423420E-22   2.6423420E-22   5.2846840E-22   4.9803082E-01   7.0718802E-06   2.4901194E-01
   3.0117876E+23   2.6369163E-22   0.0000000E+00   2.6369163E-22   4.6243517E-01   0.0000000E+00   4.6243517E-01
   3.0179719E+23   0.0000000E+00   0.0000000E+00   0.0000000E+00   0.0000000E+00   0.0000000E+00   0.0000000E+00
   3.0241563E+23   0.0000000E+00   0.0000000E+00   0.0000000E+00   0.0000000E+00   0.0000000E+00   0.0000000E+00
   3.0303407E+23   0.0000000E+00   0.0000000E+00   0.0000000E+00   0.0000000E+00   0.0000000E+00   0.0000000E+00
   3.0365251E+23   0.0000000E+00   0.0000000E+00   0.0000000E+00   0.0000000E+00   0.0000000E+00   0.0000000E+00
   3.0427094E+23   0.0000000E+00   0.0000000E+00   0.0000000E+00   0.0000000E+00   0.0000000E+00   0.0000000E+00
   3.0488938E+23   0.0000000E+00   0.0000000E+00   0.0000000E+00   0.0000000E+00   0.0000000E+00   0.0000000E+00
   3.0550782E+23   0.0000000E+00   0.0000000E+00   0.0000000E+00   0.0000000E+00   0.0000000E+00   0.0000000E+00
   3.0612625E+23   0.0000000E+00   0.0000000E+00   0.0000000E+00   0.0000000E+00   0.0000000E+00   0.0000000E+00
   3.0674469E+23   0.0000000E+00   0.0000000E+00   0.0000000E+00   0.0000000E+00   0.0000000E+00   0.0000000E+00
   3.0736313E+23   0.0000000E+00   0.0000000E+00   0.0000000E+00   0.0000000E+00   0.0000000E+00   0.0000000E+00
   3.0798156E+23   0.0000000E+00   0.0000000E+00   0.0000000E+00   0.0000000E+00   0.0000000E+00   0.0000000E+00
   3.0860000E+23   0.0000000E+00   0.0000000E+00   0.0000000E+00   0.0000000E+00   0.0000000E+00   0.0000000E+00
