   0.0000000E+00   1.4063593E+06   7.5773668E+05   2.1640960E+06   1.6524778E-02   2.3553250E-03   1.1549692E-02
   1.4492754E-02   1.3351320E+06   8.8049003E+05   2.2156221E+06   2.7097027E-03   1.2607108E-03   1.4449503E-03
   2.8985507E-02   1.4093902E+06   8.9261381E+05   2.3020040E+06   2.7022206E-03   9.8682080E-04   1.5749889E-03
   4.3478261E-02   1.4611689E+06   9.3908833E+05   2.4002572E+06   2.7623563E-03   1.2221906E-03   1.5689630E-03
   5.7971014E-02   1.5164205E+06   9.6819805E+05   2.4846186E+06   2.9578255E-04   9.3619262E-04   5.3239033E-04
   7.2463768E-02   1.6001883E+06   9.6929677E+05   2.5694851E+06   9.0905060E-04   3.2719987E-04   5.7368245E-04
   8.6956522E-02   1.5370689E+06   9.7823806E+05   2.5150543E+06   2.2086854E-03   3.6045365E-04   1.3620876E-03
   1.0144928E-01   1.4782360E+06   9.2216554E+05   2.4004016E+06   1.8070309E-03   4.7794627E-04   9.3355336E-04
   1.1594203E-01   1.4328801E+06   8.7708021E+05   2.3096761E+06   7.3006201E-04   8.5500224E-04   5.8058683E-04
   1.3043478E-01   1.3398468E+06   8.3544679E+05   2.1752094E+06   1.1838568E-03   3.4504833E-04   7.0474075E-04
   1.4492754E-01   1.2692847E+06   7.5743359E+05   2.0267183E+06   2.2198095E-03   1.1182950E-03   1.4457168E-03
   1.5942029E-01   1.1733897E+06   6.8657832E+05   1.8598302E+06   2.1005585E-03   3.2319696E-04   1.3870591E-03
   1.7391304E-01   1.0780067E+06   6.3252070E+05   1.7105274E+06   3.5859971E-03   1.1994489E-04   2.2568997E-03
   1.8840580E-01   1.0080229E+06   5.9091804E+05   1.5987661E+06   5.1629772E-03   9.2156864E-04   3.5743094E-03
   2.0289855E-01   9.3093364E+05   5.3929202E+05   1.4701174E+06   1.7410278E-03   1.5735032E-03   1.6573324E-03
   2.1739130E-01   8.8427871E+05   4.9060925E+05   1.3747364E+06   4.9124226E-03   1.5899534E-03   3.7074128E-03
   2.3188406E-01   8.1736109E+05   4.4962200E+05   1.2668410E+06   5.3166013E-03   6.6167949E-04   3.4538373E-03
   2.4637681E-01   7.4177964E+05   4.2589259E+05   1.1676722E+06   6.5550600E-03   3.7457248E-04   4.2708591E-03
   2.6086957E-01   6.9379213E+05   3.8690877E+05   1.0807009E+06   6.2996098E-03   7.7160880E-04   4.0084563E-03
   2.7536232E-01   6.5504342E+05   3.4780114E+05   1.0026850E+06   5.2302801E-03   2.2559580E-03   4.0338193E-03
   2.8985507E-01   6.1088731E+05   3.2359145E+05   9.3444088E+05   6.2096294E-03   2.1337242E-03   4.7611051E-03
   3.0434783E-01   5.6812210E+05   2.9786268E+05   8.6598478E+05   7.2690763E-03   2.7992081E-03   5.6187940E-03
   3.1884058E-01   5.2962350E+05   2.7502397E+05   8.0454415E+05   9.8925727E-03   1.7776733E-03   7.1160529E-03
   3.3333333E-01   4.9921669E+05   2.5703746E+05   7.5622121E+05   9.6072447E-03   2.4895431E-03   7.1883033E-03
   3.4782609E-01   4.7336442E+05   2.3559296E+05   7.0895739E+05   1.1584337E-02   2.5251541E-03   8.5533954E-03
   3.6231884E-01   4.3718376E+05   2.1319679E+05   6.5035024E+05   1.1447521E-02   1.3456915E-03   8.0803144E-03
   3.7681159E-01   4.0955668E+05   1.9940132E+05   6.0892886E+05   7.9973233E-03   1.7582437E-03   5.9473159E-03
   3.9130435E-01   3.8565991E+05   1.8528065E+05   5.7088443E+05   1.2960109E-02   4.2817376E-03   9.9464149E-03
   4.0579710E-01   3.6485021E+05   1.7308871E+05   5.3793892E+05   1.0567388E-02   2.1700096E-03   7.8554443E-03
   4.2028986E-01   3.3606928E+05   1.6181598E+05   4.9788526E+05   1.1887468E-02   3.0037093E-03   8.7657148E-03
   4.3478261E-01   3.1557207E+05   1.4869320E+05   4.6429052E+05   1.4067683E-02   1.7416852E-03   1.0021985E-02
   4.4927536E-01   2.9695945E+05   1.3707701E+05   4.3401202E+05   1.2539666E-02   2.3925712E-03   9.2787351E-03
   4.6376812E-01   2.7858663E+05   1.2902835E+05   4.0761498E+05   1.1261866E-02   2.7587505E-03   8.5567022E-03
   4.7826087E-01   2.6098288E+05   1.2004386E+05   3.8102674E+05   1.2537840E-02   2.8306332E-03   8.9423047E-03
   4.9275362E-01   2.5290576E+05   1.1319249E+05   3.6607596E+05   1.4974164E-02   2.8175655E-03   1.1115494E-02
   5.0724638E-01   2.3279836E+05   1.0495736E+05   3.3775571E+05   1.3308363E-02   2.1014181E-03   9.7146301E-03
   5.2173913E-01   2.2317450E+05   9.7032392E+04   3.2020689E+05   1.7611090E-02   4.8343253E-03   1.3625514E-02
   5.3623188E-01   2.0626821E+05   8.9945392E+04   2.9617265E+05   1.6975630E-02   2.8392138E-03   1.2471948E-02
   5.5072464E-01   1.9651303E+05   8.2613239E+04   2.7910633E+05   1.4832529E-02   4.5018640E-03   1.1511125E-02
   5.6521739E-01   1.8512090E+05   7.9212627E+04   2.6431410E+05   1.9466258E-02   2.7242219E-03   1.4440285E-02
   5.7971014E-01   1.7257453E+05   7.3386798E+04   2.4596133E+05   1.8228690E-02   4.6410769E-03   1.4111101E-02
   5.9420290E-01   1.6417012E+05   6.8954038E+04   2.3312416E+05   1.9158499E-02   4.2411541E-03   1.4693753E-02
   6.0869565E-01   1.5697778E+05   6.4082874E+04   2.2106066E+05   1.8124919E-02   4.2887902E-03   1.3866209E-02
   6.2318841E-01   1.4495679E+05   6.1270941E+04   2.0622773E+05   1.7615557E-02   3.2366330E-03   1.3340211E-02
   6.3768116E-01   1.3783919E+05   5.6606375E+04   1.9444557E+05   2.0147676E-02   4.4176333E-03   1.5568388E-02
   6.5217391E-01   1.3066748E+05   5.0280039E+04   1.8094752E+05   2.0819563E-02   3.6028977E-03   1.6022503E-02
   6.6666667E-01   1.2066133E+05   4.9911786E+04   1.7057312E+05   2.0454066E-02   4.4293401E-03   1.5711991E-02
   6.8115942E-01   1.1209666E+05   4.5286858E+04   1.5738352E+05   2.4891936E-02   6.2872367E-03   1.9441020E-02
   6.9565217E-01   1.0950874E+05   4.0270548E+04   1.4977928E+05   2.3342330E-02   6.5787727E-03   1.8830392E-02
   7.1014493E-01   1.0311405E+05   3.8752819E+04   1.4183594E+05   2.3877442E-02   4.6086051E-03   1.8314665E-02
   7.2463768E-01   9.5868845E+04   3.6583527E+04   1.3245237E+05   2.4942293E-02   7.2111166E-03   1.9973249E-02
   7.3913043E-01   9.1344414E+04   3.6401076E+04   1.2774549E+05   2.5911745E-02   5.5379401E-03   2.0089640E-02
   7.5362319E-01   8.4108772E+04   3.1548075E+04   1.1565685E+05   2.5743949E-02   7.7445613E-03   2.0829994E-02
   7.6811594E-01   7.8847506E+04   3.0481030E+04   1.0932854E+05   2.7259796E-02   5.8861539E-03   2.0890610E-02
   7.8260870E-01   7.5268511E+04   2.7208360E+04   1.0247687E+05   3.2420087E-02   6.5439910E-03   2.5373998E-02
   7.9710145E-01   6.7975869E+04   2.5528838E+04   9.3504707E+04   2.8072850E-02   8.4628078E-03   2.2682914E-02
   8.1159420E-01   6.6383146E+04   2.4518194E+04   9.0887809E+04   3.1603303E-02   6.9361004E-03   2.4906894E-02
   8.2608696E-01   6.1469727E+04   2.2479522E+04   8.3949248E+04   3.5892347E-02   7.3881452E-03   2.8238765E-02
   8.4057971E-01   5.7679439E+04   2.0733243E+04   7.8412682E+04   3.7811536E-02   6.7023600E-03   2.9560918E-02
   8.5507246E-01   5.1615995E+04   1.8648028E+04   7.0264024E+04   3.7361517E-02   1.0627652E-02   3.0150115E-02
   8.6956522E-01   4.8305714E+04   1.7263767E+04   6.5569481E+04   4.0432268E-02   4.3523089E-03   3.0925987E-02
   8.8405797E-01   4.4308963E+04   1.5129890E+04   5.9438853E+04   4.3458947E-02   1.1051745E-02   3.5143744E-02
   8.9855072E-01   4.1565524E+04   1.3749254E+04   5.5314778E+04   4.5656222E-02   1.3831706E-02   3.7406838E-02
   9.1304348E-01   3.6190947E+04   1.2701110E+04   4.8892057E+04   4.7987848E-02   6.2055582E-03   3.7113022E-02
   9.2753623E-01   3.0818572E+04   1.1247654E+04   4.2066226E+04   5.2211471E-02   1.4678343E-02   4.2150247E-02
   9.4202899E-01   2.8619132E+04   9.5241672E+03   3.8143299E+04   4.9712698E-02   1.3583982E-02   4.0492310E-02
   9.5652174E-01   2.5315294E+04   7.9447543E+03   3.3260048E+04   5.6683772E-02   9.8959745E-03   4.5454503E-02
   9.7101449E-01   1.9395797E+04   6.4237976E+03   2.5819595E+04   6.4319006E-02   1.3683971E-02   5.1395822E-02
   9.8550725E-01   1.2235219E+04   4.0561199E+03   1.6291339E+04   7.0761422E-02   1.8338151E-02   5.7634746E-02
   1.0000000E+00   9.8478414E+02   2.8449320E+02   1.2692773E+03   1.5422626E-01   3.7730696E-02   1.2417213E-01
