   0.0000000E+00   3.6371361E+05   1.8791870E+05   5.5163231E+05   0.0000000E+00   0.0000000E+00   0.0000000E+00
   1.4492754E-02   2.6823879E+05   1.4548544E+05   4.1372423E+05   0.0000000E+00   0.0000000E+00   0.0000000E+00
   2.8985507E-02   3.0764109E+05   1.4889526E+05   4.5653635E+05   0.0000000E+00   0.0000000E+00   0.0000000E+00
   4.3478261E-02   2.9172862E+05   1.4371739E+05   4.3544601E+05   0.0000000E+00   0.0000000E+00   0.0000000E+00
   5.7971014E-02   2.9305466E+05   1.4434884E+05   4.3740350E+05   0.0000000E+00   0.0000000E+00   0.0000000E+00
   7.2463768E-02   3.0097301E+05   1.4124212E+05   4.4221513E+05   0.0000000E+00   0.0000000E+00   0.0000000E+00
   8.6956522E-02   3.0940915E+05   1.5243136E+05   4.6184051E+05   0.0000000E+00   0.0000000E+00   0.0000000E+00
   1.0144928E-01   3.0352767E+05   1.5501128E+05   4.5843069E+05   0.0000000E+00   0.0000000E+00   0.0000000E+00
   1.1594203E-01   3.0745166E+05   1.5031601E+05   4.5776767E+05   0.0000000E+00   0.0000000E+00   0.0000000E+00
   1.3043478E-01   3.0722013E+05   1.6257662E+05   4.6979674E+05   0.0000000E+00   0.0000000E+00   0.0000000E+00
   1.4492754E-01   3.0157920E+05   1.5662417E+05   4.5812760E+05   0.0000000E+00   0.0000000E+00   0.0000000E+00
   1.5942029E-01   3.1742279E+05   1.6456663E+05   4.8198942E+05   0.0000000E+00   0.0000000E+00   0.0000000E+00
   1.7391304E-01   3.1578676E+05   1.6114533E+05   4.7693210E+05   0.0000000E+00   0.0000000E+00   0.0000000E+00
   1.8840580E-01   3.2879943E+05   1.5825039E+05   4.8704983E+05   0.0000000E+00   0.0000000E+00   0.0000000E+00
   2.0289855E-01   3.3318764E+05   1.6616083E+05   4.9934847E+05   0.0000000E+00   0.0000000E+00   0.0000000E+00
   2.1739130E-01   3.2734225E+05   1.6442886E+05   4.9177111E+05   0.0000000E+00   0.0000000E+00   0.0000000E+00
   2.3188406E-01   3.3259905E+05   1.6835962E+05   5.0091131E+05   0.0000000E+00   0.0000000E+00   0.0000000E+00
   2.4637681E-01   3.3688082E+05   1.6095219E+05   4.9783300E+05   0.0000000E+00   0.0000000E+00   0.0000000E+00
   2.6086957E-01   3.4860097E+05   1.7541604E+05   5.2397492E+05   0.0000000E+00   0.0000000E+00   0.0000000E+00
   2.7536232E-01   3.4612614E+05   1.6929433E+05   5.1542047E+05   0.0000000E+00   0.0000000E+00   0.0000000E+00
   2.8985507E-01   3.5799270E+05   1.7318072E+05   5.3117342E+05   0.0000000E+00   0.0000000E+00   0.0000000E+00
   3.0434783E-01   3.4877537E+05   1.7756296E+05   5.2623009E+05   0.0000000E+00   0.0000000E+00   0.0000000E+00
   3.1884058E-01   3.4979881E+05   1.7610489E+05   5.2583482E+05   0.0000000E+00   0.0000000E+00   0.0000000E+00
   3.3333333E-01   3.4987668E+05   1.7665148E+05   5.2652816E+05   0.0000000E+00   0.0000000E+00   0.0000000E+00
   3.4782609E-01   3.5780958E+05   1.8132007E+05   5.3916122E+05   0.0000000E+00   0.0000000E+00   0.0000000E+00
   3.6231884E-01   3.6001585E+05   1.8279640E+05   5.4266070E+05   0.0000000E+00   0.0000000E+00   0.0000000E+00
   3.7681159E-01   3.5875918E+05   1.8165280E+05   5.4035369E+05   0.0000000E+00   0.0000000E+00   0.0000000E+00
   3.9130435E-01   3.5838139E+05   1.7930295E+05   5.3760015E+05   0.0000000E+00   0.0000000E+00   0.0000000E+00
   4.0579710E-01   3.6011436E+05   1.8082845E+05   5.4094281E+05   0.0000000E+00   0.0000000E+00   0.0000000E+00
   4.2028986E-01   3.6094395E+05   1.8214422E+05   5.4298366E+05   0.0000000E+00   0.0000000E+00   0.0000000E+00
   4.3478261E-01   3.6156669E+05   1.7930576E+05   5.4087245E+05   0.0000000E+00   0.0000000E+00   0.0000000E+00
   4.4927536E-01   3.6051156E+05   1.8046355E+05   5.4092622E+05   0.0000000E+00   0.0000000E+00   0.0000000E+00
   4.6376812E-01   3.5613624E+05   1.7906265E+05   5.3519889E+05   0.0000000E+00   0.0000000E+00   0.0000000E+00
   4.7826087E-01   3.5684805E+05   1.7349874E+05   5.3030087E+05   0.0000000E+00   0.0000000E+00   0.0000000E+00
   4.9275362E-01   3.5118867E+05   1.7209537E+05   5.2323947E+05   0.0000000E+00   0.0000000E+00   0.0000000E+00
   5.0724638E-01   3.4940321E+05   1.7157323E+05   5.2088985E+05   0.0000000E+00   0.0000000E+00   0.0000000E+00
   5.2173913E-01   3.4264432E+05   1.7267977E+05   5.1526095E+05   0.0000000E+00   0.0000000E+00   0.0000000E+00
   5.3623188E-01   3.4046952E+05   1.6854521E+05   5.0880994E+05   0.0000000E+00   0.0000000E+00   0.0000000E+00
   5.5072464E-01   3.2865832E+05   1.6604404E+05   4.9462259E+05   0.0000000E+00   0.0000000E+00   0.0000000E+00
   5.6521739E-01   3.2095006E+05   1.6308825E+05   4.8399945E+05   0.0000000E+00   0.0000000E+00   0.0000000E+00
   5.7971014E-01   3.1715069E+05   1.5533602E+05   4.7246777E+05   0.0000000E+00   0.0000000E+00   0.0000000E+00
   5.9420290E-01   3.0804768E+05   1.5640794E+05   4.6443714E+05   0.0000000E+00   0.0000000E+00   0.0000000E+00
   6.0869565E-01   2.9679824E+05   1.4727154E+05   4.4405174E+05   0.0000000E+00   0.0000000E+00   0.0000000E+00
   6.2318841E-01   2.8746415E+05   1.4137957E+05   4.2879085E+05   0.0000000E+00   0.0000000E+00   0.0000000E+00
   6.3768116E-01   2.7414569E+05   1.3511823E+05   4.0921225E+05   0.0000000E+00   0.0000000E+00   0.0000000E+00
   6.5217391E-01   2.6613396E+05   1.3090322E+05   3.9696983E+05   0.0000000E+00   0.0000000E+00   0.0000000E+00
   6.6666667E-01   2.5043197E+05   1.2248978E+05   3.7288881E+05   0.0000000E+00   0.0000000E+00   0.0000000E+00
   6.8115942E-01   2.3910623E+05   1.2052850E+05   3.5963473E+05   0.0000000E+00   0.0000000E+00   0.0000000E+00
   6.9565217E-01   2.2577396E+05   1.1527069E+05   3.4102887E+05   0.0000000E+00   0.0000000E+00   0.0000000E+00
   7.1014493E-01   2.2388799E+05   1.0892851E+05   3.3281651E+05   0.0000000E+00   0.0000000E+00   0.0000000E+00
   7.2463768E-01   2.1125699E+05   1.0968996E+05   3.2093180E+05   0.0000000E+00   0.0000000E+00   0.0000000E+00
   7.3913043E-01   1.9916589E+05   9.9308078E+04   2.9845911E+05   0.0000000E+00   0.0000000E+00   0.0000000E+00
   7.5362319E-01   1.8956532E+05   9.4309073E+04   2.8383068E+05   0.0000000E+00   0.0000000E+00   0.0000000E+00
   7.6811594E-01   1.7209201E+05   8.5981668E+04   2.5807368E+05   0.0000000E+00   0.0000000E+00   0.0000000E+00
   7.8260870E-01   1.6319403E+05   7.9323805E+04   2.4247574E+05   0.0000000E+00   0.0000000E+00   0.0000000E+00
   7.9710145E-01   1.5050028E+05   7.4947047E+04   2.2543355E+05   0.0000000E+00   0.0000000E+00   0.0000000E+00
   8.1159420E-01   1.3962652E+05   6.9820023E+04   2.0944654E+05   0.0000000E+00   0.0000000E+00   0.0000000E+00
   8.2608696E-01   1.3151384E+05   6.5231823E+04   1.9674567E+05   0.0000000E+00   0.0000000E+00   0.0000000E+00
   8.4057971E-01   1.2068916E+05   6.1481187E+04   1.8217035E+05   0.0000000E+00   0.0000000E+00   0.0000000E+00
   8.5507246E-01   1.0993603E+05   5.5892713E+04   1.6582875E+05   0.0000000E+00   0.0000000E+00   0.0000000E+00
   8.6956522E-01   9.9301392E+04   4.9657011E+04   1.4895840E+05   0.0000000E+00   0.0000000E+00   0.0000000E+00
   8.8405797E-01   9.0183087E+04   4.4346229E+04   1.3452932E+05   0.0000000E+00   0.0000000E+00   0.0000000E+00
   8.9855072E-01   8.0906723E+04   4.0832230E+04   1.2173895E+05   0.0000000E+00   0.0000000E+00   0.0000000E+00
   9.1304348E-01   6.8785652E+04   3.4422895E+04   1.0319652E+05   0.0000000E+00   0.0000000E+00   0.0000000E+00
   9.2753623E-01   5.7706384E+04   2.9125504E+04   8.6831888E+04   0.0000000E+00   0.0000000E+00   0.0000000E+00
   9.4202899E-01   4.8903160E+04   2.4469066E+04   7.3360569E+04   0.0000000E+00   0.0000000E+00   0.0000000E+00
   9.5652174E-01   3.8931592E+04   1.9230439E+04   5.8162031E+04   0.0000000E+00   0.0000000E+00   0.0000000E+00
   9.7101449E-01   2.6939236E+04   1.3209499E+04   4.0148735E+04   0.0000000E+00   0.0000000E+00   0.0000000E+00
   9.8550725E-01   8.7362582E+03   4.6244224E+03   1.3360681E+04   0.0000000E+00   0.0000000E+00   0.0000000E+00
   1.0000000E+00   0.0000000E+00   0.0000000E+00   0.0000000E+00   0.0000000E+00   0.0000000E+00   0.0000000E+00
