   0.0000000E+00   6.0643182E+07   3.0479200E+07   9.1122383E+07   1.3065405E-03   1.2027211E-04   8.3190131E-04
   1.4492754E-02   6.3150533E+07   3.1266489E+07   9.4414749E+07   1.1639797E-03   2.6541483E-05   7.7242599E-04
   2.8985507E-02   5.5683417E+07   2.7627080E+07   8.3310117E+07   1.4968351E-03   3.9895231E-05   9.9240764E-04
   4.3478261E-02   3.9242425E+07   1.9638262E+07   5.8879929E+07   2.5803549E-04   1.0335990E-04   2.0107375E-04
   5.7971014E-02   2.4686303E+07   1.2367778E+07   3.7053892E+07   8.4091522E-04   1.3200449E-04   5.7989151E-04
   7.2463768E-02   1.0547543E+07   5.3264342E+06   1.5873826E+07   9.2277338E-04   1.5628331E-04   6.4681998E-04
   8.6956522E-02   5.0115441E+06   2.5679696E+06   7.5793875E+06   1.6258509E-03   2.2812170E-04   1.1440226E-03
   1.0144928E-01   2.3698756E+06   1.2342448E+06   3.6041204E+06   4.0131223E-03   8.4971976E-05   2.6141931E-03
   1.1594203E-01   6.8234188E+05   3.6352417E+05   1.0458661E+06   1.7397682E-02   6.2246583E-05   1.1372014E-02
   1.3043478E-01   3.2330099E+04   1.2713138E+04   4.5043236E+04   1.0484418E-01   2.6333996E-04   7.5299333E-02
   1.4492754E-01   1.9852701E+04   6.4407618E+03   2.6293463E+04   1.8155093E-01   2.0289788E-05   1.3707801E-01
   1.5942029E-01   1.2881524E+04   4.7530756E+03   1.7634599E+04   1.9541446E-01   5.9811470E-06   1.4274563E-01
   1.7391304E-01   9.3454191E+03   3.5992492E+03   1.2944668E+04   2.3450062E-01   3.1517627E-06   1.6929719E-01
   1.8840580E-01   6.2367558E+03   1.9817729E+03   8.2185287E+03   2.1586959E-01   3.6865740E-06   1.6381681E-01
   2.0289855E-01   5.8453973E+03   1.2989772E+03   7.1443744E+03   2.2369068E-01   3.4455785E-06   1.8302002E-01
   2.1739130E-01   4.0917781E+03   1.7680523E+03   5.8598304E+03   2.5400238E-01   8.5779934E-05   1.7738639E-01
   2.3188406E-01   3.4571736E+03   1.1839636E+03   4.6411372E+03   2.4851831E-01   6.2504078E-05   1.8511274E-01
   2.4637681E-01   3.0309467E+03   1.1588914E+03   4.1898381E+03   2.9055202E-01   1.8776925E-05   2.1018241E-01
   2.6086957E-01   2.2311136E+03   1.0524121E+03   3.2835256E+03   2.8786025E-01   5.6876092E-05   1.9557917E-01
   2.7536232E-01   1.8345204E+03   9.1726020E+02   2.7517806E+03   2.6309675E-01   8.4967213E-06   1.7539500E-01
   2.8985507E-01   1.5154734E+03   6.8196302E+02   2.1974364E+03   2.6134197E-01   5.7382947E-06   1.8023412E-01
   3.0434783E-01   9.7423288E+02   5.4124049E+02   1.5154734E+03   3.2020917E-01   4.9393297E-06   2.0584711E-01
   3.1884058E-01   1.4810308E+03   3.4442577E+02   1.8254566E+03   3.0375516E-01   5.3512709E-06   2.4644386E-01
   3.3333333E-01   1.5813635E+03   2.9650566E+02   1.8778692E+03   2.7035956E-01   3.9357883E-06   2.2767183E-01
   3.4782609E-01   1.3260392E+03   3.7886834E+02   1.7049075E+03   3.0695984E-01   1.9384296E-05   2.3875078E-01
   3.6231884E-01   9.0928402E+02   1.2123787E+02   1.0305219E+03   3.2825687E-01   8.8754603E-06   2.8963938E-01
   3.7681159E-01   5.5373065E+02   1.7486231E+02   7.2859297E+02   2.9651757E-01   1.6364333E-05   2.2535720E-01
   3.9130435E-01   6.7354372E+02   1.9645025E+02   8.6999397E+02   3.1315932E-01   4.7635275E-06   2.4244498E-01
   4.0579710E-01   6.2242656E+02   1.3531012E+02   7.5773668E+02   3.4814715E-01   6.2414775E-06   2.8597691E-01
   4.2028986E-01   5.4870587E+02   1.5677311E+02   7.0547898E+02   3.4214320E-01   4.0007236E-06   2.6611049E-01
   4.3478261E-01   7.3247879E+02   2.5257889E+01   7.5773668E+02   3.6309009E-01   7.6047653E-06   3.5098734E-01
   4.4927536E-01   4.1553302E+02   9.7772475E+01   5.1330550E+02   3.4620912E-01   2.7882011E-06   2.8026503E-01
   4.6376812E-01   2.8415126E+02   1.4207563E+02   4.2622688E+02   3.6173352E-01   1.1668838E-06   2.4115529E-01
   4.7826087E-01   2.5257889E+02   4.5923435E+01   2.9850233E+02   3.9683923E-01   1.4839590E-06   3.3578683E-01
   4.9275362E-01   2.2286373E+02   4.4572746E+01   2.6743648E+02   3.3157556E-01   1.0584510E-05   2.7631120E-01
   5.0724638E-01   1.0824810E+02   2.1649620E+01   1.2989772E+02   3.5134433E-01   1.4152300E-06   2.9278671E-01
   5.2173913E-01   1.8943417E+02   2.1048241E+01   2.1048241E+02   3.5774370E-01   7.5080280E-06   3.2196858E-01
   5.3623188E-01   2.0479370E+02   2.0479370E+01   2.2527307E+02   3.6781383E-01   1.4438392E-05   3.3437490E-01
   5.5072464E-01   1.1964263E+02   0.0000000E+00   1.1964263E+02   3.5433267E-01   0.0000000E+00   3.5433267E-01
   5.6521739E-01   7.7716583E+01   3.8858291E+01   1.1657487E+02   4.1958179E-01   9.8063813E-06   2.7972414E-01
   5.7971014E-01   7.5773668E+01   1.8943417E+01   9.4717086E+01   3.1355275E-01   1.3362821E-06   2.5084193E-01
   5.9420290E-01   7.3925530E+01   0.0000000E+00   7.3925530E+01   2.3695127E-01   0.0000000E+00   2.3695127E-01
   6.0869565E-01   1.8041350E+01   3.6082699E+01   5.4124049E+01   3.4641122E-01   6.9974026E-06   1.1546586E-01
   6.2318841E-01   3.5243567E+01   0.0000000E+00   3.5243567E+01   4.1173905E-01   0.0000000E+00   4.1173905E-01
   6.3768116E-01   5.1663865E+01   1.7221288E+01   6.8885153E+01   1.4643470E-01   4.4706434E-06   1.0982493E-01
   6.5217391E-01   5.0515779E+01   0.0000000E+00   5.0515779E+01   3.5314078E-01   0.0000000E+00   3.5314078E-01
   6.6666667E-01   3.2945073E+01   0.0000000E+00   3.2945073E+01   3.6601088E-01   0.0000000E+00   3.6601088E-01
   6.8115942E-01   0.0000000E+00   0.0000000E+00   0.0000000E+00   0.0000000E+00   0.0000000E+00   0.0000000E+00
   6.9565217E-01   0.0000000E+00   0.0000000E+00   0.0000000E+00   0.0000000E+00   0.0000000E+00   0.0000000E+00
   7.1014493E-01   6.1856056E+01   0.0000000E+00   6.1856056E+01   7.6045464E-02   0.0000000E+00   7.6045464E-02
   7.2463768E-01   1.5154734E+01   0.0000000E+00   1.5154734E+01   5.0353560E-01   0.0000000E+00   5.0353560E-01
   7.3913043E-01   0.0000000E+00   1.4857582E+01   1.4857582E+01   0.0000000E+00   1.1212004E-05   1.1212004E-05
   7.5362319E-01   1.4571859E+01   0.0000000E+00   1.4571859E+01   4.2855625E-01   0.0000000E+00   4.2855625E-01
   7.6811594E-01   1.4296919E+01   0.0000000E+00   1.4296919E+01   3.7587996E-01   0.0000000E+00   3.7587996E-01
   7.8260870E-01   1.4032161E+01   0.0000000E+00   1.4032161E+01   1.9101803E-05   0.0000000E+00   1.9101803E-05
   7.9710145E-01   0.0000000E+00   0.0000000E+00   0.0000000E+00   0.0000000E+00   0.0000000E+00   0.0000000E+00
   8.1159420E-01   0.0000000E+00   0.0000000E+00   0.0000000E+00   0.0000000E+00   0.0000000E+00   0.0000000E+00
   8.2608696E-01   1.3293626E+01   0.0000000E+00   1.3293626E+01   8.1021277E-07   0.0000000E+00   8.1021277E-07
   8.4057971E-01   0.0000000E+00   0.0000000E+00   0.0000000E+00   0.0000000E+00   0.0000000E+00   0.0000000E+00
   8.5507246E-01   1.2842995E+01   0.0000000E+00   1.2842995E+01   3.9080924E-01   0.0000000E+00   3.9080924E-01
   8.6956522E-01   0.0000000E+00   0.0000000E+00   0.0000000E+00   0.0000000E+00   0.0000000E+00   0.0000000E+00
   8.8405797E-01   0.0000000E+00   0.0000000E+00   0.0000000E+00   0.0000000E+00   0.0000000E+00   0.0000000E+00
   8.9855072E-01   0.0000000E+00   0.0000000E+00   0.0000000E+00   0.0000000E+00   0.0000000E+00   0.0000000E+00
   9.1304348E-01   0.0000000E+00   0.0000000E+00   0.0000000E+00   0.0000000E+00   0.0000000E+00   0.0000000E+00
   9.2753623E-01   0.0000000E+00   0.0000000E+00   0.0000000E+00   0.0000000E+00   0.0000000E+00   0.0000000E+00
   9.4202899E-01   0.0000000E+00   0.0000000E+00   0.0000000E+00   0.0000000E+00   0.0000000E+00   0.0000000E+00
   9.5652174E-01   0.0000000E+00   0.0000000E+00   0.0000000E+00   0.0000000E+00   0.0000000E+00   0.0000000E+00
   9.7101449E-01   0.0000000E+00   0.0000000E+00   0.0000000E+00   0.0000000E+00   0.0000000E+00   0.0000000E+00
   9.8550725E-01   0.0000000E+00   0.0000000E+00   0.0000000E+00   0.0000000E+00   0.0000000E+00   0.0000000E+00
   1.0000000E+00   0.0000000E+00   0.0000000E+00   0.0000000E+00   0.0000000E+00   0.0000000E+00   0.0000000E+00
