   0.0000000E+00   8.6685077E+05   6.9105586E+05   1.5579066E+06   1.6165253E-02   5.4684797E-03   9.8751107E-03
   1.4492754E-02   8.7594361E+05   6.9787549E+05   1.5738191E+06   5.1803905E-04   6.8255530E-04   4.0248725E-04
   2.8985507E-02   8.5093830E+05   7.3045816E+05   1.5813965E+06   2.9030755E-03   5.5032412E-04   1.5255749E-03
   4.3478261E-02   8.5851566E+05   7.4965416E+05   1.6081698E+06   4.2144589E-03   4.0842062E-04   2.2493432E-03
   5.7971014E-02   8.6855567E+05   7.9998050E+05   1.6685362E+06   1.5131055E-03   6.0663774E-04   6.9768709E-04
   7.2463768E-02   8.8064157E+05   7.9410804E+05   1.6745981E+06   2.8725035E-03   4.4801013E-04   1.5545699E-03
   8.6956522E-02   8.7240750E+05   7.8552036E+05   1.6579279E+06   2.8529064E-03   1.9766520E-04   1.5690736E-03
   1.0144928E-01   8.2441751E+05   7.6304084E+05   1.5873501E+06   2.0509337E-03   3.2226893E-04   1.1674659E-03
   1.1594203E-01   8.1039938E+05   7.0867323E+05   1.5190726E+06   4.3268836E-03   5.4780483E-04   2.5034649E-03
   1.3043478E-01   7.8518359E+05   6.8331010E+05   1.4684095E+06   4.4989852E-03   3.2926817E-04   2.5020770E-03
   1.4492754E-01   7.3636851E+05   6.3195239E+05   1.3683209E+06   4.9817747E-03   3.2316294E-04   2.5692486E-03
   1.5942029E-01   7.0448846E+05   5.7560434E+05   1.2800239E+06   3.4655699E-03   1.0768523E-04   1.9352499E-03
   1.7391304E-01   6.8726717E+05   5.3597241E+05   1.2231133E+06   6.5299832E-03   1.0149647E-04   3.6379215E-03
   1.8840580E-01   6.4390132E+05   5.0610982E+05   1.1498946E+06   7.2676460E-03   3.0269242E-04   4.0037178E-03
   2.0289855E-01   6.2702711E+05   4.6508795E+05   1.0920068E+06   9.0904928E-03   3.8551857E-04   5.1084679E-03
   2.1739130E-01   5.9522742E+05   4.3852748E+05   1.0337044E+06   7.6100577E-03   3.5680142E-04   4.5239682E-03
   2.3188406E-01   5.8497272E+05   4.1320329E+05   9.9812865E+05   1.0665247E-02   3.3997627E-04   6.2019030E-03
   2.4637681E-01   5.5528727E+05   3.9018982E+05   9.4543252E+05   1.2333755E-02   1.8950153E-04   7.3216837E-03
   2.6086957E-01   5.3976110E+05   3.5727285E+05   8.9699185E+05   1.3025144E-02   2.3060171E-04   7.7551934E-03
   2.7536232E-01   5.1877046E+05   3.3324462E+05   8.5201508E+05   1.3895079E-02   3.8691686E-04   8.5513734E-03
   2.8985507E-01   4.9468839E+05   3.1233906E+05   8.0695168E+05   1.3405110E-02   2.3061263E-04   8.3001718E-03
   3.0434783E-01   4.8819892E+05   2.9652762E+05   7.8465438E+05   1.6699955E-02   3.3224219E-04   1.0279897E-02
   3.1884058E-01   4.7244882E+05   2.7560950E+05   7.4802388E+05   1.6241029E-02   6.1363639E-04   1.0483861E-02
   3.3333333E-01   4.5513619E+05   2.5222748E+05   7.0733072E+05   1.8166666E-02   3.4414276E-04   1.1576656E-02
   3.4782609E-01   4.3866640E+05   2.4345448E+05   6.8212088E+05   2.0410846E-02   3.3022774E-04   1.3202807E-02
   3.6231884E-01   4.1478506E+05   2.3353445E+05   6.4831951E+05   1.8803292E-02   4.8414396E-04   1.1881636E-02
   3.7681159E-01   4.0416509E+05   2.1175826E+05   6.1589421E+05   2.1309342E-02   2.9645146E-04   1.4083953E-02
   3.9130435E-01   3.8798925E+05   1.9802185E+05   5.8598304E+05   2.1086405E-02   1.6201736E-04   1.3961671E-02
   4.0579710E-01   3.7746112E+05   1.8569961E+05   5.6316073E+05   1.9643671E-02   1.3737873E-03   1.2714688E-02
   4.2028986E-01   3.5895816E+05   1.7796361E+05   5.3692176E+05   2.3328844E-02   3.0268204E-04   1.5545163E-02
   4.3478261E-01   3.5300426E+05   1.6559072E+05   5.1856973E+05   2.2425125E-02   1.0706047E-03   1.5343757E-02
   4.4927536E-01   3.3093539E+05   1.5538491E+05   4.8632029E+05   2.1422325E-02   5.3308225E-04   1.4676121E-02
   4.6376812E-01   3.2265375E+05   1.4619582E+05   4.6884957E+05   2.4609109E-02   6.9620906E-04   1.7144757E-02
   4.7826087E-01   3.0966172E+05   1.3767846E+05   4.4734018E+05   2.4714568E-02   1.3423251E-03   1.7440283E-02
   4.9275362E-01   2.9970714E+05   1.2761177E+05   4.2731892E+05   2.5275109E-02   3.7689628E-04   1.7803982E-02
   5.0724638E-01   2.8408631E+05   1.1881311E+05   4.0289942E+05   2.5399055E-02   2.7139843E-04   1.7989016E-02
   5.2173913E-01   2.7535309E+05   1.1559694E+05   3.9095003E+05   2.9213255E-02   1.3753460E-03   2.0943278E-02
   5.3623188E-01   2.6207450E+05   1.0569403E+05   3.6774804E+05   2.5998480E-02   8.8697481E-04   1.8726691E-02
   5.5072464E-01   2.5254566E+05   9.9522731E+04   3.5204845E+05   2.4918601E-02   1.0985737E-03   1.8185200E-02
   5.6521739E-01   2.4776047E+05   9.4542223E+04   3.4228326E+05   3.0576365E-02   3.6196328E-04   2.2231948E-02
   5.7971014E-01   2.3266305E+05   8.6571416E+04   3.1921552E+05   2.7513307E-02   2.3268848E-03   2.0585010E-02
   5.9420290E-01   2.2331055E+05   8.3277110E+04   3.0658765E+05   3.0033808E-02   2.4350127E-03   2.2537072E-02
   6.0869565E-01   2.1402453E+05   7.8101003E+04   2.9210749E+05   3.1255349E-02   1.1559884E-03   2.3207258E-02
   6.2318841E-01   2.0499421E+05   7.3306619E+04   2.7828320E+05   3.4896763E-02   3.9703749E-04   2.5803692E-02
   6.3768116E-01   1.9315397E+05   6.8489063E+04   2.6162581E+05   3.5871617E-02   1.6256599E-03   2.6892353E-02
   6.5217391E-01   1.8684103E+05   6.3430980E+04   2.5023833E+05   3.4334965E-02   7.0394078E-04   2.5813920E-02
   6.6666667E-01   1.8035780E+05   5.8444560E+04   2.3880236E+05   3.3731809E-02   1.4666682E-03   2.5819403E-02
   6.8115942E-01   1.6900752E+05   5.4573163E+04   2.2358069E+05   3.5645914E-02   1.7265594E-03   2.7366017E-02
   6.9565217E-01   1.5928257E+05   5.1841818E+04   2.1112438E+05   3.4829546E-02   2.0036006E-03   2.6768632E-02
   7.1014493E-01   1.5134630E+05   4.8696180E+04   2.0004248E+05   3.6393677E-02   2.0714309E-03   2.8030018E-02
   7.2463768E-01   1.4542482E+05   4.4191203E+04   1.8960087E+05   4.1199721E-02   2.2542085E-03   3.2125026E-02
   7.3913043E-01   1.3851724E+05   4.0902923E+04   1.7942016E+05   4.1413037E-02   2.6838603E-03   3.2487491E-02
   7.5362319E-01   1.3068043E+05   3.8047125E+04   1.6872756E+05   3.9495856E-02   2.3794660E-03   3.0985272E-02
   7.6811594E-01   1.2389710E+05   3.5670812E+04   1.5955361E+05   4.3272196E-02   1.5879777E-03   3.3903720E-02
   7.8260870E-01   1.1547065E+05   3.3017674E+04   1.4848833E+05   4.2124500E-02   1.9259370E-03   3.3185728E-02
   7.9710145E-01   1.1158017E+05   3.0764109E+04   1.4233050E+05   4.2335587E-02   2.6344637E-03   3.3668174E-02
   8.1159420E-01   1.0225386E+05   2.9159331E+04   1.3141319E+05   4.5580017E-02   3.9681306E-03   3.6325676E-02
   8.2608696E-01   9.7083351E+04   2.5763047E+04   1.2284640E+05   4.7869855E-02   3.8971291E-03   3.8621125E-02
   8.4057971E-01   9.0510340E+04   2.3803383E+04   1.1431372E+05   4.5702745E-02   6.7380954E-03   3.7585669E-02
   8.5507246E-01   8.3299663E+04   2.1563388E+04   1.0486305E+05   5.2455066E-02   3.5083442E-03   4.2378144E-02
   8.6956522E-01   7.8754099E+04   1.9132851E+04   9.7886951E+04   5.6517774E-02   2.1405999E-03   4.5703831E-02
   8.8405797E-01   7.2879363E+04   1.8372009E+04   9.1251372E+04   5.4440929E-02   6.8820868E-03   4.4773211E-02
   8.9855072E-01   6.7487451E+04   1.6242452E+04   8.3729904E+04   5.9587186E-02   5.7839944E-03   4.9004011E-02
   9.1304348E-01   6.0077694E+04   1.4132391E+04   7.4210085E+04   6.4108735E-02   3.8841324E-03   5.2583581E-02
   9.2753623E-01   5.4462324E+04   1.2763127E+04   6.7225451E+04   6.0448659E-02   3.8394003E-03   4.9689722E-02
   9.4202899E-01   4.7002989E+04   1.0689916E+04   5.7692905E+04   6.8137206E-02   5.5349492E-03   5.6537577E-02
   9.5652174E-01   3.9907465E+04   9.2420914E+03   4.9149557E+04   7.2334525E-02   4.9651053E-03   5.9614896E-02
   9.7101449E-01   3.1723155E+04   6.4237976E+03   3.8146953E+04   7.3377187E-02   4.5591951E-03   6.1772652E-02
   9.8550725E-01   1.7717667E+04   3.6883947E+03   2.1406061E+04   7.7595816E-02   6.8172136E-03   6.5362811E-02
   1.0000000E+00   2.0352206E+03   5.0333412E+02   2.5385547E+03   9.7650768E-02   6.0426075E-02   8.6603095E-02
