   0.0000000E+00   4.4160894E+07   2.4829516E+07   6.8990410E+07   2.5212881E-03   1.5084413E-03   1.0711147E-03
   1.4492754E-02   4.6034019E+07   2.5822908E+07   7.1856927E+07   1.0075296E-03   9.6160244E-04   5.4129021E-04
   2.8985507E-02   4.3211450E+07   2.3959634E+07   6.7170705E+07   1.1177352E-03   3.0874976E-04   8.2544315E-04
   4.3478261E-02   3.5086239E+07   1.8454172E+07   5.3539906E+07   5.0270272E-04   4.5941581E-04   4.5560093E-04
   5.7971014E-02   2.5249112E+07   1.2621241E+07   3.7869785E+07   7.6078558E-04   4.5043711E-05   4.9305007E-04
   7.2463768E-02   1.4028434E+07   6.3665036E+06   2.0394937E+07   1.0540228E-03   3.0837530E-04   8.2124749E-04
   8.6956522E-02   8.0600451E+06   3.4637407E+06   1.1523659E+07   3.1069938E-03   8.3216149E-04   2.4010447E-03
   1.0144928E-01   4.2515523E+06   1.8238722E+06   6.0754245E+06   4.8683823E-03   1.4568909E-03   3.8332359E-03
   1.1594203E-01   1.3409098E+06   5.7209120E+05   1.9130010E+06   1.7676428E-02   4.5023804E-03   1.3736020E-02
   1.3043478E-01   3.7465869E+04   1.2628945E+04   5.0094814E+04   9.2072547E-02   1.7955841E-02   7.2718586E-02
   1.4492754E-01   1.8943417E+04   7.1227248E+03   2.6066142E+04   1.3361579E-01   3.5278730E-02   1.0541520E-01
   1.5942029E-01   1.3019294E+04   3.9264537E+03   1.6945748E+04   1.4552897E-01   5.1766643E-02   1.2209377E-01
   1.7391304E-01   7.7668010E+03   2.6520784E+03   1.0418879E+04   1.4731578E-01   5.8756722E-02   1.2467864E-01
   1.8840580E-01   5.7704563E+03   2.2732101E+03   8.0436663E+03   1.3278293E-01   5.2505204E-02   1.1007009E-01
   2.0289855E-01   4.0051796E+03   2.2732101E+03   6.2783897E+03   1.7183782E-01   5.6100114E-02   1.2992054E-01
   2.1739130E-01   3.3845572E+03   1.2123787E+03   4.5969359E+03   1.8803283E-01   1.3396488E-01   1.7299352E-01
   2.3188406E-01   2.8415126E+03   8.9981231E+02   3.7413249E+03   1.3743476E-01   1.2491482E-01   1.3310350E-01
   2.4637681E-01   1.9166281E+03   5.3487295E+02   2.4515010E+03   2.1026187E-01   7.2475295E-02   1.7965955E-01
   2.6086957E-01   1.3891839E+03   4.6306131E+02   1.8522452E+03   1.6836278E-01   1.2411015E-01   1.5729808E-01
   2.7536232E-01   1.6749969E+03   5.1845142E+02   2.1934483E+03   1.9247732E-01   5.5445684E-02   1.5396670E-01
   2.8985507E-01   8.7139719E+02   3.7886834E+02   1.2502655E+03   1.8218722E-01   5.4521182E-05   1.2699360E-01
   3.0434783E-01   1.1546464E+03   3.2474429E+02   1.4793907E+03   1.6985652E-01   5.9368758E-02   1.4544134E-01
   3.1884058E-01   6.1996638E+02   2.0665546E+02   8.2662184E+02   1.6286082E-01   1.3097172E-01   1.5461415E-01
   3.3333333E-01   6.2595639E+02   2.6356059E+02   8.8951698E+02   1.8896112E-01   5.2317094E-02   1.4840191E-01
   3.4782609E-01   4.4201307E+02   9.4717086E+01   5.3673015E+02   2.4664977E-01   3.0556986E-01   2.5678162E-01
   3.6231884E-01   5.4557041E+02   9.0928402E+01   6.3649881E+02   1.9244271E-01   1.0130131E-01   1.7941487E-01
   3.7681159E-01   6.4116181E+02   1.1657487E+02   7.5773668E+02   2.4350214E-01   8.6221528E-02   2.1929149E-01
   3.9130435E-01   7.5773668E+02   1.4032161E+02   8.9805829E+02   1.1177096E-01   8.6035340E-02   1.0727243E-01
   4.0579710E-01   4.6005442E+02   5.4124049E+01   5.1417846E+02   2.3959643E-01   1.2748489E-05   2.1437441E-01
   4.2028986E-01   3.9193277E+02   1.3064426E+02   5.2257702E+02   1.4997765E-01   2.4069609E-01   1.7134288E-01
   4.3478261E-01   4.0412623E+02   7.5773668E+01   4.7989990E+02   1.1685441E-01   2.7737243E-06   9.8403278E-02
   4.4927536E-01   3.4220366E+02   4.8886238E+01   3.9108990E+02   1.2721736E-01   1.7717880E-01   1.3124461E-01
   4.6376812E-01   2.1311344E+02   4.7358543E+01   2.6047199E+02   1.1745719E-01   2.1058651E-01   1.3438416E-01
   4.7826087E-01   2.2961718E+02   9.1846871E+01   3.2146405E+02   2.5888572E-01   7.3702227E-06   1.8491632E-01
   4.9275362E-01   2.8972285E+02   4.4572746E+01   3.3429560E+02   1.3737148E-01   1.7829186E-01   1.4226100E-01
   5.0724638E-01   2.1649620E+02   2.1649620E+01   2.3814581E+02   9.6791638E-02   9.7017780E-06   8.7991552E-02
   5.2173913E-01   1.4733769E+02   4.2096482E+01   1.8943417E+02   2.3341367E-01   3.5398994E-01   2.5985477E-01
   5.3623188E-01   2.4575244E+02   6.1438110E+01   3.0719055E+02   2.2591758E-01   1.2885352E-01   2.0650281E-01
   5.5072464E-01   1.7946395E+02   3.9880878E+01   2.1934483E+02   3.1083954E-01   1.5826520E-06   2.5432352E-01
   5.6521739E-01   2.1372060E+02   3.8858291E+01   2.5257889E+02   3.0293540E-01   9.8885271E-02   2.6992805E-01
   5.7971014E-01   9.4717086E+01   3.7886834E+01   1.3260392E+02   2.5154826E-01   2.2940177E-05   1.7967134E-01
   5.9420290E-01   2.0329521E+02   1.8481383E+01   2.2177659E+02   1.9273693E-01   3.5720709E-01   2.0165168E-01
   6.0869565E-01   9.0206748E+01   1.8041350E+01   1.0824810E+02   8.3853880E-02   3.2917598E-06   6.9877691E-02
   6.2318841E-01   7.0487133E+01   3.5243567E+01   1.0573070E+02   3.5633181E-01   5.6212366E-06   2.3755272E-01
   6.3768116E-01   1.2054902E+02   1.7221288E+01   1.3777031E+02   1.8187660E-01   3.5384415E-07   1.5914199E-01
   6.5217391E-01   8.4192965E+01   1.6838593E+01   1.0103156E+02   5.6991233E-05   5.4235720E-06   4.8119117E-05
   6.6666667E-01   6.5890146E+01   1.6472537E+01   8.2362683E+01   2.6615409E-01   2.8401217E-05   2.1292895E-01
   6.8115942E-01   8.0610286E+01   4.8366171E+01   1.2897646E+02   8.6581459E-02   1.3306268E-01   1.0322425E-01
   6.9565217E-01   1.5786181E+02   1.5786181E+01   1.7364799E+02   2.2003896E-01   3.1556023E-01   2.2851016E-01
   7.1014493E-01   4.6392042E+01   0.0000000E+00   4.6392042E+01   2.3342502E-01   0.0000000E+00   2.3342502E-01
   7.2463768E-01   9.0928402E+01   1.5154734E+01   1.0608314E+02   9.6391592E-02   2.5500963E-06   8.2621000E-02
   7.3913043E-01   5.9430328E+01   1.4857582E+01   7.4287910E+01   1.8431635E-01   3.2444041E-05   1.4745957E-01
   7.5362319E-01   5.8287437E+01   1.4571859E+01   7.2859297E+01   3.0788617E-05   4.1822152E-05   1.6281885E-05
   7.6811594E-01   1.4296919E+01   2.8593837E+01   4.2890756E+01   1.1642158E-05   5.8808722E-05   4.2956994E-05
   7.8260870E-01   5.6128643E+01   1.4032161E+01   7.0160804E+01   2.6409763E-01   7.4963852E-07   2.1127796E-01
   7.9710145E-01   1.3777031E+01   0.0000000E+00   1.3777031E+01   7.4572229E-06   0.0000000E+00   7.4572229E-06
   8.1159420E-01   8.1186073E+01   0.0000000E+00   8.1186073E+01   1.9266766E-01   0.0000000E+00   1.9266766E-01
   8.2608696E-01   7.9761756E+01   1.3293626E+01   9.3055382E+01   3.3295799E-01   1.9763792E-05   2.8538984E-01
   8.4057971E-01   5.2257702E+01   1.3064426E+01   6.5322128E+01   1.9273901E-01   3.0843983E-01   2.1409568E-01
   8.5507246E-01   2.5685989E+01   0.0000000E+00   2.5685989E+01   1.9236767E-01   0.0000000E+00   1.9236767E-01
   8.6956522E-01   2.5257889E+01   0.0000000E+00   2.5257889E+01   2.7701393E-05   0.0000000E+00   2.7701393E-05
   8.8405797E-01   2.4843826E+01   0.0000000E+00   2.4843826E+01   1.8291880E-01   0.0000000E+00   1.8291880E-01
   8.9855072E-01   2.4443119E+01   0.0000000E+00   2.4443119E+01   2.1735988E-01   0.0000000E+00   2.1735988E-01
   9.1304348E-01   2.4055133E+01   0.0000000E+00   2.4055133E+01   2.0733648E-01   0.0000000E+00   2.0733648E-01
   9.2753623E-01   2.3679271E+01   0.0000000E+00   2.3679271E+01   4.2855368E-01   0.0000000E+00   4.2855368E-01
   9.4202899E-01   0.0000000E+00   0.0000000E+00   0.0000000E+00   0.0000000E+00   0.0000000E+00   0.0000000E+00
   9.5652174E-01   0.0000000E+00   0.0000000E+00   0.0000000E+00   0.0000000E+00   0.0000000E+00   0.0000000E+00
   9.7101449E-01   0.0000000E+00   1.1309503E+01   1.1309503E+01   0.0000000E+00   4.0610354E-06   4.0610354E-06
   9.8550725E-01   0.0000000E+00   0.0000000E+00   0.0000000E+00   0.0000000E+00   0.0000000E+00   0.0000000E+00
   1.0000000E+00   0.0000000E+00   0.0000000E+00   0.0000000E+00   0.0000000E+00   0.0000000E+00   0.0000000E+00
