   0.0000000E+00   1.0935656E+07   6.2983073E+06   1.7233963E+07   5.0275305E-04   1.1756453E-03   5.7236455E-04
   1.4492754E-02   1.1672934E+07   7.5319026E+06   1.9203321E+07   1.5127204E-03   4.4053944E-04   1.0648875E-03
   2.8985507E-02   1.1755906E+07   7.5985835E+06   1.9354110E+07   1.5769021E-03   5.3851236E-05   9.7547549E-04
   4.3478261E-02   1.0423678E+07   6.6872788E+06   1.7108431E+07   6.4135754E-04   2.1167836E-04   3.6877928E-04
   5.7971014E-02   8.4572886E+06   5.4744581E+06   1.3930800E+07   9.2485534E-04   1.4888955E-04   6.2213142E-04
   7.2463768E-02   6.7358245E+06   4.2336264E+06   1.0968087E+07   4.0454165E-04   2.9345116E-04   3.3460767E-04
   8.6956522E-02   5.1763519E+06   3.2749379E+06   8.4502795E+06   5.2969981E-04   1.6175651E-04   3.7329270E-04
   1.0144928E-01   3.9389318E+06   2.4127419E+06   6.3509159E+06   8.8859318E-04   3.9425276E-04   6.7730710E-04
   1.1594203E-01   2.9542259E+06   1.7820072E+06   4.7360437E+06   1.9690071E-04   2.0399384E-04   1.9887914E-04
   1.3043478E-01   2.1933109E+06   1.2625577E+06   3.4555319E+06   1.3227771E-03   1.9773333E-04   8.0642353E-04
   1.4492754E-01   1.6577005E+06   9.4648889E+05   2.6041137E+06   2.3866105E-03   3.5662012E-04   1.4483654E-03
   1.5942029E-01   1.2659713E+06   7.0407515E+05   1.9699776E+06   1.2892075E-03   1.8520749E-04   8.7430989E-04
   1.7391304E-01   1.0093053E+06   5.3679330E+05   1.5460354E+06   1.0337702E-03   2.3147867E-04   7.5235501E-04
   1.8840580E-01   7.9340860E+05   4.0754576E+05   1.2008961E+06   3.1546526E-03   3.6595881E-04   1.9683656E-03
   2.0289855E-01   6.5852730E+05   3.3172630E+05   9.9019947E+05   2.0258850E-03   3.1603283E-04   1.4412186E-03
   2.1739130E-01   5.5547151E+05   2.7419965E+05   8.2967115E+05   4.0605983E-03   3.5801319E-04   2.7471175E-03
   2.3188406E-01   4.9437583E+05   2.3451950E+05   7.2884797E+05   1.6048774E-03   1.9988581E-04   1.1188372E-03
   2.4637681E-01   4.3141961E+05   2.0302886E+05   6.3444847E+05   1.8494375E-03   3.6593437E-04   1.1491036E-03
   2.6086957E-01   3.8829795E+05   1.7886795E+05   5.6716591E+05   2.4670681E-03   2.1248461E-04   1.7053627E-03
   2.7536232E-01   3.5154994E+05   1.5872589E+05   5.1027584E+05   2.5944915E-03   3.0348672E-04   1.8818061E-03
   2.8985507E-01   3.2548579E+05   1.4010551E+05   4.6559131E+05   2.6928165E-03   3.2340415E-04   1.9226545E-03
   3.0434783E-01   2.9385750E+05   1.2831008E+05   4.2213150E+05   2.7879403E-03   3.8644690E-04   2.0497395E-03
   3.1884058E-01   2.6458787E+05   1.1731142E+05   3.8189929E+05   2.7238665E-03   3.4014247E-04   1.8525941E-03
   3.3333333E-01   2.5344645E+05   1.0285452E+05   3.5630097E+05   2.4708684E-03   3.3359564E-04   1.8363461E-03
   3.4782609E-01   2.3208843E+05   9.2949033E+04   3.2500589E+05   5.3049347E-03   4.6577865E-04   3.6822114E-03
   3.6231884E-01   2.1704610E+05   8.5108984E+04   3.0215508E+05   3.1933699E-03   4.2810743E-04   2.1735682E-03
   3.7681159E-01   2.0132481E+05   7.8892046E+04   2.8021685E+05   8.0614003E-03   4.5047098E-04   5.7026937E-03
   3.9130435E-01   1.8289518E+05   6.9767904E+04   2.5263502E+05   7.4650403E-03   1.1809227E-03   5.3078703E-03
   4.0579710E-01   1.7417119E+05   6.6464332E+04   2.4063552E+05   1.1930189E-03   1.4418831E-04   9.0241534E-04
   4.2028986E-01   1.6249533E+05   5.9155719E+04   2.2162492E+05   5.4350959E-03   1.9881862E-04   3.9976197E-03
   4.3478261E-01   1.5063805E+05   5.3698273E+04   2.0433633E+05   3.6072645E-03   3.0219286E-04   2.7062206E-03
   4.4927536E-01   1.4360332E+05   4.9815076E+04   1.9341840E+05   5.3210663E-03   3.9199903E-04   3.8668167E-03
   4.6376812E-01   1.3556383E+05   4.6577127E+04   1.8211728E+05   5.4537668E-03   5.6370064E-04   3.8736900E-03
   4.7826087E-01   1.3028479E+05   4.2708795E+04   1.7301654E+05   3.8606965E-03   5.3852258E-04   3.0378320E-03
   4.9275362E-01   1.2201789E+05   3.9090298E+04   1.6110819E+05   6.5629242E-03   8.3743908E-04   4.9886369E-03
   5.0724638E-01   1.1822857E+05   3.7670338E+04   1.5589891E+05   5.7053611E-03   3.7031603E-04   4.4033505E-03
   5.2173913E-01   1.1302906E+05   3.7297483E+04   1.5032654E+05   3.0410851E-03   5.1827711E-04   2.1730824E-03
   5.3623188E-01   1.0708662E+05   3.3115141E+04   1.4020177E+05   8.3736680E-03   2.6101940E-04   6.4563589E-03
   5.5072464E-01   1.0227451E+05   3.2742201E+04   1.3501671E+05   3.6023859E-03   4.0688635E-04   2.6558246E-03
   5.6521739E-01   9.6446279E+04   2.9707164E+04   1.2615344E+05   1.0443755E-02   1.9267558E-04   8.0247746E-03
   5.7971014E-01   9.5664256E+04   2.7903653E+04   1.2356791E+05   8.0028507E-03   4.5994776E-04   6.2432032E-03
   5.9420290E-01   8.8766080E+04   2.5319494E+04   1.1408557E+05   9.2668129E-03   3.5760534E-04   7.2633776E-03
   6.0869565E-01   8.5714452E+04   2.4608401E+04   1.1032285E+05   6.4800017E-03   6.0870211E-04   4.9027369E-03
   6.2318841E-01   8.0408197E+04   2.3014049E+04   1.0342225E+05   6.6890548E-03   1.9055593E-04   5.1701227E-03
   6.3768116E-01   8.0165097E+04   2.2921535E+04   1.0308663E+05   6.3756824E-03   1.0442103E-03   5.0930380E-03
   6.5217391E-01   7.5335865E+04   2.0610438E+04   9.5946303E+04   8.6342560E-03   4.6797624E-04   6.7889590E-03
   6.6666667E-01   7.2693304E+04   1.9075197E+04   9.1768501E+04   9.8190786E-03   3.4872751E-04   7.8401251E-03
   6.8115942E-01   6.9389334E+04   1.7943850E+04   8.7333183E+04   1.0466634E-02   1.0490293E-03   8.1025799E-03
   6.9565217E-01   6.5512651E+04   1.6543918E+04   8.2056568E+04   4.9799000E-03   1.2870060E-04   3.9499548E-03
   7.1014493E-01   6.0603471E+04   1.5541334E+04   7.6144805E+04   1.0196260E-02   6.0393162E-05   8.1049272E-03
   7.2463768E-01   5.8254796E+04   1.4821330E+04   7.3076126E+04   1.3047048E-02   2.2479045E-04   1.0379556E-02
   7.3913043E-01   5.6904539E+04   1.3862124E+04   7.0766663E+04   1.2952716E-02   4.6523430E-05   1.0416405E-02
   7.5362319E-01   5.2852134E+04   1.2531799E+04   6.5383933E+04   1.5978863E-02   2.2838195E-04   1.2937761E-02
   7.6811594E-01   5.0868436E+04   1.1423238E+04   6.2291674E+04   8.1193956E-03   4.2813039E-05   6.6246563E-03
   7.8260870E-01   4.8130312E+04   1.1071375E+04   5.9201686E+04   9.8504946E-03   3.4325182E-06   8.0082301E-03
   7.9710145E-01   4.6897012E+04   9.7403606E+03   5.6637373E+04   1.3812677E-02   1.5401234E-05   1.1438281E-02
   8.1159420E-01   4.3921666E+04   9.4311155E+03   5.3352781E+04   1.0769684E-02   5.3742476E-04   8.9609294E-03
   8.2608696E-01   4.1555875E+04   8.6009760E+03   5.0156851E+04   1.0524550E-02   5.9062185E-04   8.7328701E-03
   8.4057971E-01   3.7403450E+04   7.9301063E+03   4.5333557E+04   1.5182578E-02   2.2081887E-04   1.2524058E-02
   8.5507246E-01   3.6024600E+04   6.7168862E+03   4.2741486E+04   9.4270971E-03   3.3522743E-04   7.9528668E-03
   8.6956522E-01   3.3075206E+04   6.3144724E+03   3.9389679E+04   1.3481321E-02   1.0435406E-05   1.1318510E-02
   8.8405797E-01   3.1613768E+04   5.4035321E+03   3.7017300E+04   1.6199821E-02   5.7918504E-04   1.3830507E-02
   8.9855072E-01   2.7755161E+04   4.9619531E+03   3.2717115E+04   1.9268039E-02   1.7460033E-04   1.6322337E-02
   9.1304348E-01   2.5318027E+04   4.4141169E+03   2.9732144E+04   1.3590761E-02   1.1590363E-03   1.1559170E-02
   9.2753623E-01   2.1453420E+04   3.8123627E+03   2.5265783E+04   1.7053107E-02   2.8168162E-06   1.4479825E-02
   9.4202899E-01   1.8150708E+04   3.3690139E+03   2.1519722E+04   1.5426824E-02   1.7484641E-05   1.3014116E-02
   9.5652174E-01   1.3455567E+04   2.5143081E+03   1.5969875E+04   1.3580664E-02   2.1950699E-03   1.1371119E-02
   9.7101449E-01   9.0362927E+03   1.4476164E+03   1.0483909E+04   2.7991719E-02   5.5027900E-06   2.4127360E-02
   9.8550725E-01   3.2092377E+03   4.9030021E+02   3.6995379E+03   2.9262092E-02   1.7427471E-05   2.5384059E-02
   1.0000000E+00   4.3768184E+01   0.0000000E+00   4.3768184E+01   2.0467233E-01   0.0000000E+00   2.0467233E-01
