   0.0000000E+00   7.4870446E+07   3.6898746E+07   1.1176919E+08   1.4810251E-03   7.3409386E-04   1.2150821E-03
   1.4492754E-02   7.8616696E+07   3.9741774E+07   1.1835847E+08   3.1929578E-04   4.8513819E-04   2.9362207E-04
   2.8985507E-02   6.5717745E+07   3.3515072E+07   9.9232438E+07   1.7210533E-04   6.6019857E-05   1.3038444E-04
   4.3478261E-02   4.0839734E+07   2.0462679E+07   6.1302666E+07   4.7840347E-04   2.5402571E-04   3.8249489E-04
   5.7971014E-02   2.4247195E+07   1.2127576E+07   3.6374581E+07   9.1621565E-04   2.0170469E-04   5.4543585E-04
   7.2463768E-02   7.3667160E+06   3.5359025E+06   1.0902467E+07   1.1114625E-03   1.4917441E-04   7.9704843E-04
   8.6956522E-02   2.7182541E+06   1.3083587E+06   4.0266127E+06   1.3699130E-03   1.9949541E-04   8.8565141E-04
   1.0144928E-01   1.2252602E+06   6.0716358E+05   1.8324238E+06   4.1186399E-03   1.4607642E-03   3.1728423E-03
   1.1594203E-01   3.5623096E+05   1.7702623E+05   5.3325719E+05   1.3948075E-02   1.7716659E-03   9.7183785E-03
   1.3043478E-01   1.9785347E+04   5.6409286E+03   2.5426275E+04   1.1512561E-01   7.4907664E-03   9.1212001E-02
   1.4492754E-01   1.2199561E+04   3.7886834E+03   1.5988244E+04   1.6558768E-01   1.0084360E-02   1.2871388E-01
   1.5942029E-01   9.1617254E+03   2.4109804E+03   1.1572706E+04   1.6460315E-01   8.4242082E-03   1.3127567E-01
   1.7391304E-01   8.5876824E+03   3.5361045E+03   1.2123787E+04   1.8671844E-01   3.5765807E-06   1.3225897E-01
   1.8840580E-01   5.9453186E+03   1.6903357E+03   7.6356543E+03   1.9420935E-01   1.9511333E-02   1.5486457E-01
   2.0289855E-01   5.1417846E+03   1.1907291E+03   6.3325137E+03   2.0280069E-01   1.8282352E-05   1.6466450E-01
   2.1739130E-01   5.5567357E+03   1.3639260E+03   6.9206617E+03   2.2117900E-01   1.2450105E-05   1.7758653E-01
   2.3188406E-01   4.7358543E+03   1.0892465E+03   5.8251008E+03   2.1943486E-01   1.8891731E-02   1.8193301E-01
   2.4637681E-01   2.9863740E+03   8.4688218E+02   3.8332562E+03   2.3908201E-01   1.5419527E-02   1.8963232E-01
   2.6086957E-01   3.2835256E+03   8.4192965E+02   4.1254553E+03   2.3512282E-01   1.7580988E-02   1.9034513E-01
   2.7536232E-01   3.5095173E+03   4.3868966E+02   3.9482069E+03   2.1917320E-01   1.1468727E-04   1.9483335E-01
   2.8985507E-01   2.0837759E+03   3.0309467E+02   2.3868706E+03   2.1825651E-01   4.4137825E-06   1.9054195E-01
   3.0434783E-01   2.4175408E+03   2.8866159E+02   2.7062024E+03   2.4655995E-01   1.0478456E-05   2.2025915E-01
   3.1884058E-01   1.5154734E+03   4.1331092E+02   1.9287843E+03   2.3211854E-01   9.6482170E-05   1.8239939E-01
   3.3333333E-01   1.0871874E+03   3.6239581E+02   1.4495832E+03   1.8558942E-01   3.3510487E-06   1.3919127E-01
   3.4782609E-01   1.0734603E+03   1.2628945E+02   1.1997497E+03   1.9322922E-01   1.0484816E-05   1.7288821E-01
   3.6231884E-01   1.4548544E+03   2.7278521E+02   1.7276396E+03   1.8636080E-01   2.3023443E-06   1.5693578E-01
   3.7681159E-01   9.0345528E+02   8.7431156E+01   9.9088643E+02   1.8257408E-01   1.7584410E-05   1.6646615E-01
   3.9130435E-01   6.7354372E+02   1.4032161E+02   8.1386533E+02   1.2772718E-01   6.3123405E-02   1.1632261E-01
   4.0579710E-01   5.1417846E+02   1.3531012E+02   6.4948859E+02   1.9631527E-01   9.0200120E-06   1.5541811E-01
   4.2028986E-01   4.4419047E+02   5.2257702E+01   4.9644817E+02   1.4747086E-01   9.4240364E-06   1.3194663E-01
   4.3478261E-01   3.2835256E+02   5.0515779E+01   3.7886834E+02   1.0192318E-01   6.3893428E-06   8.8334194E-02
   4.4927536E-01   3.1776054E+02   9.7772475E+01   4.1553302E+02   1.2247911E-01   2.1979430E-05   9.3655545E-02
   4.6376812E-01   4.7358543E+02   0.0000000E+00   4.7358543E+02   1.6529551E-01   0.0000000E+00   1.6529551E-01
   4.7826087E-01   4.1331092E+02   0.0000000E+00   4.1331092E+02   1.2252680E-01   0.0000000E+00   1.2252680E-01
   4.9275362E-01   3.1200922E+02   8.9145492E+01   4.0115472E+02   1.4706542E-01   3.8637257E-06   1.1438503E-01
   5.0724638E-01   1.0824810E+02   0.0000000E+00   1.0824810E+02   6.6769230E-02   0.0000000E+00   6.6769230E-02
   5.2173913E-01   3.7886834E+02   2.1048241E+01   3.9991658E+02   9.4088521E-02   5.0097371E-06   8.9136242E-02
   5.3623188E-01   2.4575244E+02   2.0479370E+01   2.6623181E+02   4.8309813E-02   1.6391035E-06   4.4593548E-02
   5.5072464E-01   2.1934483E+02   0.0000000E+00   2.1934483E+02   1.0424880E-01   0.0000000E+00   1.0424880E-01
   5.6521739E-01   3.1086633E+02   0.0000000E+00   3.1086633E+02   1.4450410E-02   0.0000000E+00   1.4450410E-02
   5.7971014E-01   1.1366050E+02   3.7886834E+01   1.5154734E+02   4.9507260E-02   2.8182828E-05   3.7123633E-02
   5.9420290E-01   2.4025797E+02   1.8481383E+01   2.5873936E+02   8.8338710E-02   6.9186367E-06   8.2028315E-02
   6.0869565E-01   1.4433080E+02   1.8041350E+01   1.6237215E+02   2.9274066E-02   2.2052303E-06   2.6021151E-02
   6.2318841E-01   5.2865350E+01   0.0000000E+00   5.2865350E+01   1.0048970E-01   0.0000000E+00   1.0048970E-01
   6.3768116E-01   8.6106441E+01   1.7221288E+01   1.0332773E+02   2.3761640E-06   9.8440693E-06   3.5981255E-06
   6.5217391E-01   1.6838593E+02   0.0000000E+00   1.6838593E+02   2.9737509E-02   0.0000000E+00   2.9737509E-02
   6.6666667E-01   4.9417610E+01   1.6472537E+01   6.5890146E+01   2.5755858E-01   3.8912349E-06   1.9316796E-01
   6.8115942E-01   6.4488228E+01   0.0000000E+00   6.4488228E+01   5.6846233E-06   0.0000000E+00   5.6846233E-06
   6.9565217E-01   3.1572362E+01   0.0000000E+00   3.1572362E+01   8.1164427E-06   0.0000000E+00   8.1164427E-06
   7.1014493E-01   3.0928028E+01   0.0000000E+00   3.0928028E+01   2.9154817E-05   0.0000000E+00   2.9154817E-05
   7.2463768E-01   1.5154734E+01   0.0000000E+00   1.5154734E+01   1.3236615E-05   0.0000000E+00   1.3236615E-05
   7.3913043E-01   2.9715164E+01   0.0000000E+00   2.9715164E+01   2.2363878E-05   0.0000000E+00   2.2363878E-05
   7.5362319E-01   1.4571859E+01   0.0000000E+00   1.4571859E+01   3.9621055E-01   0.0000000E+00   3.9621055E-01
   7.6811594E-01   1.4296919E+01   0.0000000E+00   1.4296919E+01   1.1490082E-05   0.0000000E+00   1.1490082E-05
   7.8260870E-01   2.8064322E+01   0.0000000E+00   2.8064322E+01   1.9604190E-01   0.0000000E+00   1.9604190E-01
   7.9710145E-01   0.0000000E+00   0.0000000E+00   0.0000000E+00   0.0000000E+00   0.0000000E+00   0.0000000E+00
   8.1159420E-01   0.0000000E+00   0.0000000E+00   0.0000000E+00   0.0000000E+00   0.0000000E+00   0.0000000E+00
   8.2608696E-01   1.3293626E+01   0.0000000E+00   1.3293626E+01   3.9596552E-01   0.0000000E+00   3.9596552E-01
   8.4057971E-01   1.3064426E+01   0.0000000E+00   1.3064426E+01   3.6281740E-06   0.0000000E+00   3.6281740E-06
   8.5507246E-01   0.0000000E+00   0.0000000E+00   0.0000000E+00   0.0000000E+00   0.0000000E+00   0.0000000E+00
   8.6956522E-01   0.0000000E+00   0.0000000E+00   0.0000000E+00   0.0000000E+00   0.0000000E+00   0.0000000E+00
   8.8405797E-01   0.0000000E+00   0.0000000E+00   0.0000000E+00   0.0000000E+00   0.0000000E+00   0.0000000E+00
   8.9855072E-01   0.0000000E+00   0.0000000E+00   0.0000000E+00   0.0000000E+00   0.0000000E+00   0.0000000E+00
   9.1304348E-01   0.0000000E+00   0.0000000E+00   0.0000000E+00   0.0000000E+00   0.0000000E+00   0.0000000E+00
   9.2753623E-01   0.0000000E+00   0.0000000E+00   0.0000000E+00   0.0000000E+00   0.0000000E+00   0.0000000E+00
   9.4202899E-01   1.1657487E+01   0.0000000E+00   1.1657487E+01   4.2663992E-01   0.0000000E+00   4.2663992E-01
   9.5652174E-01   0.0000000E+00   0.0000000E+00   0.0000000E+00   0.0000000E+00   0.0000000E+00   0.0000000E+00
   9.7101449E-01   0.0000000E+00   0.0000000E+00   0.0000000E+00   0.0000000E+00   0.0000000E+00   0.0000000E+00
   9.8550725E-01   0.0000000E+00   0.0000000E+00   0.0000000E+00   0.0000000E+00   0.0000000E+00   0.0000000E+00
   1.0000000E+00   0.0000000E+00   0.0000000E+00   0.0000000E+00   0.0000000E+00   0.0000000E+00   0.0000000E+00
