   0.0000000E+00   7.6986047E+05   9.2625732E+06   1.0032434E+07   8.4850478E-05   6.5918354E-05   6.4265704E-05
   1.4492754E-02   6.6605055E+05   9.4951984E+06   1.0161249E+07   2.7641050E-04   2.3806957E-05   3.0605936E-05
   2.8985507E-02   6.3649881E+05   9.8638373E+06   1.0500715E+07   5.6258998E-04   8.9261395E-06   3.1236519E-05
   4.3478261E-02   6.4432876E+05   8.5366615E+06   9.1802325E+06   3.2072040E-04   1.0250263E-05   3.1976462E-05
   5.7971014E-02   6.6074639E+05   7.0833225E+06   7.7448266E+06   4.3831164E-04   4.4492773E-06   4.1438435E-05
   7.2463768E-02   6.6695983E+05   5.5513305E+06   6.2182903E+06   4.4974882E-04   5.9982569E-06   5.3579862E-05
   8.6956522E-02   6.5822060E+05   4.2778024E+06   4.9360230E+06   6.3513905E-05   1.4285763E-05   1.2270500E-05
   1.0144928E-01   6.8954038E+05   3.1984065E+06   3.8877304E+06   1.4087516E-04   3.1911256E-05   4.3097650E-05
   1.1594203E-01   6.9124529E+05   2.3580766E+06   3.0496060E+06   1.5847763E-04   1.1543685E-05   4.4136508E-05
   1.3043478E-01   6.9939096E+05   1.6945518E+06   2.3940270E+06   8.9344398E-05   3.8538224E-05   5.2167455E-05
   1.4492754E-01   7.1265135E+05   1.2165462E+06   1.9291976E+06   7.7889334E-05   1.1796522E-04   8.9265148E-05
   1.5942029E-01   7.2026316E+05   8.6623080E+05   1.5864940E+06   1.7209129E-04   9.3075580E-05   1.2808954E-04
   1.7391304E-01   7.3828811E+05   6.2361729E+05   1.3619054E+06   2.0784922E-04   1.4763780E-04   1.7220019E-04
   1.8840580E-01   7.6006818E+05   4.4368397E+05   1.2036356E+06   1.2376604E-04   1.9114184E-04   1.2382872E-05
   2.0289855E-01   7.5930628E+05   3.1397361E+05   1.0733340E+06   1.0653429E-04   8.8044123E-05   6.3192395E-05
   2.1739130E-01   7.8486366E+05   2.3257465E+05   1.0173373E+06   7.8910253E-05   4.1353352E-04   1.4871250E-04
   2.3188406E-01   8.0514259E+05   1.7527397E+05   9.8041655E+05   3.8645214E-05   4.8252434E-04   9.8708145E-05
   2.4637681E-01   8.1002052E+05   1.3184618E+05   9.4191127E+05   3.7159495E-05   5.2006346E-04   5.5422514E-05
   2.6086957E-01   8.3729904E+05   1.0174720E+05   9.3904623E+05   7.6951540E-05   4.1608731E-04   5.6017880E-05
   2.7536232E-01   8.5241389E+05   8.2872465E+04   9.3528635E+05   6.1506991E-05   7.6946581E-04   9.5442001E-05
   2.8985507E-01   8.6283476E+05   6.6983923E+04   9.2985657E+05   7.2173403E-06   3.2068134E-04   1.9430373E-05
   3.0434783E-01   8.9304681E+05   5.5747770E+04   9.4872241E+05   3.1363632E-05   5.2873758E-04   6.0049774E-05
   3.1884058E-01   8.7584028E+05   4.5533086E+04   9.2144225E+05   6.0664656E-05   1.4735950E-05   5.7414463E-05
   3.3333333E-01   8.8365275E+05   3.6964372E+04   9.2071596E+05   1.1550866E-05   1.6263897E-03   7.5535404E-05
   3.4782609E-01   8.8535217E+05   2.6836508E+04   9.1222025E+05   1.0966589E-04   1.7670034E-04   1.1120094E-04
   3.6231884E-01   8.7500401E+05   2.3338290E+04   8.9834230E+05   1.0698633E-05   4.2062778E-04   2.1296885E-05
   3.7681159E-01   8.6314951E+05   1.7282225E+04   8.8043174E+05   9.8640657E-06   8.3855628E-04   1.3450552E-05
   3.9130435E-01   8.5354828E+05   1.2544752E+04   8.6609303E+05   2.6464338E-05   7.4708597E-05   2.5922107E-05
   4.0579710E-01   8.0490579E+05   9.0387162E+03   8.1394451E+05   3.1306361E-05   6.4749538E-06   3.0998543E-05
   4.2028986E-01   7.6620243E+05   6.7412436E+03   7.7296980E+05   1.5578716E-05   2.0982326E-03   2.9891709E-05
   4.3478261E-01   7.1727355E+05   4.4706464E+03   7.2176945E+05   4.2491709E-05   7.7574687E-07   4.2225148E-05
   4.4927536E-01   6.3950532E+05   3.2264917E+03   6.4273181E+05   2.1327691E-05   9.7779255E-07   2.1225460E-05
   4.6376812E-01   5.6792364E+05   2.3442479E+03   5.7031525E+05   2.2667085E-05   6.9431522E-03   1.1602976E-05
   4.7826087E-01   4.9723600E+05   1.5843585E+03   4.9884332E+05   4.1870984E-05   2.9167301E-05   4.1677324E-05
   4.9275362E-01   4.2074444E+05   1.6046189E+03   4.2234906E+05   2.7669001E-05   7.7480735E-06   2.7562566E-05
   5.0724638E-01   3.4602587E+05   7.3608706E+02   3.4678361E+05   2.1198024E-05   3.1701132E-06   2.1147392E-05
   5.2173913E-01   2.7960484E+05   4.8410955E+02   2.8008895E+05   1.4192354E-05   5.8165964E-06   1.4167590E-05
   5.3623188E-01   2.1640550E+05   4.9150488E+02   2.1689701E+05   3.8540648E-05   2.6739882E-06   3.8451177E-05
   5.5072464E-01   1.7314283E+05   3.1904702E+02   1.7346188E+05   2.1505220E-06   1.6129184E-05   2.1546397E-06
   5.6521739E-01   1.3437197E+05   2.5257889E+02   1.3462455E+05   7.8440930E-05   5.4323904E-06   7.8286574E-05
   5.7971014E-01   1.0261649E+05   1.7049075E+02   1.0278698E+05   9.0878138E-05   1.3974395E-04   9.0682304E-05
   5.9420290E-01   7.8324099E+04   1.6633244E+02   7.8490432E+04   4.2735561E-05   8.0407197E-06   4.2661538E-05
   6.0869565E-01   5.6938499E+04   1.2628945E+02   5.7082830E+04   5.9574353E-05   2.3133287E-05   5.9465426E-05
   6.2318841E-01   4.3860619E+04   1.9383962E+02   4.4054458E+04   4.4327128E-05   1.0477141E-05   4.4094041E-05
   6.3768116E-01   3.4373691E+04   6.8885153E+01   3.4442577E+04   4.3850383E-06   5.7081481E-05   4.4377491E-06
   6.5217391E-01   2.6301882E+04   3.3677186E+01   2.6335559E+04   3.0641866E-06   1.5184731E-04   2.8687157E-06
   6.6666667E-01   1.9832934E+04   3.2945073E+01   1.9865879E+04   8.9730753E-04   1.0784701E-05   8.9580157E-04
   6.8115942E-01   1.5912470E+04   6.4488228E+01   1.5976959E+04   1.2281821E-04   3.2681011E-05   1.2219211E-04
   6.9565217E-01   1.2281649E+04   4.7358543E+01   1.2329007E+04   6.7839121E-06   4.8937951E-06   6.7493593E-06
   7.1014493E-01   1.0561922E+04   0.0000000E+00   1.0561922E+04   3.6181538E-04   0.0000000E+00   3.6181538E-04
   7.2463768E-01   8.1835562E+03   0.0000000E+00   8.1835562E+03   2.0828130E-06   0.0000000E+00   2.0828130E-06
   7.3913043E-01   6.0321783E+03   2.9715164E+01   6.0618935E+03   1.9719897E-03   0.0000000E+00   1.9623230E-03
   7.5362319E-01   4.7358543E+03   4.3715578E+01   4.7795699E+03   1.5526132E-05   0.0000000E+00   1.5384124E-05
   7.6811594E-01   4.0317310E+03   0.0000000E+00   4.0317310E+03   1.7017319E-06   0.0000000E+00   1.7017319E-06
   7.8260870E-01   2.8344965E+03   1.4032161E+01   2.8485286E+03   8.1482031E-06   0.0000000E+00   8.1080642E-06
   7.9710145E-01   2.6865210E+03   2.7554061E+01   2.7140750E+03   2.7696273E-06   0.0000000E+00   2.7415092E-06
   8.1159420E-01   1.6913765E+03   0.0000000E+00   1.6913765E+03   3.0455966E-03   0.0000000E+00   3.0455966E-03
   8.2608696E-01   1.3027754E+03   0.0000000E+00   1.3027754E+03   3.2146264E-05   0.0000000E+00   3.2146264E-05
   8.4057971E-01   1.0451540E+03   1.3064426E+01   1.0582185E+03   4.0639686E-06   0.0000000E+00   4.0137962E-06
   8.5507246E-01   8.0910866E+02   0.0000000E+00   8.0910866E+02   5.6403843E-06   0.0000000E+00   5.6403843E-06
   8.6956522E-01   5.1778673E+02   0.0000000E+00   5.1778673E+02   5.3261189E-06   0.0000000E+00   5.3261189E-06
   8.8405797E-01   2.9812591E+02   1.2421913E+01   3.1054782E+02   3.4762597E-06   8.0747768E-07   3.3444293E-06
   8.9855072E-01   2.9331743E+02   1.2221559E+01   3.0553899E+02   1.3298559E-05   8.1983412E-01   3.2783214E-02
   9.1304348E-01   2.0446863E+02   0.0000000E+00   2.0446863E+02   5.3369224E-06   0.0000000E+00   5.3369224E-06
   9.2753623E-01   1.3023599E+02   0.0000000E+00   1.3023599E+02   2.0106111E-02   0.0000000E+00   2.0106111E-02
   9.4202899E-01   9.3259900E+01   1.1657487E+01   1.0491739E+02   2.2173787E-05   0.0000000E+00   1.9710033E-05
   9.5652174E-01   8.0366012E+01   1.1480859E+01   9.1846871E+01   3.3297208E-06   0.0000000E+00   2.9135057E-06
   9.7101449E-01   4.5238011E+01   0.0000000E+00   4.5238011E+01   7.6117707E-06   0.0000000E+00   7.6117707E-06
   9.8550725E-01   1.1143187E+01   0.0000000E+00   1.1143187E+01   3.0167129E-06   0.0000000E+00   3.0167129E-06
   1.0000000E+00   0.0000000E+00   0.0000000E+00   0.0000000E+00   0.0000000E+00   0.0000000E+00   0.0000000E+00
