   0.0000000E+00   8.9109834E+05   4.0008497E+05   1.2911833E+06   2.2239757E-03   1.0208092E-02   2.5509415E-03
   1.4492754E-02   8.0926278E+05   4.3039444E+05   1.2396572E+06   9.5788807E-03   1.0287543E-03   5.8974888E-03
   2.8985507E-02   6.6870262E+05   3.6409248E+05   1.0320374E+06   3.5106753E-04   2.3838492E-03   1.0519737E-03
   4.3478261E-02   4.0842007E+05   2.0458890E+05   6.1300898E+05   4.4468813E-03   4.9054836E-03   1.8764682E-03
   5.7971014E-02   2.4702216E+05   1.3392996E+05   3.8095212E+05   1.1453709E-02   4.2966694E-03   8.8325911E-03
   7.2463768E-02   6.3346787E+04   2.7278521E+04   9.0625307E+04   1.7730368E-02   6.6475441E-03   1.4309253E-02
   8.6956522E-02   1.8690838E+04   9.2191297E+03   2.7909968E+04   3.0344419E-02   1.2992400E-02   2.4039951E-02
   1.0144928E-01   7.9021111E+03   3.5721872E+03   1.1474298E+04   4.4491544E-02   4.0387201E-03   2.9446695E-02
   1.1594203E-01   2.6520784E+03   8.5245377E+02   3.5045322E+03   2.0560137E-02   2.3360282E-05   1.5559249E-02
   1.3043478E-01   1.6838593E+02   8.4192965E+01   2.5257889E+02   9.3847856E-02   3.5946676E-06   6.2565011E-02
   1.4492754E-01   7.5773668E+01   1.5154734E+02   2.2732101E+02   3.3786733E-01   3.0027387E-06   1.1262279E-01
   1.5942029E-01   1.3777031E+02   1.3777031E+02   2.7554061E+02   6.4893962E-02   3.1537852E-06   3.2448556E-02
   1.7391304E-01   1.2628945E+02   0.0000000E+00   1.2628945E+02   3.1452691E-01   0.0000000E+00   3.1452691E-01
   1.8840580E-01   5.8287437E+01   0.0000000E+00   5.8287437E+01   4.3572110E-05   0.0000000E+00   4.3572110E-05
   2.0289855E-01   5.4124049E+01   0.0000000E+00   5.4124049E+01   1.6333359E-05   0.0000000E+00   1.6333359E-05
   2.1739130E-01   5.0515779E+01   0.0000000E+00   5.0515779E+01   2.5068506E-01   0.0000000E+00   2.5068506E-01
   2.3188406E-01   4.7358543E+01   0.0000000E+00   4.7358543E+01   1.5499560E-01   0.0000000E+00   1.5499560E-01
   2.4637681E-01   4.4572746E+01   0.0000000E+00   4.4572746E+01   3.0743507E-01   0.0000000E+00   3.0743507E-01
   2.6086957E-01   4.2096482E+01   0.0000000E+00   4.2096482E+01   3.3718997E-01   0.0000000E+00   3.3718997E-01
   2.7536232E-01   3.9880878E+01   0.0000000E+00   3.9880878E+01   3.6773259E-01   0.0000000E+00   3.6773259E-01
   2.8985507E-01   3.7886834E+01   0.0000000E+00   3.7886834E+01   4.2855755E-01   0.0000000E+00   4.2855755E-01
   3.0434783E-01   0.0000000E+00   0.0000000E+00   0.0000000E+00   0.0000000E+00   0.0000000E+00   0.0000000E+00
   3.1884058E-01   0.0000000E+00   0.0000000E+00   0.0000000E+00   0.0000000E+00   0.0000000E+00   0.0000000E+00
   3.3333333E-01   3.2945073E+01   0.0000000E+00   3.2945073E+01   3.8079916E-01   0.0000000E+00   3.8079916E-01
   3.4782609E-01   6.3144724E+01   0.0000000E+00   6.3144724E+01   7.1053879E-06   0.0000000E+00   7.1053879E-06
   3.6231884E-01   0.0000000E+00   0.0000000E+00   0.0000000E+00   0.0000000E+00   0.0000000E+00   0.0000000E+00
   3.7681159E-01   0.0000000E+00   0.0000000E+00   0.0000000E+00   0.0000000E+00   0.0000000E+00   0.0000000E+00
   3.9130435E-01   0.0000000E+00   0.0000000E+00   0.0000000E+00   0.0000000E+00   0.0000000E+00   0.0000000E+00
   4.0579710E-01   0.0000000E+00   0.0000000E+00   0.0000000E+00   0.0000000E+00   0.0000000E+00   0.0000000E+00
   4.2028986E-01   0.0000000E+00   0.0000000E+00   0.0000000E+00   0.0000000E+00   0.0000000E+00   0.0000000E+00
   4.3478261E-01   2.5257889E+01   0.0000000E+00   2.5257889E+01   4.2727218E-01   0.0000000E+00   4.2727218E-01
   4.4927536E-01   0.0000000E+00   0.0000000E+00   0.0000000E+00   0.0000000E+00   0.0000000E+00   0.0000000E+00
   4.6376812E-01   0.0000000E+00   0.0000000E+00   0.0000000E+00   0.0000000E+00   0.0000000E+00   0.0000000E+00
   4.7826087E-01   0.0000000E+00   0.0000000E+00   0.0000000E+00   0.0000000E+00   0.0000000E+00   0.0000000E+00
   4.9275362E-01   0.0000000E+00   0.0000000E+00   0.0000000E+00   0.0000000E+00   0.0000000E+00   0.0000000E+00
   5.0724638E-01   0.0000000E+00   0.0000000E+00   0.0000000E+00   0.0000000E+00   0.0000000E+00   0.0000000E+00
   5.2173913E-01   0.0000000E+00   0.0000000E+00   0.0000000E+00   0.0000000E+00   0.0000000E+00   0.0000000E+00
   5.3623188E-01   2.0479370E+01   0.0000000E+00   2.0479370E+01   3.8497268E-01   0.0000000E+00   3.8497268E-01
   5.5072464E-01   0.0000000E+00   0.0000000E+00   0.0000000E+00   0.0000000E+00   0.0000000E+00   0.0000000E+00
   5.6521739E-01   0.0000000E+00   0.0000000E+00   0.0000000E+00   0.0000000E+00   0.0000000E+00   0.0000000E+00
   5.7971014E-01   0.0000000E+00   0.0000000E+00   0.0000000E+00   0.0000000E+00   0.0000000E+00   0.0000000E+00
   5.9420290E-01   0.0000000E+00   0.0000000E+00   0.0000000E+00   0.0000000E+00   0.0000000E+00   0.0000000E+00
   6.0869565E-01   0.0000000E+00   0.0000000E+00   0.0000000E+00   0.0000000E+00   0.0000000E+00   0.0000000E+00
   6.2318841E-01   0.0000000E+00   0.0000000E+00   0.0000000E+00   0.0000000E+00   0.0000000E+00   0.0000000E+00
   6.3768116E-01   0.0000000E+00   0.0000000E+00   0.0000000E+00   0.0000000E+00   0.0000000E+00   0.0000000E+00
   6.5217391E-01   0.0000000E+00   0.0000000E+00   0.0000000E+00   0.0000000E+00   0.0000000E+00   0.0000000E+00
   6.6666667E-01   0.0000000E+00   0.0000000E+00   0.0000000E+00   0.0000000E+00   0.0000000E+00   0.0000000E+00
   6.8115942E-01   0.0000000E+00   0.0000000E+00   0.0000000E+00   0.0000000E+00   0.0000000E+00   0.0000000E+00
   6.9565217E-01   0.0000000E+00   0.0000000E+00   0.0000000E+00   0.0000000E+00   0.0000000E+00   0.0000000E+00
   7.1014493E-01   0.0000000E+00   0.0000000E+00   0.0000000E+00   0.0000000E+00   0.0000000E+00   0.0000000E+00
   7.2463768E-01   0.0000000E+00   0.0000000E+00   0.0000000E+00   0.0000000E+00   0.0000000E+00   0.0000000E+00
   7.3913043E-01   0.0000000E+00   0.0000000E+00   0.0000000E+00   0.0000000E+00   0.0000000E+00   0.0000000E+00
   7.5362319E-01   0.0000000E+00   0.0000000E+00   0.0000000E+00   0.0000000E+00   0.0000000E+00   0.0000000E+00
   7.6811594E-01   0.0000000E+00   0.0000000E+00   0.0000000E+00   0.0000000E+00   0.0000000E+00   0.0000000E+00
   7.8260870E-01   0.0000000E+00   0.0000000E+00   0.0000000E+00   0.0000000E+00   0.0000000E+00   0.0000000E+00
   7.9710145E-01   0.0000000E+00   0.0000000E+00   0.0000000E+00   0.0000000E+00   0.0000000E+00   0.0000000E+00
   8.1159420E-01   0.0000000E+00   0.0000000E+00   0.0000000E+00   0.0000000E+00   0.0000000E+00   0.0000000E+00
   8.2608696E-01   0.0000000E+00   0.0000000E+00   0.0000000E+00   0.0000000E+00   0.0000000E+00   0.0000000E+00
   8.4057971E-01   0.0000000E+00   0.0000000E+00   0.0000000E+00   0.0000000E+00   0.0000000E+00   0.0000000E+00
   8.5507246E-01   0.0000000E+00   0.0000000E+00   0.0000000E+00   0.0000000E+00   0.0000000E+00   0.0000000E+00
   8.6956522E-01   0.0000000E+00   0.0000000E+00   0.0000000E+00   0.0000000E+00   0.0000000E+00   0.0000000E+00
   8.8405797E-01   0.0000000E+00   0.0000000E+00   0.0000000E+00   0.0000000E+00   0.0000000E+00   0.0000000E+00
   8.9855072E-01   0.0000000E+00   0.0000000E+00   0.0000000E+00   0.0000000E+00   0.0000000E+00   0.0000000E+00
   9.1304348E-01   0.0000000E+00   0.0000000E+00   0.0000000E+00   0.0000000E+00   0.0000000E+00   0.0000000E+00
   9.2753623E-01   0.0000000E+00   0.0000000E+00   0.0000000E+00   0.0000000E+00   0.0000000E+00   0.0000000E+00
   9.4202899E-01   0.0000000E+00   0.0000000E+00   0.0000000E+00   0.0000000E+00   0.0000000E+00   0.0000000E+00
   9.5652174E-01   0.0000000E+00   0.0000000E+00   0.0000000E+00   0.0000000E+00   0.0000000E+00   0.0000000E+00
   9.7101449E-01   0.0000000E+00   0.0000000E+00   0.0000000E+00   0.0000000E+00   0.0000000E+00   0.0000000E+00
   9.8550725E-01   0.0000000E+00   0.0000000E+00   0.0000000E+00   0.0000000E+00   0.0000000E+00   0.0000000E+00
   1.0000000E+00   0.0000000E+00   0.0000000E+00   0.0000000E+00   0.0000000E+00   0.0000000E+00   0.0000000E+00
