   0.0000000E+00   4.1984674E+07   2.0725614E+07   6.2710288E+07   1.8536930E-03   1.2383808E-03   1.6503313E-03
   1.4492754E-02   4.3231909E+07   2.2036498E+07   6.5268407E+07   7.0456737E-04   1.6135446E-03   9.9503936E-04
   2.8985507E-02   4.3055356E+07   2.1660282E+07   6.4715638E+07   4.3591107E-04   3.4162516E-04   3.9300635E-04
   4.3478261E-02   3.6622172E+07   1.8237207E+07   5.4858368E+07   6.2263119E-04   4.6892476E-04   2.7166133E-04
   5.7971014E-02   2.5161404E+07   1.2620483E+07   3.7781698E+07   7.7797925E-04   4.6710810E-04   6.5648928E-04
   7.2463768E-02   1.3970391E+07   6.9866353E+06   2.0956875E+07   8.4952422E-04   6.5546250E-04   6.4106889E-04
   8.6956522E-02   7.7465947E+06   3.8695087E+06   1.1615977E+07   2.5715313E-03   2.5958097E-03   2.5331372E-03
   1.0144928E-01   4.2913876E+06   2.1534877E+06   6.4448752E+06   4.9156738E-03   5.0429947E-03   4.9581862E-03
   1.1594203E-01   1.5315753E+06   7.6645066E+05   2.2980259E+06   1.5703998E-02   1.6437509E-02   1.5948557E-02
   1.3043478E-01   3.3087835E+04   1.5828277E+04   4.8916113E+04   6.9428273E-02   8.5787136E-02   7.4614848E-02
   1.4492754E-01   1.6594433E+04   8.0320089E+03   2.4626442E+04   1.1012873E-01   1.1948150E-01   1.1302875E-01
   1.5942029E-01   9.4372660E+03   4.6153053E+03   1.4052571E+04   1.3869229E-01   1.4980930E-01   1.4034318E-01
   1.7391304E-01   6.7564854E+03   3.6623940E+03   1.0418879E+04   1.5464427E-01   1.3160140E-01   1.4654328E-01
   1.8840580E-01   4.7212824E+03   2.3897849E+03   7.1110673E+03   1.7282498E-01   1.3812159E-01   1.6084734E-01
   2.0289855E-01   3.2474429E+03   1.5695974E+03   4.8170403E+03   1.8752204E-01   2.4153895E-01   2.0450668E-01
   2.1739130E-01   2.6268205E+03   1.1618629E+03   3.7886834E+03   1.4708049E-01   1.3933277E-01   1.4469327E-01
   2.3188406E-01   1.8469832E+03   8.5245377E+02   2.6994369E+03   2.0183391E-01   1.7270916E-01   1.9083494E-01
   2.4637681E-01   1.2926096E+03   6.2401845E+02   1.9166281E+03   1.6819395E-01   2.0822419E-01   1.8091645E-01
   2.6086957E-01   1.1366050E+03   5.8935075E+02   1.7259558E+03   2.5417723E-01   2.0310593E-01   2.3661576E-01
   2.7536232E-01   9.1726020E+02   3.1904702E+02   1.2363072E+03   1.2472800E-01   1.5157976E-01   1.3163655E-01
   2.8985507E-01   4.5464201E+02   1.8943417E+02   6.4407618E+02   2.5121663E-01   2.1545563E-01   2.3693810E-01
   3.0434783E-01   5.7732319E+02   5.7732319E+02   1.1546464E+03   2.0219462E-01   2.0841114E-01   2.0528315E-01
   3.1884058E-01   4.4775350E+02   2.4109804E+02   6.8885153E+02   1.8606991E-01   2.4161384E-01   2.0333312E-01
   3.3333333E-01   4.6123103E+02   1.6472537E+02   6.2595639E+02   2.4833126E-01   2.6524725E-01   2.5274801E-01
   3.4782609E-01   2.5257889E+02   1.5786181E+02   4.1044070E+02   1.7242608E-01   2.5218831E-01   2.0278147E-01
   3.6231884E-01   3.3340414E+02   2.1216627E+02   5.4557041E+02   2.1514871E-01   1.7884300E-01   1.9999753E-01
   3.7681159E-01   2.3314975E+02   2.3314975E+02   4.6629950E+02   2.2530842E-01   1.2718997E-01   1.7616704E-01
   3.9130435E-01   1.6838593E+02   8.4192965E+01   2.5257889E+02   2.4003663E-01   2.3360420E-01   2.3777671E-01
   4.0579710E-01   2.4355822E+02   0.0000000E+00   2.4355822E+02   3.6965330E-01   0.0000000E+00   3.6965330E-01
   4.2028986E-01   1.5677311E+02   1.0451540E+02   2.6128851E+02   2.5827899E-01   1.3810375E-01   2.0969399E-01
   4.3478261E-01   7.5773668E+01   2.5257889E+01   1.0103156E+02   3.4210940E-01   3.9800690E-01   3.4235528E-01
   4.4927536E-01   7.3329357E+01   2.4443119E+01   9.7772475E+01   2.9537733E-01   3.0790317E-01   2.7987987E-01
   4.6376812E-01   9.4717086E+01   2.3679271E+01   1.1839636E+02   2.8058130E-01   6.0423991E-05   2.2445461E-01
   4.7826087E-01   6.8885153E+01   4.5923435E+01   1.1480859E+02   1.0990807E-01   2.2353233E-01   1.4557054E-01
   4.9275362E-01   2.0057736E+02   0.0000000E+00   2.0057736E+02   2.4503688E-01   0.0000000E+00   2.4503688E-01
   5.0724638E-01   2.1649620E+01   0.0000000E+00   2.1649620E+01   3.3819518E-05   0.0000000E+00   3.3819518E-05
   5.2173913E-01   2.1048241E+01   0.0000000E+00   2.1048241E+01   4.9976704E-01   0.0000000E+00   4.9976704E-01
   5.3623188E-01   2.0479370E+01   0.0000000E+00   2.0479370E+01   2.1330626E-02   0.0000000E+00   2.1330626E-02
   5.5072464E-01   1.1964263E+02   5.9821317E+01   1.7946395E+02   2.8202913E-01   3.1822911E-01   2.9319278E-01
   5.6521739E-01   7.7716583E+01   0.0000000E+00   7.7716583E+01   2.9733614E-01   0.0000000E+00   2.9733614E-01
   5.7971014E-01   7.5773668E+01   1.8943417E+01   9.4717086E+01   1.6147449E-01   1.1497376E-05   1.2917729E-01
   5.9420290E-01   3.6962765E+01   0.0000000E+00   3.6962765E+01   3.0118502E-01   0.0000000E+00   3.0118502E-01
   6.0869565E-01   5.4124049E+01   1.8041350E+01   7.2165398E+01   1.0238926E-01   2.8375400E-01   1.4588303E-01
   6.2318841E-01   3.5243567E+01   0.0000000E+00   3.5243567E+01   2.3837717E-01   0.0000000E+00   2.3837717E-01
   6.3768116E-01   0.0000000E+00   0.0000000E+00   0.0000000E+00   0.0000000E+00   0.0000000E+00   0.0000000E+00
   6.5217391E-01   1.0103156E+02   0.0000000E+00   1.0103156E+02   3.4648443E-01   0.0000000E+00   3.4648443E-01
   6.6666667E-01   1.6472537E+01   0.0000000E+00   1.6472537E+01   4.5783479E-01   0.0000000E+00   4.5783479E-01
   6.8115942E-01   3.2244114E+01   0.0000000E+00   3.2244114E+01   4.4882334E-01   0.0000000E+00   4.4882334E-01
   6.9565217E-01   6.3144724E+01   0.0000000E+00   6.3144724E+01   2.6621804E-01   0.0000000E+00   2.6621804E-01
   7.1014493E-01   3.0928028E+01   1.5464014E+01   4.6392042E+01   3.4236346E-01   3.9107633E-01   3.5108247E-01
   7.2463768E-01   6.0618935E+01   3.0309467E+01   9.0928402E+01   2.7407289E-01   1.7508374E-01   2.3999109E-01
   7.3913043E-01   0.0000000E+00   0.0000000E+00   0.0000000E+00   0.0000000E+00   0.0000000E+00   0.0000000E+00
   7.5362319E-01   2.9143719E+01   1.4571859E+01   4.3715578E+01   3.9153794E-01   2.5863924E-01   3.4628348E-01
   7.6811594E-01   5.7187674E+01   0.0000000E+00   5.7187674E+01   3.0096934E-01   0.0000000E+00   3.0096934E-01
   7.8260870E-01   0.0000000E+00   0.0000000E+00   0.0000000E+00   0.0000000E+00   0.0000000E+00   0.0000000E+00
   7.9710145E-01   1.3777031E+01   0.0000000E+00   1.3777031E+01   3.3469532E-01   0.0000000E+00   3.3469532E-01
   8.1159420E-01   1.3531012E+01   0.0000000E+00   1.3531012E+01   5.1037231E-01   0.0000000E+00   5.1037231E-01
   8.2608696E-01   1.3293626E+01   0.0000000E+00   1.3293626E+01   3.8477557E-05   0.0000000E+00   3.8477557E-05
   8.4057971E-01   1.3064426E+01   0.0000000E+00   1.3064426E+01   5.0494843E-01   0.0000000E+00   5.0494843E-01
   8.5507246E-01   2.5685989E+01   0.0000000E+00   2.5685989E+01   1.7904688E-01   0.0000000E+00   1.7904688E-01
   8.6956522E-01   1.2628945E+01   1.2628945E+01   2.5257889E+01   3.4476443E-01   3.2097315E-01   3.0775308E-01
   8.8405797E-01   0.0000000E+00   0.0000000E+00   0.0000000E+00   0.0000000E+00   0.0000000E+00   0.0000000E+00
   8.9855072E-01   1.2221559E+01   0.0000000E+00   1.2221559E+01   3.5909430E-01   0.0000000E+00   3.5909430E-01
   9.1304348E-01   0.0000000E+00   1.2027566E+01   1.2027566E+01   0.0000000E+00   4.5504422E-01   4.5504422E-01
   9.2753623E-01   1.1839636E+01   0.0000000E+00   1.1839636E+01   3.9239902E-01   0.0000000E+00   3.9239902E-01
   9.4202899E-01   0.0000000E+00   0.0000000E+00   0.0000000E+00   0.0000000E+00   0.0000000E+00   0.0000000E+00
   9.5652174E-01   0.0000000E+00   0.0000000E+00   0.0000000E+00   0.0000000E+00   0.0000000E+00   0.0000000E+00
   9.7101449E-01   2.2619005E+01   0.0000000E+00   2.2619005E+01   4.4622499E-01   0.0000000E+00   4.4622499E-01
   9.8550725E-01   0.0000000E+00   1.1143187E+01   1.1143187E+01   0.0000000E+00   4.8658243E-01   4.8658243E-01
   1.0000000E+00   0.0000000E+00   0.0000000E+00   0.0000000E+00   0.0000000E+00   0.0000000E+00   0.0000000E+00
