   0.0000000E+00   6.1103886E+06   4.4615536E+06   1.0571942E+07   1.1483660E-06   7.0094420E-06   3.0336191E-06
   1.4492754E-02   5.8595778E+06   4.9465051E+06   1.0806083E+07   2.6842485E-05   9.0914730E-05   2.7163409E-05
   2.8985507E-02   5.8762480E+06   4.9995466E+06   1.0875416E+07   5.8952904E-05   4.1734628E-05   2.5511972E-05
   4.3478261E-02   5.7224274E+06   4.5252035E+06   1.0246873E+07   1.0640805E-04   2.4512839E-05   6.6749638E-05
   5.7971014E-02   5.6487375E+06   4.0180882E+06   9.6664469E+06   3.3852684E-05   4.4323005E-05   3.1512120E-05
   7.2463768E-02   5.3553798E+06   3.5301437E+06   8.8847657E+06   3.0940263E-05   6.1577761E-05   1.0602063E-05
   8.6956522E-02   5.0323819E+06   3.0208436E+06   8.0528466E+06   3.3804787E-05   3.0230328E-05   2.9796976E-05
   1.0144928E-01   4.5933998E+06   2.5468612E+06   7.1401528E+06   2.0660930E-05   3.2383026E-05   1.6675023E-05
   1.1594203E-01   4.1300438E+06   2.1485624E+06   6.2784167E+06   4.1326972E-05   5.1101721E-05   1.2046217E-05
   1.3043478E-01   3.5781168E+06   1.7660316E+06   5.3440643E+06   1.8595236E-05   1.0878392E-04   2.4040589E-05
   1.4492754E-01   3.0518603E+06   1.4403817E+06   4.4922419E+06   8.6667235E-05   5.7155480E-05   7.5491311E-05
   1.5942029E-01   2.5720338E+06   1.1804849E+06   3.7524498E+06   5.5680166E-05   5.9371824E-05   3.8978414E-05
   1.7391304E-01   2.1301873E+06   9.5310646E+05   3.0831674E+06   3.8553183E-05   3.4865585E-05   3.6865193E-05
   1.8840580E-01   1.7868014E+06   7.8029392E+05   2.5670953E+06   6.1455686E-05   1.2472479E-04   7.3558656E-05
   2.0289855E-01   1.4999939E+06   6.3487509E+05   2.1348149E+06   8.7039700E-05   1.5732391E-04   8.2397039E-05
   2.1739130E-01   1.2335448E+06   5.1510940E+05   1.7486542E+06   8.7307033E-05   6.1174539E-05   5.3712039E-05
   2.3188406E-01   1.0040485E+06   4.2925783E+05   1.4333063E+06   5.3292311E-05   5.8406337E-05   3.6699857E-05
   2.4637681E-01   8.4318264E+05   3.4124894E+05   1.1844316E+06   1.7507070E-04   1.2970583E-04   1.1034000E-04
   2.6086957E-01   6.8352059E+05   2.7825775E+05   9.6173624E+05   1.2882313E-04   3.7950836E-04   5.9547201E-05
   2.7536232E-01   5.8716617E+05   2.4020253E+05   8.2736870E+05   1.6644358E-04   2.1237440E-04   1.2038992E-04
   2.8985507E-01   4.8354966E+05   1.9818603E+05   6.8173569E+05   1.5857392E-04   2.0081508E-04   1.6837842E-04
   3.0434783E-01   4.0593037E+05   1.6735156E+05   5.7328193E+05   3.4524034E-04   9.7352070E-05   2.4596583E-04
   3.1884058E-01   3.3777835E+05   1.3518711E+05   4.7296546E+05   5.7384952E-04   2.2384925E-04   4.7113780E-04
   3.3333333E-01   2.8490899E+05   1.1445118E+05   3.9932723E+05   3.0461870E-04   3.5086239E-04   3.0023010E-04
   3.4782609E-01   2.4354920E+05   9.3580480E+04   3.3712968E+05   3.0539001E-04   9.9390954E-04   4.1275821E-04
   3.6231884E-01   2.0528602E+05   8.0259470E+04   2.8554549E+05   2.5400182E-04   3.0876606E-04   2.6231261E-04
   3.7681159E-01   1.7888414E+05   6.5689942E+04   2.4457409E+05   6.7657558E-04   5.4515074E-05   5.0907411E-04
   3.9130435E-01   1.5404506E+05   5.7251216E+04   2.1129628E+05   9.9123573E-04   8.5362983E-04   5.0298764E-04
   4.0579710E-01   1.2838224E+05   4.6844364E+04   1.7522661E+05   7.2607938E-04   6.6907989E-05   5.4780983E-04
   4.2028986E-01   1.1149181E+05   3.9428436E+04   1.5092024E+05   1.0832805E-03   5.1573218E-04   6.6686332E-04
   4.3478261E-01   9.9364537E+04   3.5007435E+04   1.3437197E+05   9.2083083E-04   1.6118355E-03   9.8281477E-04
   4.4927536E-01   8.6430868E+04   2.9380629E+04   1.1581150E+05   1.1120095E-03   1.3461080E-03   1.1347809E-03
   4.6376812E-01   7.1771872E+04   2.4602763E+04   9.6374635E+04   3.2814987E-04   2.7981181E-03   7.1841648E-04
   4.7826087E-01   6.3374341E+04   2.2823947E+04   8.6198288E+04   8.2797171E-04   1.9618199E-03   1.1229807E-03
   4.9275362E-01   5.6050228E+04   1.9990877E+04   7.6041105E+04   2.2881780E-03   1.4090250E-03   2.0513743E-03
   5.0724638E-01   5.0919905E+04   1.6865054E+04   6.7784959E+04   6.7511261E-04   2.9798479E-03   9.8250293E-04
   5.2173913E-01   4.3190991E+04   1.4607479E+04   5.7798470E+04   1.4999314E-03   1.3805227E-03   1.4584957E-03
   5.3623188E-01   3.9156555E+04   1.3065838E+04   5.2222393E+04   1.6411929E-03   4.9977920E-04   1.2811841E-03
   5.5072464E-01   3.5055292E+04   1.1425872E+04   4.6481163E+04   3.0192984E-03   9.7376962E-04   2.4348820E-03
   5.6521739E-01   3.3126693E+04   1.0705459E+04   4.3832153E+04   1.7732602E-03   1.9032037E-03   1.1422609E-03
   5.7971014E-01   2.8130974E+04   8.6950284E+03   3.6826003E+04   1.2895511E-03   3.7601041E-03   1.5224517E-03
   5.9420290E-01   2.6206600E+04   7.6512924E+03   3.3857893E+04   3.5659405E-03   2.4638224E-03   3.2027621E-03
   6.0869565E-01   2.3778499E+04   6.8196302E+03   3.0598129E+04   2.1995911E-03   4.5082333E-03   2.5793498E-03
   6.2318841E-01   1.9718776E+04   6.6786559E+03   2.6397431E+04   3.4316512E-03   2.5392993E-03   1.9240358E-03
   6.3768116E-01   1.8478442E+04   5.2180503E+03   2.3696493E+04   2.6648811E-03   1.5315121E-03   2.1116998E-03
   6.5217391E-01   1.7360589E+04   5.3041568E+03   2.2664746E+04   7.6023645E-03   7.2589662E-03   7.4807126E-03
   6.6666667E-01   1.6093668E+04   4.1675518E+03   2.0261220E+04   6.8206286E-03   8.5400369E-04   5.4854184E-03
   6.8115942E-01   1.3655382E+04   3.5468526E+03   1.7202235E+04   4.1035001E-03   2.9208299E-03   3.1134614E-03
   6.9565217E-01   1.2739448E+04   3.6781802E+03   1.6417628E+04   4.9636270E-03   9.2444321E-03   5.9180352E-03
   7.1014493E-01   1.1458834E+04   4.0361076E+03   1.5494942E+04   5.2092622E-03   7.4083556E-04   3.9987283E-03
   7.2463768E-01   1.0047588E+04   2.6520784E+03   1.2699667E+04   7.6785615E-03   3.0813102E-03   5.5027098E-03
   7.3913043E-01   8.9145492E+03   2.5109314E+03   1.1425481E+04   5.4275906E-03   7.0772091E-03   5.6476928E-03
   7.5362319E-01   8.6702563E+03   2.0254884E+03   1.0695745E+04   5.4547570E-03   1.4421573E-02   4.4810393E-03
   7.6811594E-01   7.7489299E+03   2.2446162E+03   9.9935461E+03   1.4509136E-02   8.7583286E-03   1.0603217E-02
   7.8260870E-01   6.5670513E+03   1.9224060E+03   8.4894573E+03   1.1663740E-02   9.1225582E-03   8.0986371E-03
   7.9710145E-01   5.7174677E+03   1.5430274E+03   7.2604951E+03   2.0501167E-02   1.2194013E-03   1.6086328E-02
   8.1159420E-01   5.4665289E+03   1.4748803E+03   6.9414093E+03   7.7840677E-03   1.0295495E-02   8.0131652E-03
   8.2608696E-01   5.4370930E+03   1.4755925E+03   6.9126855E+03   1.1873989E-02   3.9281029E-03   8.8623639E-03
   8.4057971E-01   4.5464201E+03   1.3064426E+03   5.8528627E+03   1.4733502E-02   7.3286331E-03   1.0320324E-02
   8.5507246E-01   3.7501544E+03   1.0916545E+03   4.8418090E+03   2.1347101E-02   1.2138306E-02   1.9256940E-02
   8.6956522E-01   3.9276018E+03   7.7036563E+02   4.6979674E+03   2.9292752E-02   3.5408299E-02   3.0251343E-02
   8.8405797E-01   3.4905575E+03   8.5711199E+02   4.3476695E+03   2.3064758E-02   5.5761287E-03   1.8706837E-02
   8.9855072E-01   3.1898270E+03   5.9885641E+02   3.7886834E+03   2.7229076E-02   2.0834994E-02   2.5429650E-02
   9.1304348E-01   2.7663403E+03   5.2921292E+02   3.2955532E+03   2.7722346E-02   3.0650354E-02   2.7171343E-02
   9.2753623E-01   2.0600966E+03   5.3278361E+02   2.5928802E+03   2.7928169E-02   3.8793652E-02   2.5441240E-02
   9.4202899E-01   1.7719381E+03   4.7795699E+02   2.2498951E+03   3.6451023E-02   1.9217211E-02   3.2391061E-02
   9.5652174E-01   1.3891839E+03   3.7886834E+02   1.7680523E+03   5.7212274E-02   3.7886734E-02   5.1186152E-02
   9.7101449E-01   1.0744028E+03   4.1845160E+02   1.4928544E+03   7.9775595E-02   1.9671640E-02   5.7115100E-02
   9.8550725E-01   3.6772516E+02   1.1143187E+02   4.7915702E+02   6.8135498E-02   2.9065669E-02   5.4972837E-02
   1.0000000E+00   0.0000000E+00   0.0000000E+00   0.0000000E+00   0.0000000E+00   0.0000000E+00   0.0000000E+00
