   0.0000000E+00   7.8877358E+07   3.9614474E+07   1.1849183E+08   8.8757851E-04   8.6860627E-04   8.4645428E-04
   1.4492754E-02   8.6236497E+07   4.3741108E+07   1.2997609E+08   2.0797523E-04   1.1036053E-04   1.4149141E-04
   2.8985507E-02   7.1952023E+07   3.6215646E+07   1.0816691E+08   3.8575204E-04   2.8165870E-04   3.5000521E-04
   4.3478261E-02   4.1582063E+07   2.0878929E+07   6.2460487E+07   7.4819111E-04   2.1660984E-04   5.5728544E-04
   5.7971014E-02   2.4363318E+07   1.2226081E+07   3.6589400E+07   7.5523095E-04   4.3754137E-04   4.6099898E-04
   7.2463768E-02   5.0894142E+06   2.4584009E+06   7.5478151E+06   1.4324986E-03   1.4451640E-03   6.7746187E-04
   8.6956522E-02   1.5241873E+06   7.1340909E+05   2.2375964E+06   5.9732185E-04   7.0454532E-04   3.8327605E-04
   1.0144928E-01   7.3273137E+05   3.4487844E+05   1.0776098E+06   2.5761086E-03   2.5557496E-03   1.6745462E-03
   1.1594203E-01   2.1870175E+05   1.0324162E+05   3.2194337E+05   1.0259660E-02   7.9635284E-03   9.2403111E-03
   1.3043478E-01   1.4144418E+04   4.1254553E+03   1.8269873E+04   1.0755735E-01   2.0618185E-02   8.7728287E-02
   1.4492754E-01   9.3201612E+03   2.8793994E+03   1.2199561E+04   1.4122509E-01   2.9785272E-02   1.1421192E-01
   1.5942029E-01   7.1640559E+03   2.6865210E+03   9.8505769E+03   1.4489279E-01   5.2543571E-02   1.1849857E-01
   1.7391304E-01   6.6933407E+03   2.3994995E+03   9.0928402E+03   1.7890832E-01   4.8181230E-02   1.4401434E-01
   1.8840580E-01   5.5955940E+03   1.3988985E+03   6.9944925E+03   1.8108095E-01   8.3064417E-02   1.6147377E-01
   2.0289855E-01   4.3840480E+03   1.5695974E+03   5.9536454E+03   1.7782661E-01   4.1340813E-02   1.4174308E-01
   2.1739130E-01   4.4453885E+03   1.3639260E+03   5.8093146E+03   1.9924850E-01   1.9376596E-02   1.5692143E-01
   2.3188406E-01   4.1675518E+03   8.5245377E+02   5.0200055E+03   1.9596936E-01   6.4636282E-02   1.7349960E-01
   2.4637681E-01   3.8778289E+03   1.2480369E+03   5.1258658E+03   2.2728650E-01   7.5272374E-02   1.9027436E-01
   2.6086957E-01   3.4940080E+03   1.3049910E+03   4.7989990E+03   2.5163792E-01   4.6864612E-02   1.9593562E-01
   2.7536232E-01   2.2732101E+03   8.3749844E+02   3.1107085E+03   2.2319022E-01   9.1123319E-02   1.8660112E-01
   2.8985507E-01   2.1974364E+03   5.6830251E+02   2.7657389E+03   2.1027247E-01   4.3850744E-02   1.7607242E-01
   3.0434783E-01   1.6237215E+03   3.6082699E+02   1.9845485E+03   2.6543307E-01   7.2875817E-02   2.3042248E-01
   3.1884058E-01   1.6188011E+03   3.4442577E+02   1.9632269E+03   2.2049746E-01   4.2762274E-02   1.8930322E-01
   3.3333333E-01   1.8778692E+03   4.2828595E+02   2.3061551E+03   2.7153864E-01   4.2470599E-06   2.2110932E-01
   3.4782609E-01   1.3891839E+03   1.8943417E+02   1.5786181E+03   2.3185260E-01   6.8820926E-02   2.1201567E-01
   3.6231884E-01   1.0608314E+03   3.0309467E+02   1.3639260E+03   2.5641740E-01   1.0769063E-02   2.0181502E-01
   3.7681159E-01   9.3259900E+02   1.1657487E+02   1.0491739E+03   1.8030703E-01   1.0232387E-01   1.7128594E-01
   3.9130435E-01   5.8935075E+02   1.1225729E+02   7.0160804E+02   2.8259694E-01   8.8956324E-07   2.3738157E-01
   4.0579710E-01   4.8711644E+02   1.0824810E+02   5.9536454E+02   2.9420512E-01   9.0573692E-07   2.4071344E-01
   4.2028986E-01   6.7935013E+02   5.2257702E+01   7.3160783E+02   2.3172878E-01   3.8700855E-05   2.1517399E-01
   4.3478261E-01   3.0309467E+02   2.2732101E+02   5.3041568E+02   2.2674364E-01   6.5237260E-02   1.5748417E-01
   4.4927536E-01   3.4220366E+02   7.3329357E+01   4.1553302E+02   2.8262637E-01   4.9795236E-05   2.3275977E-01
   4.6376812E-01   3.7886834E+02   9.4717086E+01   4.7358543E+02   2.4569345E-01   1.0743492E-01   2.1743910E-01
   4.7826087E-01   3.6738748E+02   0.0000000E+00   3.6738748E+02   2.3866420E-01   0.0000000E+00   2.3866420E-01
   4.9275362E-01   2.0057736E+02   6.6859119E+01   2.6743648E+02   1.5209298E-01   9.9557386E-02   1.3891951E-01
   5.0724638E-01   1.9484658E+02   2.1649620E+01   2.1649620E+02   2.1206415E-01   9.5252274E-07   1.9085764E-01
   5.2173913E-01   1.6838593E+02   0.0000000E+00   1.6838593E+02   1.3840272E-01   0.0000000E+00   1.3840272E-01
   5.3623188E-01   1.8431433E+02   6.1438110E+01   2.4575244E+02   2.9832293E-01   2.4829901E-05   2.2373605E-01
   5.5072464E-01   1.9940439E+02   1.9940439E+01   2.1934483E+02   1.8130514E-01   1.3770767E-05   1.6482162E-01
   5.6521739E-01   1.5543317E+02   0.0000000E+00   1.5543317E+02   2.0684297E-01   0.0000000E+00   2.0684297E-01
   5.7971014E-01   9.4717086E+01   0.0000000E+00   9.4717086E+01   1.9867713E-01   0.0000000E+00   1.9867713E-01
   5.9420290E-01   3.6962765E+01   3.6962765E+01   7.3925530E+01   9.4350276E-02   7.4947797E-06   4.7171677E-02
   6.0869565E-01   9.0206748E+01   1.8041350E+01   1.0824810E+02   1.1983425E-01   1.6755952E-05   9.9864650E-02
   6.2318841E-01   3.5243567E+01   0.0000000E+00   3.5243567E+01   3.8603872E-01   0.0000000E+00   3.8603872E-01
   6.3768116E-01   6.8885153E+01   3.4442577E+01   1.0332773E+02   2.8642829E-01   2.0728541E-06   1.9095289E-01
   6.5217391E-01   3.3677186E+01   0.0000000E+00   3.3677186E+01   8.9745235E-05   0.0000000E+00   8.9745235E-05
   6.6666667E-01   3.2945073E+01   0.0000000E+00   3.2945073E+01   7.5222796E-06   0.0000000E+00   7.5222796E-06
   6.8115942E-01   8.0610286E+01   0.0000000E+00   8.0610286E+01   1.9906351E-01   0.0000000E+00   1.9906351E-01
   6.9565217E-01   4.7358543E+01   1.5786181E+01   6.3144724E+01   2.7652783E-01   3.6071659E-05   2.0738693E-01
   7.1014493E-01   1.5464014E+01   0.0000000E+00   1.5464014E+01   5.5906793E-06   0.0000000E+00   5.5906793E-06
   7.2463768E-01   3.0309467E+01   0.0000000E+00   3.0309467E+01   5.9975364E-06   0.0000000E+00   5.9975364E-06
   7.3913043E-01   2.9715164E+01   1.4857582E+01   4.4572746E+01   1.8684135E-01   3.9832423E-06   1.2455958E-01
   7.5362319E-01   1.4571859E+01   0.0000000E+00   1.4571859E+01   3.3647839E-05   0.0000000E+00   3.3647839E-05
   7.6811594E-01   2.8593837E+01   0.0000000E+00   2.8593837E+01   1.7390289E-01   0.0000000E+00   1.7390289E-01
   7.8260870E-01   2.8064322E+01   1.4032161E+01   4.2096482E+01   6.5658950E-06   6.6767171E-06   6.6027578E-06
   7.9710145E-01   4.1331092E+01   0.0000000E+00   4.1331092E+01   2.6601411E-01   0.0000000E+00   2.6601411E-01
   8.1159420E-01   0.0000000E+00   0.0000000E+00   0.0000000E+00   0.0000000E+00   0.0000000E+00   0.0000000E+00
   8.2608696E-01   1.3293626E+01   1.3293626E+01   2.6587252E+01   4.1223993E-06   1.5275953E-05   9.6964493E-06
   8.4057971E-01   0.0000000E+00   0.0000000E+00   0.0000000E+00   0.0000000E+00   0.0000000E+00   0.0000000E+00
   8.5507246E-01   1.2842995E+01   0.0000000E+00   1.2842995E+01   4.0535547E-01   0.0000000E+00   4.0535547E-01
   8.6956522E-01   3.7886834E+01   1.2628945E+01   5.0515779E+01   8.4398440E-05   4.0410036E-05   5.3199233E-05
   8.8405797E-01   1.2421913E+01   0.0000000E+00   1.2421913E+01   2.0480295E-05   0.0000000E+00   2.0480295E-05
   8.9855072E-01   1.2221559E+01   0.0000000E+00   1.2221559E+01   3.7893857E-01   0.0000000E+00   3.7893857E-01
   9.1304348E-01   2.4055133E+01   0.0000000E+00   2.4055133E+01   2.3900009E-05   0.0000000E+00   2.3900009E-05
   9.2753623E-01   2.3679271E+01   0.0000000E+00   2.3679271E+01   2.0717433E-05   0.0000000E+00   2.0717433E-05
   9.4202899E-01   1.1657487E+01   0.0000000E+00   1.1657487E+01   3.6073222E-07   0.0000000E+00   3.6073222E-07
   9.5652174E-01   1.1480859E+01   0.0000000E+00   1.1480859E+01   2.9529679E-06   0.0000000E+00   2.9529679E-06
   9.7101449E-01   0.0000000E+00   0.0000000E+00   0.0000000E+00   0.0000000E+00   0.0000000E+00   0.0000000E+00
   9.8550725E-01   0.0000000E+00   0.0000000E+00   0.0000000E+00   0.0000000E+00   0.0000000E+00   0.0000000E+00
   1.0000000E+00   0.0000000E+00   0.0000000E+00   0.0000000E+00   0.0000000E+00   0.0000000E+00   0.0000000E+00
