   0.0000000E+00   7.7537679E+07   3.9365936E+07   1.1690362E+08   2.0920804E-03   2.5604862E-04   1.3756123E-03
   1.4492754E-02   8.0662585E+07   4.1375454E+07   1.2203501E+08   3.2620167E-04   1.1394960E-04   1.8019504E-04
   2.8985507E-02   6.6807370E+07   3.4479292E+07   1.0128553E+08   1.3263712E-04   3.4104282E-04   4.7689058E-05
   4.3478261E-02   4.1002900E+07   2.0750367E+07   6.1752761E+07   4.4796810E-04   4.8015539E-04   1.8148887E-04
   5.7971014E-02   2.3837638E+07   1.2077754E+07   3.5915203E+07   2.8637376E-04   2.2733291E-04   2.6291268E-04
   7.2463768E-02   7.0810493E+06   3.2687245E+06   1.0349774E+07   9.9199332E-04   5.0651409E-04   6.6409944E-04
   8.6956522E-02   2.4786830E+06   1.0749758E+06   3.5536588E+06   5.9401361E-04   5.1492148E-04   5.6982224E-04
   1.0144928E-01   1.0855119E+06   4.6903901E+05   1.5545509E+06   3.1430802E-03   4.0327327E-04   2.2552225E-03
   1.1594203E-01   3.0091618E+05   1.2474240E+05   4.2565858E+05   1.9405365E-02   2.8428999E-04   1.3750414E-02
   1.3043478E-01   2.1385013E+04   6.1460864E+03   2.7531100E+04   1.0597120E-01   6.9677040E-03   8.3476811E-02
   1.4492754E-01   1.7276396E+04   4.1675518E+03   2.1443948E+04   1.5128125E-01   4.4065780E-03   1.2253135E-01
   1.5942029E-01   1.4948078E+04   3.7197983E+03   1.8667876E+04   1.4440654E-01   5.2739684E-03   1.1660528E-01
   1.7391304E-01   1.1492340E+04   2.0837759E+03   1.3576116E+04   1.7854225E-01   1.0862500E-05   1.5113972E-01
   1.8840580E-01   1.2473512E+04   1.9817729E+03   1.4455284E+04   1.8573655E-01   5.2358375E-05   1.6027984E-01
   2.0289855E-01   1.0608314E+04   1.8943417E+03   1.2502655E+04   2.0774967E-01   1.9873276E-06   1.7627224E-01
   2.1739130E-01   7.5268511E+03   1.2628945E+03   8.7897455E+03   1.9128960E-01   1.3220093E-07   1.6380548E-01
   2.3188406E-01   7.0090643E+03   1.1839636E+03   8.1930279E+03   1.6372600E-01   3.7834919E-06   1.4006644E-01
   2.4637681E-01   6.3739027E+03   7.1316394E+02   7.0870666E+03   1.3096919E-01   8.5958805E-06   1.1778905E-01
   2.6086957E-01   4.3359377E+03   3.7886834E+02   4.7148060E+03   1.4762921E-01   2.4935703E-06   1.3576634E-01
   2.7536232E-01   3.9083261E+03   4.3868966E+02   4.3470157E+03   1.1455464E-01   1.0208863E-03   1.0289106E-01
   2.8985507E-01   3.1067204E+03   3.0309467E+02   3.4098151E+03   7.0362786E-02   4.9655949E-07   6.4108360E-02
   3.0434783E-01   3.5721872E+03   2.1649620E+02   3.7886834E+03   7.6490504E-02   5.1717444E-05   7.2116670E-02
   3.1884058E-01   2.5143081E+03   1.3777031E+02   2.6520784E+03   7.0453129E-02   3.2857674E-06   6.6793137E-02
   3.3333333E-01   2.2073199E+03   1.6472537E+02   2.3720453E+03   5.8090199E-02   4.8779356E-06   5.4056496E-02
   3.4782609E-01   1.8943417E+03   6.3144724E+01   1.9574864E+03   4.7809367E-02   2.3181861E-05   4.6267877E-02
   3.6231884E-01   1.4851639E+03   6.0618935E+01   1.5457828E+03   6.1292784E-02   3.4945301E-05   5.8887776E-02
   3.7681159E-01   1.4280422E+03   2.9143719E+01   1.4571859E+03   8.4819907E-03   7.1207615E-05   8.3109498E-03
   3.9130435E-01   1.0383799E+03   8.4192965E+01   1.1225729E+03   4.1713191E-02   2.3665003E-06   3.8584865E-02
   4.0579710E-01   5.1417846E+02   2.7062024E+01   5.4124049E+02   6.2689690E-02   3.4170395E-06   5.9555376E-02
   4.2028986E-01   4.4419047E+02   2.6128851E+01   4.7031932E+02   7.0366465E-06   2.3965271E-06   6.7788614E-06
   4.3478261E-01   3.5361045E+02   0.0000000E+00   3.5361045E+02   5.8106670E-02   0.0000000E+00   5.8106670E-02
   4.4927536E-01   2.1998807E+02   0.0000000E+00   2.1998807E+02   8.6075296E-02   0.0000000E+00   8.6075296E-02
   4.6376812E-01   9.4717086E+01   0.0000000E+00   9.4717086E+01   2.9170947E-01   0.0000000E+00   2.9170947E-01
   4.7826087E-01   1.6073202E+02   0.0000000E+00   1.6073202E+02   1.0432809E-05   0.0000000E+00   1.0432809E-05
   4.9275362E-01   2.2286373E+01   0.0000000E+00   2.2286373E+01   2.3746700E-06   0.0000000E+00   2.3746700E-06
   5.0724638E-01   2.1649620E+01   0.0000000E+00   2.1649620E+01   1.1164404E-06   0.0000000E+00   1.1164404E-06
   5.2173913E-01   2.1048241E+01   0.0000000E+00   2.1048241E+01   1.5828410E-06   0.0000000E+00   1.5828410E-06
   5.3623188E-01   0.0000000E+00   0.0000000E+00   0.0000000E+00   0.0000000E+00   0.0000000E+00   0.0000000E+00
   5.5072464E-01   1.9940439E+01   0.0000000E+00   1.9940439E+01   2.6730198E-06   0.0000000E+00   2.6730198E-06
   5.6521739E-01   0.0000000E+00   0.0000000E+00   0.0000000E+00   0.0000000E+00   0.0000000E+00   0.0000000E+00
   5.7971014E-01   0.0000000E+00   0.0000000E+00   0.0000000E+00   0.0000000E+00   0.0000000E+00   0.0000000E+00
   5.9420290E-01   0.0000000E+00   0.0000000E+00   0.0000000E+00   0.0000000E+00   0.0000000E+00   0.0000000E+00
   6.0869565E-01   0.0000000E+00   0.0000000E+00   0.0000000E+00   0.0000000E+00   0.0000000E+00   0.0000000E+00
   6.2318841E-01   3.5243567E+01   0.0000000E+00   3.5243567E+01   1.0400129E-06   0.0000000E+00   1.0400129E-06
   6.3768116E-01   0.0000000E+00   0.0000000E+00   0.0000000E+00   0.0000000E+00   0.0000000E+00   0.0000000E+00
   6.5217391E-01   1.6838593E+01   0.0000000E+00   1.6838593E+01   3.3059403E-06   0.0000000E+00   3.3059403E-06
   6.6666667E-01   0.0000000E+00   0.0000000E+00   0.0000000E+00   0.0000000E+00   0.0000000E+00   0.0000000E+00
   6.8115942E-01   0.0000000E+00   0.0000000E+00   0.0000000E+00   0.0000000E+00   0.0000000E+00   0.0000000E+00
   6.9565217E-01   3.1572362E+01   0.0000000E+00   3.1572362E+01   9.2846753E-05   0.0000000E+00   9.2846753E-05
   7.1014493E-01   0.0000000E+00   0.0000000E+00   0.0000000E+00   0.0000000E+00   0.0000000E+00   0.0000000E+00
   7.2463768E-01   0.0000000E+00   0.0000000E+00   0.0000000E+00   0.0000000E+00   0.0000000E+00   0.0000000E+00
   7.3913043E-01   2.9715164E+01   0.0000000E+00   2.9715164E+01   8.0277722E-06   0.0000000E+00   8.0277722E-06
   7.5362319E-01   0.0000000E+00   0.0000000E+00   0.0000000E+00   0.0000000E+00   0.0000000E+00   0.0000000E+00
   7.6811594E-01   0.0000000E+00   0.0000000E+00   0.0000000E+00   0.0000000E+00   0.0000000E+00   0.0000000E+00
   7.8260870E-01   0.0000000E+00   0.0000000E+00   0.0000000E+00   0.0000000E+00   0.0000000E+00   0.0000000E+00
   7.9710145E-01   1.3777031E+01   0.0000000E+00   1.3777031E+01   7.6732045E-06   0.0000000E+00   7.6732045E-06
   8.1159420E-01   0.0000000E+00   0.0000000E+00   0.0000000E+00   0.0000000E+00   0.0000000E+00   0.0000000E+00
   8.2608696E-01   0.0000000E+00   0.0000000E+00   0.0000000E+00   0.0000000E+00   0.0000000E+00   0.0000000E+00
   8.4057971E-01   0.0000000E+00   0.0000000E+00   0.0000000E+00   0.0000000E+00   0.0000000E+00   0.0000000E+00
   8.5507246E-01   0.0000000E+00   0.0000000E+00   0.0000000E+00   0.0000000E+00   0.0000000E+00   0.0000000E+00
   8.6956522E-01   0.0000000E+00   0.0000000E+00   0.0000000E+00   0.0000000E+00   0.0000000E+00   0.0000000E+00
   8.8405797E-01   0.0000000E+00   0.0000000E+00   0.0000000E+00   0.0000000E+00   0.0000000E+00   0.0000000E+00
   8.9855072E-01   0.0000000E+00   0.0000000E+00   0.0000000E+00   0.0000000E+00   0.0000000E+00   0.0000000E+00
   9.1304348E-01   0.0000000E+00   0.0000000E+00   0.0000000E+00   0.0000000E+00   0.0000000E+00   0.0000000E+00
   9.2753623E-01   0.0000000E+00   0.0000000E+00   0.0000000E+00   0.0000000E+00   0.0000000E+00   0.0000000E+00
   9.4202899E-01   0.0000000E+00   0.0000000E+00   0.0000000E+00   0.0000000E+00   0.0000000E+00   0.0000000E+00
   9.5652174E-01   0.0000000E+00   0.0000000E+00   0.0000000E+00   0.0000000E+00   0.0000000E+00   0.0000000E+00
   9.7101449E-01   0.0000000E+00   0.0000000E+00   0.0000000E+00   0.0000000E+00   0.0000000E+00   0.0000000E+00
   9.8550725E-01   0.0000000E+00   0.0000000E+00   0.0000000E+00   0.0000000E+00   0.0000000E+00   0.0000000E+00
   1.0000000E+00   0.0000000E+00   0.0000000E+00   0.0000000E+00   0.0000000E+00   0.0000000E+00   0.0000000E+00
