   0.0000000E+00   7.9780580E+07   3.8523333E+07   1.1830391E+08   7.4165917E-04   7.2998104E-05   5.0146002E-04
   1.4492754E-02   7.7508885E+07   3.8045959E+07   1.1555333E+08   9.9233321E-04   6.0098797E-05   6.5997180E-04
   2.8985507E-02   6.3289199E+07   3.1383938E+07   9.4672379E+07   9.3890759E-04   3.3132236E-05   6.3861682E-04
   4.3478261E-02   4.1091808E+07   2.0425045E+07   6.1516095E+07   6.5076958E-04   1.3801303E-04   4.5078524E-04
   5.7971014E-02   2.3376556E+07   1.1790572E+07   3.5166749E+07   6.8602876E-04   3.2227176E-04   4.8089070E-04
   7.2463768E-02   8.5712143E+06   4.3938119E+06   1.2965026E+07   4.1846190E-04   3.4659791E-04   3.1412380E-04
   8.6956522E-02   3.1752956E+06   1.6993508E+06   4.8746464E+06   1.1045165E-03   5.0907466E-04   8.6664917E-04
   1.0144928E-01   1.2530800E+06   6.7795784E+05   1.9310378E+06   3.9675983E-03   7.0524627E-04   2.7954549E-03
   1.1594203E-01   3.1607091E+05   1.7911001E+05   4.9518092E+05   9.4929548E-03   7.8791524E-04   6.3155981E-03
   1.3043478E-01   2.3742416E+04   9.0086472E+03   3.2751063E+04   1.2426590E-01   1.9094265E-05   9.0090042E-02
   1.4492754E-01   1.3715034E+04   5.1526095E+03   1.8867643E+04   1.5177706E-01   3.8922890E-06   1.1032684E-01
   1.5942029E-01   9.7816917E+03   3.8575686E+03   1.3639260E+04   1.7322560E-01   1.3952809E-05   1.2422885E-01
   1.7391304E-01   8.2088141E+03   2.6520784E+03   1.0860892E+04   2.1034229E-01   3.6404689E-06   1.5898051E-01
   1.8840580E-01   5.8870312E+03   1.2823236E+03   7.1693548E+03   2.7999753E-01   1.5149962E-05   2.2991409E-01
   2.0289855E-01   4.7087923E+03   1.6778455E+03   6.3866378E+03   2.6694990E-01   5.5120593E-06   1.9681800E-01
   2.1739130E-01   3.8897150E+03   1.2123787E+03   5.1020937E+03   2.7791027E-01   1.3100103E-05   2.1186916E-01
   2.3188406E-01   2.5100028E+03   8.0509523E+02   3.3150980E+03   2.6566062E-01   1.4178433E-06   2.0114274E-01
   2.4637681E-01   1.6937644E+03   7.5773668E+02   2.4515010E+03   2.9627941E-01   6.0085025E-06   2.0470373E-01
   2.6086957E-01   1.8101487E+03   5.4725427E+02   2.3574030E+03   3.0442787E-01   3.4504434E-05   2.3376512E-01
   2.7536232E-01   1.2363072E+03   2.3928527E+02   1.4755925E+03   3.4400430E-01   4.7930299E-06   2.8822058E-01
   2.8985507E-01   6.0618935E+02   1.8943417E+02   7.9562352E+02   3.5978193E-01   5.7038374E-06   2.7411825E-01
   3.0434783E-01   5.7732319E+02   2.1649620E+02   7.9381938E+02   3.6941060E-01   6.0499838E-06   2.6866072E-01
   3.1884058E-01   4.8219607E+02   1.3777031E+02   6.1996638E+02   3.5846547E-01   3.1714639E-06   2.7880577E-01
   3.3333333E-01   1.9767044E+02   6.5890146E+01   2.6356059E+02   3.5417028E-01   2.6088599E-05   2.6562119E-01
   3.4782609E-01   2.5257889E+02   6.3144724E+01   3.1572362E+02   3.9495258E-01   5.0298416E-06   3.1596107E-01
   3.6231884E-01   1.8185680E+02   0.0000000E+00   1.8185680E+02   3.9194172E-01   0.0000000E+00   3.9194172E-01
   3.7681159E-01   2.9143719E+01   0.0000000E+00   2.9143719E+01   3.7669773E-01   0.0000000E+00   3.7669773E-01
   3.9130435E-01   2.8064322E+01   0.0000000E+00   2.8064322E+01   3.9756621E-01   0.0000000E+00   3.9756621E-01
   4.0579710E-01   2.7062024E+01   0.0000000E+00   2.7062024E+01   3.5509130E-01   0.0000000E+00   3.5509130E-01
   4.2028986E-01   0.0000000E+00   0.0000000E+00   0.0000000E+00   0.0000000E+00   0.0000000E+00   0.0000000E+00
   4.3478261E-01   0.0000000E+00   0.0000000E+00   0.0000000E+00   0.0000000E+00   0.0000000E+00   0.0000000E+00
   4.4927536E-01   4.8886238E+01   0.0000000E+00   4.8886238E+01   1.6296763E-01   0.0000000E+00   1.6296763E-01
   4.6376812E-01   0.0000000E+00   0.0000000E+00   0.0000000E+00   0.0000000E+00   0.0000000E+00   0.0000000E+00
   4.7826087E-01   0.0000000E+00   0.0000000E+00   0.0000000E+00   0.0000000E+00   0.0000000E+00   0.0000000E+00
   4.9275362E-01   0.0000000E+00   0.0000000E+00   0.0000000E+00   0.0000000E+00   0.0000000E+00   0.0000000E+00
   5.0724638E-01   0.0000000E+00   0.0000000E+00   0.0000000E+00   0.0000000E+00   0.0000000E+00   0.0000000E+00
   5.2173913E-01   0.0000000E+00   0.0000000E+00   0.0000000E+00   0.0000000E+00   0.0000000E+00   0.0000000E+00
   5.3623188E-01   2.0479370E+01   0.0000000E+00   2.0479370E+01   3.8358234E-06   0.0000000E+00   3.8358234E-06
   5.5072464E-01   0.0000000E+00   0.0000000E+00   0.0000000E+00   0.0000000E+00   0.0000000E+00   0.0000000E+00
   5.6521739E-01   1.9429146E+01   0.0000000E+00   1.9429146E+01   8.5341893E-06   0.0000000E+00   8.5341893E-06
   5.7971014E-01   0.0000000E+00   0.0000000E+00   0.0000000E+00   0.0000000E+00   0.0000000E+00   0.0000000E+00
   5.9420290E-01   0.0000000E+00   0.0000000E+00   0.0000000E+00   0.0000000E+00   0.0000000E+00   0.0000000E+00
   6.0869565E-01   0.0000000E+00   0.0000000E+00   0.0000000E+00   0.0000000E+00   0.0000000E+00   0.0000000E+00
   6.2318841E-01   0.0000000E+00   0.0000000E+00   0.0000000E+00   0.0000000E+00   0.0000000E+00   0.0000000E+00
   6.3768116E-01   0.0000000E+00   0.0000000E+00   0.0000000E+00   0.0000000E+00   0.0000000E+00   0.0000000E+00
   6.5217391E-01   0.0000000E+00   0.0000000E+00   0.0000000E+00   0.0000000E+00   0.0000000E+00   0.0000000E+00
   6.6666667E-01   0.0000000E+00   0.0000000E+00   0.0000000E+00   0.0000000E+00   0.0000000E+00   0.0000000E+00
   6.8115942E-01   0.0000000E+00   0.0000000E+00   0.0000000E+00   0.0000000E+00   0.0000000E+00   0.0000000E+00
   6.9565217E-01   0.0000000E+00   0.0000000E+00   0.0000000E+00   0.0000000E+00   0.0000000E+00   0.0000000E+00
   7.1014493E-01   1.5464014E+01   0.0000000E+00   1.5464014E+01   3.2049344E-04   0.0000000E+00   3.2049344E-04
   7.2463768E-01   0.0000000E+00   0.0000000E+00   0.0000000E+00   0.0000000E+00   0.0000000E+00   0.0000000E+00
   7.3913043E-01   0.0000000E+00   0.0000000E+00   0.0000000E+00   0.0000000E+00   0.0000000E+00   0.0000000E+00
   7.5362319E-01   1.4571859E+01   0.0000000E+00   1.4571859E+01   1.7250377E-05   0.0000000E+00   1.7250377E-05
   7.6811594E-01   0.0000000E+00   0.0000000E+00   0.0000000E+00   0.0000000E+00   0.0000000E+00   0.0000000E+00
   7.8260870E-01   0.0000000E+00   0.0000000E+00   0.0000000E+00   0.0000000E+00   0.0000000E+00   0.0000000E+00
   7.9710145E-01   2.7554061E+01   0.0000000E+00   2.7554061E+01   1.1335529E-05   0.0000000E+00   1.1335529E-05
   8.1159420E-01   0.0000000E+00   0.0000000E+00   0.0000000E+00   0.0000000E+00   0.0000000E+00   0.0000000E+00
   8.2608696E-01   1.3293626E+01   0.0000000E+00   1.3293626E+01   3.5601483E-06   0.0000000E+00   3.5601483E-06
   8.4057971E-01   0.0000000E+00   0.0000000E+00   0.0000000E+00   0.0000000E+00   0.0000000E+00   0.0000000E+00
   8.5507246E-01   1.2842995E+01   0.0000000E+00   1.2842995E+01   2.1839564E-06   0.0000000E+00   2.1839564E-06
   8.6956522E-01   1.2628945E+01   0.0000000E+00   1.2628945E+01   1.4619014E-06   0.0000000E+00   1.4619014E-06
   8.8405797E-01   1.2421913E+01   0.0000000E+00   1.2421913E+01   5.6991452E-05   0.0000000E+00   5.6991452E-05
   8.9855072E-01   2.4443119E+01   0.0000000E+00   2.4443119E+01   2.4851921E-06   0.0000000E+00   2.4851921E-06
   9.1304348E-01   0.0000000E+00   0.0000000E+00   0.0000000E+00   0.0000000E+00   0.0000000E+00   0.0000000E+00
   9.2753623E-01   1.1839636E+01   0.0000000E+00   1.1839636E+01   1.2972382E-05   0.0000000E+00   1.2972382E-05
   9.4202899E-01   0.0000000E+00   0.0000000E+00   0.0000000E+00   0.0000000E+00   0.0000000E+00   0.0000000E+00
   9.5652174E-01   1.1480859E+01   0.0000000E+00   1.1480859E+01   2.0678453E-05   0.0000000E+00   2.0678453E-05
   9.7101449E-01   1.1309503E+01   0.0000000E+00   1.1309503E+01   4.7390704E-06   0.0000000E+00   4.7390704E-06
   9.8550725E-01   0.0000000E+00   0.0000000E+00   0.0000000E+00   0.0000000E+00   0.0000000E+00   0.0000000E+00
   1.0000000E+00   0.0000000E+00   0.0000000E+00   0.0000000E+00   0.0000000E+00   0.0000000E+00   0.0000000E+00
