   0.0000000E+00   2.5156858E+06   1.3275547E+06   3.8432405E+06   1.7426519E-03   4.6761212E-03   1.1849907E-03
   1.4492754E-02   2.3785355E+06   1.3093690E+06   3.6879044E+06   8.7921082E-04   2.8895992E-03   1.1513588E-03
   2.8985507E-02   2.4239997E+06   1.3518022E+06   3.7758019E+06   3.5761964E-04   9.9496311E-04   4.4979943E-04
   4.3478261E-02   2.4735051E+06   1.4091377E+06   3.8826428E+06   2.0919967E-03   1.2030700E-03   1.2469497E-03
   5.7971014E-02   2.5039409E+06   1.4277653E+06   3.9317062E+06   1.3975183E-03   6.8386552E-04   1.0247619E-03
   7.2463768E-02   2.4837093E+06   1.3895375E+06   3.8732468E+06   2.0383370E-04   1.8316663E-03   6.8079210E-04
   8.6956522E-02   2.4827242E+06   1.3615265E+06   3.8442508E+06   8.7454950E-04   3.3151561E-04   6.3697035E-04
   1.0144928E-01   2.3933654E+06   1.2715904E+06   3.6648476E+06   3.1972558E-04   1.2343974E-04   2.3215318E-04
   1.1594203E-01   2.3240731E+06   1.2085900E+06   3.5325684E+06   9.2264721E-04   6.0211504E-04   4.0129963E-04
   1.3043478E-01   2.1286507E+06   1.1046959E+06   3.2333466E+06   1.8756995E-04   2.3358289E-04   8.3885531E-05
   1.4492754E-01   1.9755711E+06   1.0023341E+06   2.9779052E+06   8.0141332E-04   1.4013042E-03   2.9085069E-04
   1.5942029E-01   1.7973514E+06   8.9929567E+05   2.6966471E+06   9.6289931E-05   1.3798114E-03   4.9046510E-04
   1.7391304E-01   1.5980035E+06   8.0282202E+05   2.4007624E+06   3.1677685E-04   7.5777729E-04   4.6389651E-04
   1.8840580E-01   1.4335795E+06   7.1798465E+05   2.1515642E+06   8.1376808E-04   4.3411424E-04   4.6649883E-04
   2.0289855E-01   1.2694796E+06   6.1788014E+05   1.8872515E+06   1.3272657E-03   6.8697199E-04   1.0487778E-03
   2.1739130E-01   1.1324122E+06   5.6602930E+05   1.6984415E+06   6.3650281E-04   1.9907123E-03   5.0582424E-04
   2.3188406E-01   9.9571336E+05   4.8556714E+05   1.4812805E+06   1.0288342E-03   2.0932175E-03   1.1593818E-03
   2.4637681E-01   8.8160435E+05   4.3511915E+05   1.3167235E+06   2.8930974E-04   5.6257508E-04   2.2281947E-04
   2.6086957E-01   7.7575398E+05   3.8396202E+05   1.1596318E+06   7.2563382E-04   2.0771461E-03   3.4940202E-04
   2.7536232E-01   6.7837374E+05   3.3783092E+05   1.0162047E+06   1.6419002E-03   1.3619403E-03   1.5144352E-03
   2.8985507E-01   6.1156928E+05   3.0449649E+05   9.1606576E+05   9.3209809E-04   1.7950529E-03   4.2725940E-04
   3.0434783E-01   5.4863744E+05   2.7043983E+05   8.1904119E+05   1.0085005E-03   1.8289979E-03   1.1136942E-03
   3.1884058E-01   4.7840739E+05   2.3441618E+05   7.1282356E+05   1.1919642E-03   1.8063478E-04   8.3508760E-04
   3.3333333E-01   4.2637514E+05   2.1285812E+05   6.3923326E+05   6.5695645E-04   1.9921084E-03   2.2524844E-04
   3.4782609E-01   3.8745602E+05   1.9237040E+05   5.7982643E+05   1.0215260E-03   1.1911726E-03   1.0768352E-03
   3.6231884E-01   3.4846795E+05   1.6824785E+05   5.1671580E+05   8.2936949E-04   4.3424136E-04   5.5944737E-04
   3.7681159E-01   3.1568476E+05   1.5268394E+05   4.6836870E+05   2.4967111E-03   2.9569852E-03   2.6234749E-03
   3.9130435E-01   2.8199030E+05   1.3964806E+05   4.2163837E+05   1.9771752E-03   3.3721044E-03   2.2652737E-03
   4.0579710E-01   2.6003899E+05   1.2627141E+05   3.8631040E+05   1.2470487E-03   2.5583431E-03   1.5045930E-03
   4.2028986E-01   2.3954931E+05   1.1632565E+05   3.5587495E+05   2.3449621E-03   1.5805304E-03   2.0018048E-03
   4.3478261E-01   2.1820291E+05   1.0355735E+05   3.2176025E+05   3.3244962E-03   1.1348268E-03   2.4283337E-03
   4.4927536E-01   2.0192460E+05   9.6403661E+04   2.9832827E+05   5.2049594E-03   2.9974706E-03   4.4145954E-03
   4.6376812E-01   1.8732672E+05   8.9815476E+04   2.7714219E+05   1.2123902E-03   4.5716895E-03   1.4386018E-03
   4.7826087E-01   1.7655265E+05   8.2731069E+04   2.5928372E+05   4.0140518E-03   2.4949083E-03   3.4729654E-03
   4.9275362E-01   1.6144249E+05   8.1634985E+04   2.4307747E+05   3.8781211E-03   4.5291004E-03   3.9871821E-03
   5.0724638E-01   1.4907928E+05   7.0144767E+04   2.1922405E+05   2.8270829E-03   2.2206641E-03   2.3470459E-03
   5.2173913E-01   1.4028653E+05   6.8554122E+04   2.0884065E+05   5.0102926E-03   3.4959836E-03   4.4345632E-03
   5.3623188E-01   1.3438562E+05   6.3998031E+04   1.9838366E+05   3.4606544E-03   4.5856246E-03   3.7226095E-03
   5.5072464E-01   1.2785810E+05   6.0479352E+04   1.8833745E+05   5.2187220E-03   5.6620428E-03   5.0675414E-03
   5.6521739E-01   1.1754633E+05   5.8365154E+04   1.7591149E+05   5.3225193E-03   5.4442896E-03   4.8769022E-03
   5.7971014E-01   1.0975816E+05   5.4121343E+04   1.6387950E+05   5.0368319E-03   1.3158056E-03   3.5430844E-03
   5.9420290E-01   1.0186938E+05   5.0472656E+04   1.5234204E+05   5.0277716E-03   8.6252356E-03   5.9320142E-03
   6.0869565E-01   9.6575345E+04   4.7701328E+04   1.4427667E+05   8.0781666E-03   4.4241445E-03   6.6124111E-03
   6.2318841E-01   9.4065080E+04   4.4970791E+04   1.3903587E+05   4.8994797E-03   8.6790717E-03   5.9416742E-03
   6.3768116E-01   8.9981231E+04   4.3483753E+04   1.3346498E+05   6.1100024E-03   8.5286275E-03   6.7116704E-03
   6.5217391E-01   8.4731800E+04   4.1389262E+04   1.2612106E+05   7.6675636E-03   7.2762889E-03   7.1330818E-03
   6.6666667E-01   7.9578824E+04   3.8595153E+04   1.1817398E+05   9.0848635E-03   1.0219994E-02   9.4490286E-03
   6.8115942E-01   7.5273885E+04   3.7370928E+04   1.1264481E+05   8.9977883E-03   1.2618957E-02   9.9383488E-03
   6.9565217E-01   7.1037814E+04   3.5455762E+04   1.0649358E+05   7.9828234E-03   7.6259679E-03   7.8624370E-03
   7.1014493E-01   6.7995269E+04   3.2165149E+04   1.0016042E+05   1.1016413E-02   7.4762695E-03   9.7597191E-03
   7.2463768E-01   6.5074426E+04   3.1840095E+04   9.6914522E+04   1.3184640E-02   7.7125388E-03   1.1364838E-02
   7.3913043E-01   6.0826941E+04   2.9120861E+04   8.9947802E+04   1.0820531E-02   8.4613031E-03   1.0009675E-02
   7.5362319E-01   5.9103461E+04   2.8954284E+04   8.8057746E+04   1.7396806E-02   1.4836675E-02   1.6445986E-02
   7.6811594E-01   5.6487125E+04   2.6463596E+04   8.2950722E+04   1.1390281E-02   1.6675861E-02   1.3062422E-02
   7.8260870E-01   5.2760925E+04   2.5959498E+04   7.8720422E+04   1.7182113E-02   1.6165600E-02   1.6753929E-02
   7.9710145E-01   5.2421602E+04   2.5184412E+04   7.7606013E+04   1.9230628E-02   1.8177132E-02   1.8768159E-02
   8.1159420E-01   4.8400431E+04   2.2948597E+04   7.1349027E+04   1.4609639E-02   1.6816510E-02   1.5313388E-02
   8.2608696E-01   4.5583844E+04   2.1336270E+04   6.6920113E+04   1.4909684E-02   1.4630243E-02   1.4804287E-02
   8.4057971E-01   4.3177927E+04   1.9505187E+04   6.2683114E+04   1.8292091E-02   1.9203882E-02   1.8519686E-02
   8.5507246E-01   3.9479366E+04   1.9238806E+04   5.8718172E+04   2.1388557E-02   2.1055897E-02   2.1089230E-02
   8.6956522E-01   3.7028066E+04   1.7642636E+04   5.4670702E+04   2.8071953E-02   2.3565471E-02   2.6551118E-02
   8.8405797E-01   3.3862134E+04   1.7018021E+04   5.0880155E+04   2.4409722E-02   2.6550024E-02   2.5122620E-02
   8.9855072E-01   3.2692671E+04   1.4849195E+04   4.7541866E+04   2.8480439E-02   3.2509106E-02   2.9670616E-02
   9.1304348E-01   2.9960668E+04   1.3627233E+04   4.3587901E+04   3.0695275E-02   3.2732270E-02   3.1195341E-02
   9.2753623E-01   2.6201114E+04   1.2952561E+04   3.9153675E+04   3.9483874E-02   3.3175006E-02   3.7396511E-02
   9.4202899E-01   2.2347403E+04   1.1272790E+04   3.3620194E+04   3.9841127E-02   3.6279429E-02   3.8645808E-02
   9.5652174E-01   2.0585180E+04   1.0091675E+04   3.0676855E+04   4.2862195E-02   4.6662364E-02   4.4061807E-02
   9.7101449E-01   1.6466636E+04   8.0636755E+03   2.4530311E+04   3.5437784E-02   5.7976865E-02   4.2553782E-02
   9.8550725E-01   8.0899534E+03   3.7218243E+03   1.1811778E+04   5.3906975E-02   5.9837457E-02   5.5546366E-02
   1.0000000E+00   2.1884092E+01   6.5652276E+01   8.7536368E+01   6.5822988E-06   5.9762025E-02   4.4823163E-02
