   0.0000000E+00   1.9822392E+06   9.6384106E+05   2.9460802E+06   3.5378832E-03   1.0296052E-05   2.3833704E-03
   1.4492754E-02   1.9299553E+06   9.5777917E+05   2.8877345E+06   2.4400788E-03   1.8502403E-05   1.6265307E-03
   2.8985507E-02   1.9466255E+06   1.0085475E+06   2.9551731E+06   6.7917331E-04   8.5390258E-06   4.4869657E-04
   4.3478261E-02   1.9855227E+06   1.0277435E+06   3.0130136E+06   2.5030011E-03   3.0592746E-07   1.6494441E-03
   5.7971014E-02   2.0510038E+06   1.0441612E+06   3.0949755E+06   1.9921445E-03   1.3917322E-05   1.3202601E-03
   7.2463768E-02   2.0228539E+06   1.0431003E+06   3.0653480E+06   4.3265945E-03   5.3127381E-06   2.8538585E-03
   8.6956522E-02   1.9872907E+06   1.0268595E+06   3.0141502E+06   1.8178864E-03   3.6192628E-06   1.1974461E-03
   1.0144928E-01   1.9103624E+06   9.7325865E+05   2.8835128E+06   2.0914010E-03   1.6215017E-06   1.3854617E-03
   1.1594203E-01   1.8048341E+06   9.1572478E+05   2.7204641E+06   1.0512086E-03   7.0382253E-06   6.8980997E-04
   1.3043478E-01   1.7004453E+06   8.7131299E+05   2.5715899E+06   5.8784671E-04   4.0604194E-06   3.8362322E-04
   1.4492754E-01   1.5874584E+06   8.2032573E+05   2.4076325E+06   3.7950964E-03   8.0951205E-06   2.5017758E-03
   1.5942029E-01   1.4804797E+06   7.4795499E+05   2.2282969E+06   4.6600194E-03   1.0017931E-05   3.1021803E-03
   1.7391304E-01   1.3634840E+06   6.9269762E+05   2.0559922E+06   6.2636239E-03   2.4897685E-06   4.1460578E-03
   1.8840580E-01   1.2848300E+06   6.4669912E+05   1.9313542E+06   6.2163571E-03   2.3751857E-06   4.1371138E-03
   2.0289855E-01   1.1887265E+06   5.9493155E+05   1.7834415E+06   6.0727521E-03   3.9187587E-06   4.0416955E-03
   2.1739130E-01   1.0903326E+06   5.4163018E+05   1.6319628E+06   9.5268638E-03   1.3921607E-05   6.3686340E-03
   2.3188406E-01   1.0186349E+06   5.0024829E+05   1.5187885E+06   8.7926427E-03   3.9612387E-06   5.8984076E-03
   2.4637681E-01   9.3348702E+05   4.5941129E+05   1.3928537E+06   1.1098218E-02   1.4771837E-06   7.4384490E-03
   2.6086957E-01   8.6878720E+05   4.2719510E+05   1.2958560E+06   9.5076272E-03   2.2900488E-06   6.3734962E-03
   2.7536232E-01   8.0300148E+05   3.9382367E+05   1.1968252E+06   1.0496933E-02   3.2417730E-06   7.0437424E-03
   2.8985507E-01   7.4906060E+05   3.6526697E+05   1.1142897E+06   1.2676602E-02   3.3603534E-06   8.5158936E-03
   3.0434783E-01   6.7961764E+05   3.4466194E+05   1.0240631E+06   8.5862653E-03   4.0111973E-05   5.6970702E-03
   3.1884058E-01   6.2492611E+05   3.0526456E+05   9.3015622E+05   8.4503098E-03   1.7859557E-06   5.6745639E-03
   3.3333333E-01   5.7980034E+05   2.8369003E+05   8.6332564E+05   1.1328364E-02   8.4792611E-06   7.6184495E-03
   3.4782609E-01   5.2931065E+05   2.5864079E+05   7.8795143E+05   1.1100359E-02   2.7967456E-05   7.4485842E-03
   3.6231884E-01   4.8640633E+05   2.3835365E+05   7.2472967E+05   1.5025475E-02   3.0678451E-06   1.0084009E-02
   3.7681159E-01   4.4549088E+05   2.1857789E+05   6.6401048E+05   1.2534986E-02   1.0920965E-05   8.4096386E-03
   3.9130435E-01   4.0982329E+05   1.9993023E+05   6.0975352E+05   1.1095221E-02   1.9687203E-05   7.4554601E-03
   4.0579710E-01   3.6939663E+05   1.8483363E+05   5.5420320E+05   1.1988051E-02   1.0173468E-05   7.9876206E-03
   4.2028986E-01   3.3857765E+05   1.7169268E+05   5.1016582E+05   1.2338602E-02   8.5892937E-06   8.1857845E-03
   4.3478261E-01   3.1509217E+05   1.5460354E+05   4.6969571E+05   1.3663197E-02   2.2733094E-06   9.1651397E-03
   4.4927536E-01   2.8801327E+05   1.3864137E+05   4.2665464E+05   1.4183904E-02   5.6213401E-06   9.5734928E-03
   4.6376812E-01   2.5988000E+05   1.3049646E+05   3.9035279E+05   1.5944472E-02   8.0685228E-06   1.0612891E-02
   4.7826087E-01   2.3896260E+05   1.1747215E+05   3.5638882E+05   1.4485640E-02   2.9021351E-05   9.7277064E-03
   4.9275362E-01   2.1655669E+05   1.0991639E+05   3.2647308E+05   1.2860409E-02   9.2884657E-05   8.5593206E-03
   5.0724638E-01   1.9787752E+05   9.9090309E+04   2.9690288E+05   1.3662265E-02   2.3744755E-05   9.0787595E-03
   5.2173913E-01   1.7872062E+05   9.0675823E+04   2.6937539E+05   1.2275651E-02   4.1397610E-06   8.1441298E-03
   5.3623188E-01   1.6508420E+05   8.3944937E+04   2.4902914E+05   1.6730135E-02   1.1736837E-05   1.1089396E-02
   5.5072464E-01   1.5015151E+05   7.6052835E+04   2.2620434E+05   1.5802693E-02   6.2990403E-05   1.0510353E-02
   5.6521739E-01   1.3724749E+05   6.9964354E+04   2.0719241E+05   1.1654705E-02   8.8900547E-06   7.7184524E-03
   5.7971014E-01   1.2502655E+05   6.4199241E+04   1.8922579E+05   9.2337565E-03   7.4728131E-05   6.1228818E-03
   5.9420290E-01   1.1500964E+05   5.7846727E+04   1.7285637E+05   8.7779045E-03   2.4422467E-05   5.8361241E-03
   6.0869565E-01   1.0218620E+05   5.3185899E+04   1.5537210E+05   1.5612977E-02   4.1773865E-06   1.0269377E-02
   6.2318841E-01   9.5686284E+04   4.8618500E+04   1.4430478E+05   1.4659597E-02   5.3085619E-06   9.7212418E-03
   6.3768116E-01   8.8414094E+04   4.4430924E+04   1.3284502E+05   1.3417785E-02   5.1056682E-06   8.9289472E-03
   6.5217391E-01   7.9444482E+04   3.9537016E+04   1.1898150E+05   1.6503667E-02   8.1545178E-06   1.1017310E-02
   6.6666667E-01   7.1573172E+04   3.5366536E+04   1.0693971E+05   1.6173088E-02   5.3703997E-06   1.0822801E-02
   6.8115942E-01   6.5100867E+04   3.4597935E+04   9.9698801E+04   9.0514733E-03   1.1147117E-04   5.9483410E-03
   6.9565217E-01   5.9655978E+04   3.1840727E+04   9.1496705E+04   2.3401614E-02   1.3660622E-04   1.5305412E-02
   7.1014493E-01   5.5484882E+04   2.6953776E+04   8.2438658E+04   1.4168337E-02   9.7190591E-07   9.5360610E-03
   7.2463768E-01   4.9495360E+04   2.4853763E+04   7.4349123E+04   1.9437330E-02   4.6533024E-06   1.2939966E-02
   7.3913043E-01   4.4691607E+04   2.3281831E+04   6.7973438E+04   1.8889635E-02   4.1823926E-06   1.2418389E-02
   7.5362319E-01   4.2302108E+04   2.1100052E+04   6.3402160E+04   2.0205173E-02   1.0258037E-05   1.3477657E-02
   7.6811594E-01   3.8330039E+04   1.9172168E+04   5.7502206E+04   1.8990056E-02   9.6784100E-06   1.2659222E-02
   7.8260870E-01   3.3873636E+04   1.7091172E+04   5.0964808E+04   1.6302745E-02   3.3658551E-05   1.0824309E-02
   7.9710145E-01   3.0488569E+04   1.6587545E+04   4.7076114E+04   1.9646021E-02   4.8430531E-06   1.2724973E-02
   8.1159420E-01   2.7251459E+04   1.4721741E+04   4.1973200E+04   1.8269461E-02   6.6448581E-06   1.1859534E-02
   8.2608696E-01   2.5071779E+04   1.2708706E+04   3.7780485E+04   1.4199046E-02   2.6744308E-05   9.4147464E-03
   8.4057971E-01   2.1556302E+04   1.2228302E+04   3.3784605E+04   1.1844060E-02   1.0089453E-04   7.5703786E-03
   8.5507246E-01   2.0458890E+04   1.0145966E+04   3.0604856E+04   1.5735792E-02   4.7044001E-06   1.0520679E-02
   8.6956522E-01   1.7225881E+04   8.7644876E+03   2.5990368E+04   2.6702299E-02   9.5526395E-06   1.7699596E-02
   8.8405797E-01   1.6906223E+04   7.8506489E+03   2.4756872E+04   2.4165822E-02   3.6592047E-06   1.6501784E-02
   8.9855072E-01   1.4042572E+04   7.8217980E+03   2.1864370E+04   1.2375003E-02   7.8880590E-06   7.9504975E-03
   9.1304348E-01   1.1774988E+04   6.1581140E+03   1.7933102E+04   2.4820234E-02   1.1411336E-04   1.6335128E-02
   9.2753623E-01   1.0324162E+04   5.8014215E+03   1.6125584E+04   3.9177526E-02   8.0281742E-06   2.5082797E-02
   9.4202899E-01   8.4167059E+03   4.4415027E+03   1.2858209E+04   4.4678574E-02   5.0606132E-05   2.9263092E-02
   9.5652174E-01   8.0825246E+03   4.0757049E+03   1.2158230E+04   3.9282639E-02   1.6331994E-05   2.6108786E-02
   9.7101449E-01   5.3493948E+03   2.7595187E+03   8.1089135E+03   4.6725545E-02   9.8590963E-06   3.0827394E-02
   9.8550725E-01   3.1869513E+03   1.5823325E+03   4.7692838E+03   4.4699664E-02   4.2814557E-06   2.9869132E-02
   1.0000000E+00   3.7202956E+02   4.3768184E+01   4.1579775E+02   1.2630161E-01   3.3950328E-05   1.1300873E-01
