   0.0000000E+00   1.0365838E+06   1.0729551E+06   2.1095389E+06   7.9252235E-03   2.2471508E-07   3.8942999E-03
   1.4492754E-02   1.1070533E+06   1.1502443E+06   2.2572976E+06   2.3083986E-03   1.8851949E-06   1.1326162E-03
   2.8985507E-02   1.1199348E+06   1.1733553E+06   2.2932901E+06   2.1205937E-03   1.8640623E-06   1.0362649E-03
   4.3478261E-02   1.1542855E+06   1.2661780E+06   2.4202110E+06   2.7165252E-03   2.5214572E-07   1.2956774E-03
   5.7971014E-02   1.2237447E+06   1.3358898E+06   2.5596345E+06   1.2862114E-03   1.0453522E-07   6.1497391E-04
   7.2463768E-02   1.2261695E+06   1.3484682E+06   2.5746377E+06   2.0281426E-03   5.9699730E-07   9.6581716E-04
   8.6956522E-02   1.1696929E+06   1.3254077E+06   2.4947217E+06   1.4614883E-04   6.9584981E-07   7.9760558E-05
   1.0144928E-01   1.1364968E+06   1.2762451E+06   2.4125254E+06   1.3686903E-03   1.6875824E-06   6.4424725E-04
   1.1594203E-01   1.0949295E+06   1.2177776E+06   2.3127071E+06   1.4774732E-03   1.1108183E-06   7.0005271E-04
   1.3043478E-01   1.0433192E+06   1.1157252E+06   2.1589602E+06   2.3671218E-03   6.4442943E-06   1.1420251E-03
   1.4492754E-01   9.8187520E+05   1.0324162E+06   2.0142157E+06   1.6986559E-03   2.5139485E-06   8.2766809E-04
   1.5942029E-01   9.2058119E+05   9.3504707E+05   1.8555594E+06   1.6316021E-03   1.0292974E-06   8.0904357E-04
   1.7391304E-01   8.7550159E+05   8.4809678E+05   1.7235984E+06   3.8829069E-03   1.7903553E-05   1.9797065E-03
   1.8840580E-01   8.0512437E+05   7.5027589E+05   1.5551671E+06   2.1880475E-03   3.9227874E-06   1.1343590E-03
   2.0289855E-01   7.5113355E+05   6.9235483E+05   1.4432719E+06   2.5778756E-03   1.9227433E-06   1.3424947E-03
   2.1739130E-01   7.1984985E+05   6.2467812E+05   1.3443764E+06   3.7452484E-03   2.4118328E-06   2.0047194E-03
   2.3188406E-01   6.8707774E+05   5.6598194E+05   1.2527755E+06   1.2311153E-03   1.8526788E-05   6.8052328E-04
   2.4637681E-01   6.5423877E+05   5.0273600E+05   1.1568856E+06   2.9935360E-03   2.1745478E-05   1.6978602E-03
   2.6086957E-01   6.1692395E+05   4.5767296E+05   1.0745127E+06   2.4758618E-03   2.7634292E-06   1.4214847E-03
   2.7536232E-01   5.8349713E+05   4.0152068E+05   9.8497793E+05   4.4195790E-03   6.7405562E-06   2.6202074E-03
   2.8985507E-01   5.5716378E+05   3.6901777E+05   9.2618155E+05   3.5902141E-03   1.7168913E-06   2.1604418E-03
   3.0434783E-01   5.3074042E+05   3.3235774E+05   8.6302600E+05   3.2534453E-03   1.3924890E-06   2.0005069E-03
   3.1884058E-01   5.1966959E+05   2.9303744E+05   8.1267259E+05   2.5734850E-03   5.2973330E-07   1.6457328E-03
   3.3333333E-01   4.9289124E+05   2.6188039E+05   7.5477163E+05   2.1955466E-03   3.4020104E-06   1.4327759E-03
   3.4782609E-01   4.7487989E+05   2.4083398E+05   7.1568230E+05   1.2186123E-03   2.5587000E-05   8.1132469E-04
   3.6231884E-01   4.5352056E+05   2.1383329E+05   6.6729323E+05   2.0188674E-03   2.0135289E-06   1.3638971E-03
   3.7681159E-01   4.3663119E+05   1.9430117E+05   6.3093236E+05   1.3894897E-03   2.0587197E-05   9.5549653E-04
   3.9130435E-01   4.1700776E+05   1.6824561E+05   5.8519723E+05   2.5903534E-03   4.0505098E-06   1.8463431E-03
   4.0579710E-01   4.1228994E+05   1.5539014E+05   5.6765302E+05   2.1998227E-03   9.4048747E-06   1.5997389E-03
   4.2028986E-01   3.8783054E+05   1.3704582E+05   5.2485023E+05   1.1472900E-03   1.8146796E-05   8.5251136E-04
   4.3478261E-01   3.7831267E+05   1.2467294E+05   5.0298561E+05   7.7677397E-04   6.6419214E-07   5.8439280E-04
   4.4927536E-01   3.6268700E+05   1.1329386E+05   4.7598085E+05   3.4276970E-03   3.2770242E-06   2.6113660E-03
   4.6376812E-01   3.4659350E+05   1.0407040E+05   4.5064021E+05   2.7432189E-03   1.7259721E-06   2.1101837E-03
   4.7826087E-01   3.3115389E+05   9.1961679E+04   4.2311557E+05   1.6131497E-03   1.1267841E-04   1.2718751E-03
   4.9275362E-01   3.1753624E+05   8.2370435E+04   3.9990668E+05   5.9197064E-04   1.5458295E-06   4.7035802E-04
   5.0724638E-01   3.0562768E+05   7.4063348E+04   3.7969103E+05   1.5456732E-03   4.3510373E-05   1.2361048E-03
   5.2173913E-01   2.9113927E+05   6.4386570E+04   3.5550479E+05   1.1018169E-03   7.9457543E-06   9.0375727E-04
   5.3623188E-01   2.7473075E+05   5.9349214E+04   3.3405948E+05   2.2418071E-03   2.1514111E-06   1.8435821E-03
   5.5072464E-01   2.5952481E+05   5.2702580E+04   3.1222739E+05   1.4543126E-03   4.0208638E-05   1.2041389E-03
   5.6521739E-01   2.4735245E+05   4.8320285E+04   2.9567274E+05   6.9667118E-04   6.2424244E-06   5.8359248E-04
   5.7971014E-01   2.3351550E+05   4.3380425E+04   2.7689593E+05   1.0093773E-03   1.4959185E-06   8.5124120E-04
   5.9420290E-01   2.2292244E+05   3.9882824E+04   2.6280526E+05   2.0951137E-04   2.0257468E-06   1.7754038E-04
   6.0869565E-01   2.0458890E+05   3.6136823E+04   2.4068965E+05   7.1482690E-04   1.6811020E-06   6.0773660E-04
   6.2318841E-01   1.9241225E+05   3.2970357E+04   2.2536499E+05   1.1809219E-03   4.9518935E-07   1.0081948E-03
   6.3768116E-01   1.8059965E+05   3.0033927E+04   2.1061636E+05   1.1448006E-03   2.9872535E-06   9.8205117E-04
   6.5217391E-01   1.6963199E+05   2.6908072E+04   1.9654006E+05   2.5120714E-04   1.0732286E-06   2.1695488E-04
   6.6666667E-01   1.5474301E+05   2.3934596E+04   1.7867760E+05   1.1678361E-03   1.5202878E-06   1.0112022E-03
   6.8115942E-01   1.4179349E+05   2.3135152E+04   1.6492864E+05   7.4044135E-04   2.5217984E-06   6.3630349E-04
   6.9565217E-01   1.3217769E+05   2.0837759E+04   1.5301545E+05   1.1464072E-03   2.0937913E-06   9.9026948E-04
   7.1014493E-01   1.2099045E+05   1.8139288E+04   1.3912973E+05   7.4537212E-04   5.5202042E-06   6.4890367E-04
   7.2463768E-01   1.0868975E+05   1.6064018E+04   1.2475377E+05   2.2295811E-03   7.5540745E-04   2.0238063E-03
   7.3913043E-01   1.0204187E+05   1.5853040E+04   1.1789491E+05   1.2861239E-03   3.2818985E-06   1.1135511E-03
   7.5362319E-01   9.0972118E+04   1.2866952E+04   1.0383907E+05   8.8049303E-04   4.7434156E-06   7.7088233E-04
   7.6811594E-01   8.0920559E+04   1.2509804E+04   9.3430363E+04   1.2431999E-04   1.8488966E-06   1.0781976E-04
   7.8260870E-01   7.4188034E+04   1.0720571E+04   8.4908605E+04   2.2009734E-03   3.2745741E-07   1.9231157E-03
   7.9710145E-01   6.7838099E+04   9.9607931E+03   7.7798892E+04   2.5633346E-03   1.2786819E-06   2.2352216E-03
   8.1159420E-01   6.0632466E+04   8.7816269E+03   6.9414093E+04   1.2130955E-03   1.7257570E-06   1.0598011E-03
   8.2608696E-01   5.3081449E+04   8.4680398E+03   6.1549489E+04   1.5323999E-03   1.0418982E-05   1.3206368E-03
   8.4057971E-01   4.6457097E+04   7.0939831E+03   5.3551080E+04   1.0372161E-03   8.2309818E-07   8.9981752E-04
   8.5507246E-01   4.1868163E+04   5.6252317E+03   4.7493394E+04   1.0377154E-03   7.2475988E-07   9.1480087E-04
   8.6956522E-01   3.5285272E+04   5.6451383E+03   4.0930410E+04   1.2514246E-03   1.8128539E-06   1.0786699E-03
   8.8405797E-01   3.2396349E+04   5.1550938E+03   3.7551443E+04   2.8998098E-03   5.0590224E-06   2.5018592E-03
   8.9855072E-01   2.8415126E+04   4.2286596E+03   3.2643785E+04   1.8427974E-03   8.5295776E-07   1.6040437E-03
   9.1304348E-01   2.3417672E+04   3.9209867E+03   2.7338658E+04   1.4553743E-03   2.8254271E-07   1.2466191E-03
   9.2753623E-01   2.0387853E+04   3.4453340E+03   2.3833187E+04   1.5438123E-03   2.5591497E-06   1.3207085E-03
   9.4202899E-01   1.6984959E+04   2.8327694E+03   1.9817729E+04   7.9151221E-04   1.6889318E-06   6.7814844E-04
   9.5652174E-01   1.3329277E+04   1.9976694E+03   1.5326947E+04   3.2384694E-03   1.7438952E-06   2.8161712E-03
   9.7101449E-01   8.7309361E+03   1.4476164E+03   1.0178552E+04   2.4550907E-03   3.8137228E-06   2.1064279E-03
   9.8550725E-01   4.9364316E+03   9.1374130E+02   5.8501729E+03   6.3590800E-03   9.3796508E-07   5.3657502E-03
   1.0000000E+00   1.7507274E+02   4.3768184E+01   2.1884092E+02   5.2764140E-02   3.2891369E-05   4.2211546E-02
