   0.0000000E+00   8.6054640E+07   4.3027320E+07   1.2908196E+08   7.1319249E-04   9.0962133E-05   5.0484351E-04
   1.4492754E-02   8.1905274E+07   3.9911507E+07   1.2181678E+08   9.1658255E-04   3.7363317E-05   6.1765880E-04
   2.8985507E-02   6.5366913E+07   3.2554641E+07   9.7920417E+07   2.8269964E-04   4.0453230E-05   1.8852301E-04
   4.3478261E-02   4.1809890E+07   2.0877414E+07   6.2686798E+07   1.0870992E-03   1.5426192E-04   7.7257510E-04
   5.7971014E-02   2.3081417E+07   1.1566093E+07   3.4647320E+07   1.6589969E-03   3.6440643E-04   1.1803803E-03
   7.2463768E-02   7.9941220E+06   4.0901111E+06   1.2083930E+07   1.3860451E-03   5.2756690E-04   9.0527767E-04
   8.6956522E-02   2.5446061E+06   1.4014340E+06   3.9460401E+06   2.9120067E-03   7.1755970E-04   2.1214867E-03
   1.0144928E-01   8.9997468E+05   4.9934847E+05   1.3993232E+06   4.2290598E-03   6.9532249E-04   2.6574528E-03
   1.1594203E-01   2.1226099E+05   1.2133259E+05   3.3359358E+05   1.5637030E-02   1.8764286E-04   9.9946174E-03
   1.3043478E-01   1.5744084E+04   5.3883498E+03   2.1132434E+04   1.0303211E-01   1.2711387E-05   7.6762513E-02
   1.4492754E-01   7.8046878E+03   3.1067204E+03   1.0911408E+04   2.0170635E-01   1.4796712E-05   1.4427358E-01
   1.5942029E-01   5.5796974E+03   1.3088179E+03   6.8885153E+03   2.3306690E-01   1.9608694E-05   1.8878687E-01
   1.7391304E-01   3.9149729E+03   1.4523286E+03   5.3673015E+03   2.7514034E-01   4.5101598E-06   2.0068949E-01
   1.8840580E-01   2.6229347E+03   1.2823236E+03   3.9052583E+03   3.3575757E-01   1.6850844E-05   2.2551171E-01
   2.0289855E-01   2.0567139E+03   9.2010883E+02   2.9768227E+03   2.8304739E-01   1.9967896E-06   1.9555994E-01
   2.1739130E-01   1.5154734E+03   3.0309467E+02   1.8185680E+03   3.3836364E-01   7.7088605E-06   2.8196842E-01
   2.3188406E-01   8.0509523E+02   4.2622688E+02   1.2313221E+03   3.1965240E-01   5.1942270E-05   2.0901641E-01
   2.4637681E-01   4.0115472E+02   8.9145492E+01   4.9030021E+02   3.2247082E-01   4.2022627E-06   2.6383900E-01
   2.6086957E-01   3.3677186E+02   1.2628945E+02   4.6306131E+02   2.1201854E-01   4.7908263E-06   1.5419660E-01
   2.7536232E-01   2.3928527E+02   7.9761756E+01   3.1904702E+02   3.4972622E-01   1.6495973E-05   2.6229173E-01
   2.8985507E-01   7.5773668E+01   0.0000000E+00   7.5773668E+01   4.2466564E-01   0.0000000E+00   4.2466564E-01
   3.0434783E-01   1.4433080E+02   3.6082699E+01   1.8041350E+02   9.6177119E-02   1.1874739E-05   7.6943958E-02
   3.1884058E-01   0.0000000E+00   0.0000000E+00   0.0000000E+00   0.0000000E+00   0.0000000E+00   0.0000000E+00
   3.3333333E-01   3.2945073E+01   0.0000000E+00   3.2945073E+01   4.9807096E-06   0.0000000E+00   4.9807096E-06
   3.4782609E-01   6.3144724E+01   0.0000000E+00   6.3144724E+01   7.2034080E-07   0.0000000E+00   7.2034080E-07
   3.6231884E-01   3.0309467E+01   0.0000000E+00   3.0309467E+01   5.9346912E-07   0.0000000E+00   5.9346912E-07
   3.7681159E-01   2.9143719E+01   0.0000000E+00   2.9143719E+01   4.5369316E-07   0.0000000E+00   4.5369316E-07
   3.9130435E-01   0.0000000E+00   0.0000000E+00   0.0000000E+00   0.0000000E+00   0.0000000E+00   0.0000000E+00
   4.0579710E-01   2.7062024E+01   0.0000000E+00   2.7062024E+01   7.5146417E-06   0.0000000E+00   7.5146417E-06
   4.2028986E-01   2.6128851E+01   0.0000000E+00   2.6128851E+01   2.8620994E-06   0.0000000E+00   2.8620994E-06
   4.3478261E-01   0.0000000E+00   0.0000000E+00   0.0000000E+00   0.0000000E+00   0.0000000E+00   0.0000000E+00
   4.4927536E-01   4.8886238E+01   0.0000000E+00   4.8886238E+01   1.2390243E-05   0.0000000E+00   1.2390243E-05
   4.6376812E-01   4.7358543E+01   0.0000000E+00   4.7358543E+01   1.4787162E-05   0.0000000E+00   1.4787162E-05
   4.7826087E-01   4.5923435E+01   0.0000000E+00   4.5923435E+01   2.4308720E-06   0.0000000E+00   2.4308720E-06
   4.9275362E-01   4.4572746E+01   0.0000000E+00   4.4572746E+01   3.3618600E-06   0.0000000E+00   3.3618600E-06
   5.0724638E-01   1.2989772E+02   0.0000000E+00   1.2989772E+02   1.4671797E-06   0.0000000E+00   1.4671797E-06
   5.2173913E-01   2.1048241E+01   0.0000000E+00   2.1048241E+01   3.6627450E-06   0.0000000E+00   3.6627450E-06
   5.3623188E-01   8.1917479E+01   0.0000000E+00   8.1917479E+01   2.5687435E-06   0.0000000E+00   2.5687435E-06
   5.5072464E-01   3.9880878E+01   0.0000000E+00   3.9880878E+01   7.7535470E-06   0.0000000E+00   7.7535470E-06
   5.6521739E-01   3.8858291E+01   0.0000000E+00   3.8858291E+01   2.2623489E-06   0.0000000E+00   2.2623489E-06
   5.7971014E-01   3.7886834E+01   0.0000000E+00   3.7886834E+01   3.9539942E-06   0.0000000E+00   3.9539942E-06
   5.9420290E-01   7.3925530E+01   0.0000000E+00   7.3925530E+01   6.7573027E-06   0.0000000E+00   6.7573027E-06
   6.0869565E-01   5.4124049E+01   0.0000000E+00   5.4124049E+01   6.8977326E-06   0.0000000E+00   6.8977326E-06
   6.2318841E-01   1.7621783E+01   0.0000000E+00   1.7621783E+01   7.1847192E-08   0.0000000E+00   7.1847192E-08
   6.3768116E-01   3.4442577E+01   0.0000000E+00   3.4442577E+01   4.9233672E-05   0.0000000E+00   4.9233672E-05
   6.5217391E-01   6.7354372E+01   0.0000000E+00   6.7354372E+01   1.1422941E-05   0.0000000E+00   1.1422941E-05
   6.6666667E-01   0.0000000E+00   0.0000000E+00   0.0000000E+00   0.0000000E+00   0.0000000E+00   0.0000000E+00
   6.8115942E-01   9.6732343E+01   0.0000000E+00   9.6732343E+01   2.6458955E-05   0.0000000E+00   2.6458955E-05
   6.9565217E-01   6.3144724E+01   0.0000000E+00   6.3144724E+01   6.7200171E-05   0.0000000E+00   6.7200171E-05
   7.1014493E-01   1.3917613E+02   0.0000000E+00   1.3917613E+02   4.8465833E-05   0.0000000E+00   4.8465833E-05
   7.2463768E-01   4.5464201E+01   0.0000000E+00   4.5464201E+01   1.6630365E-06   0.0000000E+00   1.6630365E-06
   7.3913043E-01   0.0000000E+00   0.0000000E+00   0.0000000E+00   0.0000000E+00   0.0000000E+00   0.0000000E+00
   7.5362319E-01   1.3114673E+02   0.0000000E+00   1.3114673E+02   1.2664565E-05   0.0000000E+00   1.2664565E-05
   7.6811594E-01   1.0007843E+02   0.0000000E+00   1.0007843E+02   3.0697063E-06   0.0000000E+00   3.0697063E-06
   7.8260870E-01   2.1048241E+02   0.0000000E+00   2.1048241E+02   5.2635903E-06   0.0000000E+00   5.2635903E-06
   7.9710145E-01   1.5154734E+02   0.0000000E+00   1.5154734E+02   1.1842213E-05   0.0000000E+00   1.1842213E-05
   8.1159420E-01   9.4717086E+01   0.0000000E+00   9.4717086E+01   3.1614757E-06   0.0000000E+00   3.1614757E-06
   8.2608696E-01   1.3293626E+02   0.0000000E+00   1.3293626E+02   1.8133838E-05   0.0000000E+00   1.8133838E-05
   8.4057971E-01   6.5322128E+01   0.0000000E+00   6.5322128E+01   8.4598372E-05   0.0000000E+00   8.4598372E-05
   8.5507246E-01   6.4214973E+01   0.0000000E+00   6.4214973E+01   2.9658463E-06   0.0000000E+00   2.9658463E-06
   8.6956522E-01   7.5773668E+01   0.0000000E+00   7.5773668E+01   7.6702881E-06   0.0000000E+00   7.6702881E-06
   8.8405797E-01   7.4531477E+01   0.0000000E+00   7.4531477E+01   7.0001217E-05   0.0000000E+00   7.0001217E-05
   8.9855072E-01   1.2221559E+01   0.0000000E+00   1.2221559E+01   3.1255722E-05   0.0000000E+00   3.1255722E-05
   9.1304348E-01   0.0000000E+00   0.0000000E+00   0.0000000E+00   0.0000000E+00   0.0000000E+00   0.0000000E+00
   9.2753623E-01   0.0000000E+00   0.0000000E+00   0.0000000E+00   0.0000000E+00   0.0000000E+00   0.0000000E+00
   9.4202899E-01   0.0000000E+00   0.0000000E+00   0.0000000E+00   0.0000000E+00   0.0000000E+00   0.0000000E+00
   9.5652174E-01   0.0000000E+00   0.0000000E+00   0.0000000E+00   0.0000000E+00   0.0000000E+00   0.0000000E+00
   9.7101449E-01   0.0000000E+00   0.0000000E+00   0.0000000E+00   0.0000000E+00   0.0000000E+00   0.0000000E+00
   9.8550725E-01   1.1143187E+01   0.0000000E+00   1.1143187E+01   5.6063320E-06   0.0000000E+00   5.6063320E-06
   1.0000000E+00   0.0000000E+00   0.0000000E+00   0.0000000E+00   0.0000000E+00   0.0000000E+00   0.0000000E+00
