   0.0000000E+00   4.4185142E+07   2.2713915E+07   6.6899056E+07   1.1284974E-03   2.3555214E-03   2.4741136E-04
   1.4492754E-02   4.4873924E+07   2.2494171E+07   6.7367338E+07   6.4380606E-04   8.3263703E-04   6.6973218E-04
   2.8985507E-02   4.3816881E+07   2.2044076E+07   6.5860578E+07   1.4836213E-04   1.5328378E-04   1.4780271E-04
   4.3478261E-02   3.6890158E+07   1.8527672E+07   5.5417830E+07   4.9194949E-04   1.1270029E-03   6.9126851E-04
   5.7971014E-02   2.5291167E+07   1.2664622E+07   3.7955599E+07   4.4462580E-05   3.1850418E-04   7.6628186E-05
   7.2463768E-02   1.3820662E+07   6.8522128E+06   2.0672875E+07   7.7900886E-04   1.5812922E-03   9.6428424E-04
   8.6956522E-02   7.5368279E+06   3.7813586E+06   1.1318187E+07   3.0046753E-03   2.5564075E-03   2.8533496E-03
   1.0144928E-01   4.1086648E+06   2.0463220E+06   6.1549868E+06   5.0220190E-03   4.7343836E-03   4.8693652E-03
   1.1594203E-01   1.3780389E+06   6.9209774E+05   2.0701366E+06   2.0648147E-02   2.0176594E-02   2.0486151E-02
   1.3043478E-01   2.7446907E+04   1.1702822E+04   3.9149729E+04   9.5572182E-02   6.8053560E-02   8.6983654E-02
   1.4492754E-01   1.3487713E+04   5.4557041E+03   1.8943417E+04   1.0604536E-01   1.3112322E-01   1.1325822E-01
   1.5942029E-01   9.0239551E+03   3.6509131E+03   1.2674868E+04   1.4771277E-01   1.2687305E-01   1.4160666E-01
   1.7391304E-01   5.2410121E+03   3.2203809E+03   8.4613930E+03   1.4510287E-01   1.7959264E-01   1.5820515E-01
   1.8840580E-01   4.7212824E+03   1.6903357E+03   6.4116181E+03   1.8597791E-01   1.3375774E-01   1.7149106E-01
   2.0289855E-01   4.3299239E+03   1.2448531E+03   5.5747770E+03   1.6737141E-01   1.4984770E-01   1.6326708E-01
   2.1739130E-01   1.6670207E+03   6.5670513E+02   2.3237258E+03   2.3684437E-01   2.5035120E-01   2.4063320E-01
   2.3188406E-01   1.1839636E+03   9.4717086E+02   2.1311344E+03   1.3830129E-01   1.4971178E-01   1.4325188E-01
   2.4637681E-01   1.2034641E+03   4.9030021E+02   1.6937644E+03   2.1721019E-01   2.3299506E-01   2.2021122E-01
   2.6086957E-01   1.0524121E+03   3.7886834E+02   1.4312804E+03   1.8866172E-01   2.9459814E-01   2.1310116E-01
   2.7536232E-01   7.5773668E+02   3.1904702E+02   1.0767837E+03   1.6059613E-01   1.9230931E-01   1.6907181E-01
   2.8985507E-01   7.1984985E+02   3.7886834E+02   1.0987182E+03   1.8354008E-01   1.8556184E-01   1.8337227E-01
   3.0434783E-01   5.4124049E+02   1.8041350E+02   7.2165398E+02   2.9826138E-01   2.6503569E-01   2.8995471E-01
   3.1884058E-01   3.4442577E+02   2.0665546E+02   5.5108122E+02   2.0606099E-01   2.7556885E-01   2.3191916E-01
   3.3333333E-01   3.2945073E+02   1.3178029E+02   4.6123103E+02   2.6646500E-01   1.6901347E-01   2.3847006E-01
   3.4782609E-01   3.7886834E+02   9.4717086E+01   4.7358543E+02   2.9515272E-01   3.0744061E-01   2.9759579E-01
   3.6231884E-01   4.2433254E+02   6.0618935E+01   4.8495148E+02   2.6025473E-01   8.3329140E-02   2.3752748E-01
   3.7681159E-01   2.6229347E+02   1.4571859E+02   4.0801206E+02   2.7417391E-01   1.5829386E-01   2.3276631E-01
   3.9130435E-01   2.8064322E+02   5.6128643E+01   3.3677186E+02   2.7892938E-01   1.3413194E-01   2.5429894E-01
   4.0579710E-01   1.8943417E+02   8.1186073E+01   2.7062024E+02   2.5978477E-01   3.4171767E-01   2.8349421E-01
   4.2028986E-01   1.0451540E+02   0.0000000E+00   1.0451540E+02   3.1745978E-01   0.0000000E+00   3.1745978E-01
   4.3478261E-01   2.2732101E+02   7.5773668E+01   3.0309467E+02   3.2255684E-01   2.8050069E-01   3.1024722E-01
   4.4927536E-01   1.4665871E+02   4.8886238E+01   1.9554495E+02   3.4250594E-01   3.4016890E-01   3.4189201E-01
   4.6376812E-01   7.1037814E+01   7.1037814E+01   1.4207563E+02   2.4567079E-01   2.0812462E-01   2.2583589E-01
   4.7826087E-01   9.1846871E+01   1.1480859E+02   2.0665546E+02   2.4458275E-01   2.9522559E-01   2.7250286E-01
   4.9275362E-01   8.9145492E+01   6.6859119E+01   1.5600461E+02   2.4853335E-01   1.3689201E-01   2.0045738E-01
   5.0724638E-01   1.5154734E+02   6.4948859E+01   2.1649620E+02   2.2057360E-01   3.8346549E-01   2.6917753E-01
   5.2173913E-01   8.4192965E+01   6.3144724E+01   1.4733769E+02   3.2319828E-01   2.0647647E-01   2.7305125E-01
   5.3623188E-01   0.0000000E+00   2.0479370E+01   2.0479370E+01   0.0000000E+00   3.9123556E-01   3.9123556E-01
   5.5072464E-01   3.9880878E+01   0.0000000E+00   3.9880878E+01   1.4703456E-01   0.0000000E+00   1.4703456E-01
   5.6521739E-01   3.8858291E+01   3.8858291E+01   7.7716583E+01   4.0385178E-01   3.9968781E-01   3.9890226E-01
   5.7971014E-01   5.6830251E+01   1.8943417E+01   7.5773668E+01   4.0301314E-01   7.9636361E-06   3.0225823E-01
   5.9420290E-01   1.8481383E+01   1.8481383E+01   3.6962765E+01   2.0857038E-01   4.3812794E-01   3.1031506E-01
   6.0869565E-01   1.8041350E+01   1.8041350E+01   3.6082699E+01   3.5776723E-01   8.8904082E-06   1.7887918E-01
   6.2318841E-01   3.5243567E+01   1.7621783E+01   5.2865350E+01   3.8777485E-01   2.3333630E-06   2.5851733E-01
   6.3768116E-01   3.4442577E+01   0.0000000E+00   3.4442577E+01   3.7804343E-01   0.0000000E+00   3.7804343E-01
   6.5217391E-01   3.3677186E+01   1.6838593E+01   5.0515779E+01   3.1606045E-01   1.0485871E-05   2.1071044E-01
   6.6666667E-01   4.9417610E+01   1.6472537E+01   6.5890146E+01   2.5691693E-01   3.5148423E-01   2.8055822E-01
   6.8115942E-01   3.2244114E+01   1.6122057E+01   4.8366171E+01   1.3984591E-07   4.3665478E-01   1.4555162E-01
   6.9565217E-01   0.0000000E+00   3.1572362E+01   3.1572362E+01   0.0000000E+00   2.3291835E-01   2.3291835E-01
   7.1014493E-01   4.6392042E+01   0.0000000E+00   4.6392042E+01   2.4879455E-01   0.0000000E+00   2.4879455E-01
   7.2463768E-01   1.5154734E+01   0.0000000E+00   1.5154734E+01   3.6174111E-01   0.0000000E+00   3.6174111E-01
   7.3913043E-01   0.0000000E+00   0.0000000E+00   0.0000000E+00   0.0000000E+00   0.0000000E+00   0.0000000E+00
   7.5362319E-01   0.0000000E+00   0.0000000E+00   0.0000000E+00   0.0000000E+00   0.0000000E+00   0.0000000E+00
   7.6811594E-01   2.8593837E+01   0.0000000E+00   2.8593837E+01   2.8693728E-01   0.0000000E+00   2.8693728E-01
   7.8260870E-01   5.6128643E+01   1.4032161E+01   7.0160804E+01   2.9020961E-01   3.8604718E-01   3.0921846E-01
   7.9710145E-01   0.0000000E+00   0.0000000E+00   0.0000000E+00   0.0000000E+00   0.0000000E+00   0.0000000E+00
   8.1159420E-01   1.3531012E+01   0.0000000E+00   1.3531012E+01   4.7409211E-01   0.0000000E+00   4.7409211E-01
   8.2608696E-01   0.0000000E+00   1.3293626E+01   1.3293626E+01   0.0000000E+00   8.1248948E-06   8.1248948E-06
   8.4057971E-01   0.0000000E+00   0.0000000E+00   0.0000000E+00   0.0000000E+00   0.0000000E+00   0.0000000E+00
   8.5507246E-01   0.0000000E+00   0.0000000E+00   0.0000000E+00   0.0000000E+00   0.0000000E+00   0.0000000E+00
   8.6956522E-01   0.0000000E+00   0.0000000E+00   0.0000000E+00   0.0000000E+00   0.0000000E+00   0.0000000E+00
   8.8405797E-01   1.2421913E+01   1.2421913E+01   2.4843826E+01   3.0702140E-01   3.6976461E-01   3.2292457E-01
   8.9855072E-01   2.4443119E+01   0.0000000E+00   2.4443119E+01   4.5160501E-01   0.0000000E+00   4.5160501E-01
   9.1304348E-01   0.0000000E+00   0.0000000E+00   0.0000000E+00   0.0000000E+00   0.0000000E+00   0.0000000E+00
   9.2753623E-01   0.0000000E+00   0.0000000E+00   0.0000000E+00   0.0000000E+00   0.0000000E+00   0.0000000E+00
   9.4202899E-01   1.1657487E+01   0.0000000E+00   1.1657487E+01   4.8160024E-01   0.0000000E+00   4.8160024E-01
   9.5652174E-01   0.0000000E+00   1.1480859E+01   1.1480859E+01   0.0000000E+00   4.1039846E-01   4.1039846E-01
   9.7101449E-01   0.0000000E+00   0.0000000E+00   0.0000000E+00   0.0000000E+00   0.0000000E+00   0.0000000E+00
   9.8550725E-01   0.0000000E+00   0.0000000E+00   0.0000000E+00   0.0000000E+00   0.0000000E+00   0.0000000E+00
   1.0000000E+00   0.0000000E+00   0.0000000E+00   0.0000000E+00   0.0000000E+00   0.0000000E+00   0.0000000E+00
