   0.0000000E+00   2.7278521E+05   1.4548544E+05   4.1827065E+05   0.0000000E+00   0.0000000E+00   0.0000000E+00
   1.4492754E-02   3.0385241E+05   1.7655265E+05   4.8040506E+05   0.0000000E+00   0.0000000E+00   0.0000000E+00
   2.8985507E-02   2.8907654E+05   1.6177678E+05   4.5085333E+05   0.0000000E+00   0.0000000E+00   0.0000000E+00
   4.3478261E-02   3.0031631E+05   1.4472771E+05   4.4504401E+05   0.0000000E+00   0.0000000E+00   0.0000000E+00
   5.7971014E-02   2.8699277E+05   1.4719035E+05   4.3418312E+05   0.0000000E+00   0.0000000E+00   0.0000000E+00
   7.2463768E-02   3.0051837E+05   1.5336590E+05   4.5388427E+05   0.0000000E+00   0.0000000E+00   0.0000000E+00
   8.6956522E-02   2.9867454E+05   1.4725350E+05   4.4592804E+05   0.0000000E+00   0.0000000E+00   0.0000000E+00
   1.0144928E-01   3.0179570E+05   1.5176383E+05   4.5355953E+05   0.0000000E+00   0.0000000E+00   0.0000000E+00
   1.1594203E-01   3.0622034E+05   1.5486243E+05   4.6108277E+05   0.0000000E+00   0.0000000E+00   0.0000000E+00
   1.3043478E-01   3.1075623E+05   1.5028444E+05   4.6104068E+05   0.0000000E+00   0.0000000E+00   0.0000000E+00
   1.4492754E-01   3.1347567E+05   1.6526237E+05   4.7873804E+05   0.0000000E+00   0.0000000E+00   0.0000000E+00
   1.5942029E-01   3.1652728E+05   1.5946913E+05   4.7599641E+05   0.0000000E+00   0.0000000E+00   0.0000000E+00
   1.7391304E-01   3.2588992E+05   1.6019816E+05   4.8596179E+05   0.0000000E+00   0.0000000E+00   0.0000000E+00
   1.8840580E-01   3.1789968E+05   1.6262195E+05   4.8052163E+05   0.0000000E+00   0.0000000E+00   0.0000000E+00
   2.0289855E-01   3.2106386E+05   1.5755511E+05   4.7861896E+05   0.0000000E+00   0.0000000E+00   0.0000000E+00
   2.1739130E-01   3.2991855E+05   1.6887425E+05   4.9879280E+05   0.0000000E+00   0.0000000E+00   0.0000000E+00
   2.3188406E-01   3.3937132E+05   1.6992245E+05   5.0929377E+05   0.0000000E+00   0.0000000E+00   0.0000000E+00
   2.4637681E-01   3.4526049E+05   1.7476974E+05   5.1998566E+05   0.0000000E+00   0.0000000E+00   0.0000000E+00
   2.6086957E-01   3.3832943E+05   1.6914367E+05   5.0738890E+05   0.0000000E+00   0.0000000E+00   0.0000000E+00
   2.7536232E-01   3.4461067E+05   1.7228539E+05   5.1685618E+05   0.0000000E+00   0.0000000E+00   0.0000000E+00
   2.8985507E-01   3.4499751E+05   1.7659053E+05   5.2151227E+05   0.0000000E+00   0.0000000E+00   0.0000000E+00
   3.0434783E-01   3.4776506E+05   1.7604749E+05   5.2377646E+05   0.0000000E+00   0.0000000E+00   0.0000000E+00
   3.1884058E-01   3.5162426E+05   1.7228177E+05   5.2390603E+05   0.0000000E+00   0.0000000E+00   0.0000000E+00
   3.3333333E-01   3.5208400E+05   1.8090140E+05   5.3298539E+05   0.0000000E+00   0.0000000E+00   0.0000000E+00
   3.4782609E-01   3.5777800E+05   1.8302498E+05   5.4077141E+05   0.0000000E+00   0.0000000E+00   0.0000000E+00
   3.6231884E-01   3.5640903E+05   1.7928050E+05   5.3565922E+05   0.0000000E+00   0.0000000E+00   0.0000000E+00
   3.7681159E-01   3.5907976E+05   1.7766011E+05   5.3671072E+05   0.0000000E+00   0.0000000E+00   0.0000000E+00
   3.9130435E-01   3.5762365E+05   1.8118326E+05   5.3875078E+05   0.0000000E+00   0.0000000E+00   0.0000000E+00
   4.0579710E-01   3.5941075E+05   1.7866349E+05   5.3804717E+05   0.0000000E+00   0.0000000E+00   0.0000000E+00
   4.2028986E-01   3.5987267E+05   1.7681394E+05   5.3668660E+05   0.0000000E+00   0.0000000E+00   0.0000000E+00
   4.3478261E-01   3.5651511E+05   1.7804286E+05   5.3450746E+05   0.0000000E+00   0.0000000E+00   0.0000000E+00
   4.4927536E-01   3.6329808E+05   1.7462164E+05   5.3791972E+05   0.0000000E+00   0.0000000E+00   0.0000000E+00
   4.6376812E-01   3.5817266E+05   1.8152529E+05   5.3965059E+05   0.0000000E+00   0.0000000E+00   0.0000000E+00
   4.7826087E-01   3.5439115E+05   1.7793035E+05   5.3225262E+05   0.0000000E+00   0.0000000E+00   0.0000000E+00
   4.9275362E-01   3.4811315E+05   1.7728810E+05   5.2540124E+05   0.0000000E+00   0.0000000E+00   0.0000000E+00
   5.0724638E-01   3.4784444E+05   1.7159488E+05   5.1935272E+05   0.0000000E+00   0.0000000E+00   0.0000000E+00
   5.2173913E-01   3.4249698E+05   1.7465831E+05   5.1709214E+05   0.0000000E+00   0.0000000E+00   0.0000000E+00
   5.3623188E-01   3.3790960E+05   1.6979446E+05   5.0766310E+05   0.0000000E+00   0.0000000E+00   0.0000000E+00
   5.5072464E-01   3.3115087E+05   1.6309285E+05   4.9422378E+05   0.0000000E+00   0.0000000E+00   0.0000000E+00
   5.6521739E-01   3.2225181E+05   1.5999902E+05   4.8223140E+05   0.0000000E+00   0.0000000E+00   0.0000000E+00
   5.7971014E-01   3.1650661E+05   1.5675678E+05   4.7324445E+05   0.0000000E+00   0.0000000E+00   0.0000000E+00
   5.9420290E-01   3.0897175E+05   1.5152886E+05   4.6050061E+05   0.0000000E+00   0.0000000E+00   0.0000000E+00
   6.0869565E-01   2.9672608E+05   1.4889526E+05   4.4563938E+05   0.0000000E+00   0.0000000E+00   0.0000000E+00
   6.2318841E-01   2.8651258E+05   1.4634891E+05   4.3282624E+05   0.0000000E+00   0.0000000E+00   0.0000000E+00
   6.3768116E-01   2.7221690E+05   1.3749477E+05   4.0964278E+05   0.0000000E+00   0.0000000E+00   0.0000000E+00
   6.5217391E-01   2.6315353E+05   1.3563487E+05   3.9867053E+05   0.0000000E+00   0.0000000E+00   0.0000000E+00
   6.6666667E-01   2.4792815E+05   1.2543837E+05   3.7330062E+05   0.0000000E+00   0.0000000E+00   0.0000000E+00
   6.8115942E-01   2.4010580E+05   1.1715899E+05   3.5723254E+05   0.0000000E+00   0.0000000E+00   0.0000000E+00
   6.9565217E-01   2.3253044E+05   1.1296591E+05   3.4544900E+05   0.0000000E+00   0.0000000E+00   0.0000000E+00
   7.1014493E-01   2.2251170E+05   1.1121719E+05   3.3371342E+05   0.0000000E+00   0.0000000E+00   0.0000000E+00
   7.2463768E-01   2.0954450E+05   1.0455251E+05   3.1406670E+05   0.0000000E+00   0.0000000E+00   0.0000000E+00
   7.3913043E-01   1.9976019E+05   1.0229445E+05   3.0203979E+05   0.0000000E+00   0.0000000E+00   0.0000000E+00
   7.5362319E-01   1.8469832E+05   9.2749885E+04   2.7741906E+05   0.0000000E+00   0.0000000E+00   0.0000000E+00
   7.6811594E-01   1.7415077E+05   8.8111909E+04   2.6224838E+05   0.0000000E+00   0.0000000E+00   0.0000000E+00
   7.8260870E-01   1.6184694E+05   8.2747652E+04   2.4456653E+05   0.0000000E+00   0.0000000E+00   0.0000000E+00
   7.9710145E-01   1.5029363E+05   7.7991770E+04   2.2828540E+05   0.0000000E+00   0.0000000E+00   0.0000000E+00
   8.1159420E-01   1.3974829E+05   7.1200186E+04   2.1094848E+05   0.0000000E+00   0.0000000E+00   0.0000000E+00
   8.2608696E-01   1.3183289E+05   6.6375075E+04   1.9820796E+05   0.0000000E+00   0.0000000E+00   0.0000000E+00
   8.4057971E-01   1.2144690E+05   5.9443136E+04   1.8087697E+05   0.0000000E+00   0.0000000E+00   0.0000000E+00
   8.5507246E-01   1.0863889E+05   5.5494580E+04   1.6410779E+05   0.0000000E+00   0.0000000E+00   0.0000000E+00
   8.6956522E-01   9.9478198E+04   4.9379174E+04   1.4884474E+05   0.0000000E+00   0.0000000E+00   0.0000000E+00
   8.8405797E-01   9.0530901E+04   4.5687795E+04   1.3619385E+05   0.0000000E+00   0.0000000E+00   0.0000000E+00
   8.9855072E-01   7.9977885E+04   3.9891170E+04   1.1986905E+05   0.0000000E+00   0.0000000E+00   0.0000000E+00
   9.1304348E-01   7.0373291E+04   3.5024273E+04   1.0539756E+05   0.0000000E+00   0.0000000E+00   0.0000000E+00
   9.2753623E-01   5.8499640E+04   2.8521682E+04   8.7021322E+04   0.0000000E+00   0.0000000E+00   0.0000000E+00
   9.4202899E-01   4.8040506E+04   2.5051941E+04   7.3092446E+04   0.0000000E+00   0.0000000E+00   0.0000000E+00
   9.5652174E-01   3.9241576E+04   2.0022618E+04   5.9252713E+04   0.0000000E+00   0.0000000E+00   0.0000000E+00
   9.7101449E-01   2.7063640E+04   1.3571403E+04   4.0635043E+04   0.0000000E+00   0.0000000E+00   0.0000000E+00
   9.8550725E-01   8.9368356E+03   4.5909929E+03   1.3527828E+04   0.0000000E+00   0.0000000E+00   0.0000000E+00
   1.0000000E+00   0.0000000E+00   0.0000000E+00   0.0000000E+00   0.0000000E+00   0.0000000E+00   0.0000000E+00
