   0.0000000E+00   1.7112725E+07   8.3532892E+06   2.5466014E+07   2.7434595E-03   2.9191656E-05   1.8344305E-03
   1.4492754E-02   1.7370356E+07   8.4775580E+06   2.5847156E+07   9.9436586E-05   3.5868457E-05   5.9850209E-05
   2.8985507E-02   1.7048697E+07   8.2165177E+06   2.5262941E+07   2.9657946E-03   2.0270022E-05   2.0126300E-03
   4.3478261E-02   1.5405039E+07   7.4462784E+06   2.2849297E+07   1.1024365E-03   7.5194192E-06   7.4185107E-04
   5.7971014E-02   1.3128546E+07   6.3945399E+06   1.9521381E+07   8.4898866E-04   1.2185079E-05   5.7673646E-04
   7.2463768E-02   1.0765014E+07   5.3049145E+06   1.6067200E+07   6.2640872E-04   1.8970879E-05   4.1784706E-04
   8.6956522E-02   8.5894505E+06   4.2509028E+06   1.2839848E+07   7.9909502E-04   1.7308568E-05   5.4333930E-04
   1.0144928E-01   6.6623457E+06   3.3034072E+06   9.9651034E+06   1.2376615E-03   3.8242213E-05   8.3954966E-04
   1.1594203E-01   4.9740677E+06   2.4987314E+06   7.4723256E+06   2.1298172E-03   8.6053466E-05   1.4418115E-03
   1.3043478E-01   3.6660985E+06   1.8625168E+06   5.5278575E+06   1.6305071E-03   7.6463388E-05   1.1174737E-03
   1.4492754E-01   2.6479108E+06   1.3664266E+06   4.0141101E+06   1.5432615E-03   3.4553366E-05   1.0185676E-03
   1.5942029E-01   1.9161094E+06   9.9001742E+05   2.9057135E+06   2.2711952E-03   1.7847701E-04   1.5384019E-03
   1.7391304E-01   1.3602005E+06   7.1303022E+05   2.0732307E+06   4.0767087E-03   8.9059011E-05   2.6466644E-03
   1.8840580E-01   9.6582283E+05   5.0640125E+05   1.4721075E+06   9.4090864E-04   2.5668311E-04   6.7710816E-04
   2.0289855E-01   6.9451979E+05   3.6885539E+05   1.0633752E+06   1.7124036E-03   3.4511369E-04   1.0408147E-03
   2.1739130E-01   5.0717842E+05   2.7233056E+05   7.7950898E+05   3.6341376E-03   4.4129033E-04   2.2647769E-03
   2.3188406E-01   3.7754230E+05   2.0387853E+05   5.8142083E+05   2.7043544E-03   2.5442117E-04   1.6777207E-03
   2.4637681E-01   2.7733163E+05   1.4954156E+05   4.2687319E+05   2.1973099E-03   7.9639681E-04   1.6955409E-03
   2.6086957E-01   2.1540770E+05   1.1526017E+05   3.3066787E+05   4.4766917E-03   1.1363416E-03   3.2275212E-03
   2.7536232E-01   1.7073004E+05   9.3042089E+04   2.6377213E+05   1.4190961E-03   7.2748924E-04   8.5825347E-04
   2.8985507E-01   1.3635472E+05   7.2666948E+04   2.0902166E+05   9.1012963E-03   4.1556902E-04   5.9276365E-03
   3.0434783E-01   1.0969141E+05   5.6649838E+04   1.6634124E+05   4.1982464E-03   1.6611929E-03   2.2251987E-03
   3.1884058E-01   9.0721747E+04   4.6463036E+04   1.3718478E+05   3.7407045E-03   1.2652924E-03   2.7523811E-03
   3.3333333E-01   7.2709777E+04   3.5514789E+04   1.0822457E+05   5.7737867E-03   1.2531684E-03   3.6309751E-03
   3.4782609E-01   5.9955915E+04   2.9804310E+04   8.9760225E+04   7.0754417E-03   8.1148874E-04   4.5912077E-03
   3.6231884E-01   4.7767721E+04   2.4308193E+04   7.2075913E+04   1.2176343E-02   8.3665229E-04   7.9467770E-03
   3.7681159E-01   3.7624541E+04   1.9118279E+04   5.6742820E+04   1.4091106E-02   4.7364229E-04   9.3465526E-03
   3.9130435E-01   2.7980129E+04   1.3807646E+04   4.1787775E+04   1.1014777E-02   1.7016328E-03   7.9353933E-03
   4.0579710E-01   2.1866116E+04   1.1420174E+04   3.3286290E+04   3.0808210E-03   1.3913778E-03   1.5846572E-03
   4.2028986E-01   1.4841187E+04   9.3279999E+03   2.4169187E+04   1.8134769E-02   3.2629723E-03   1.1612966E-02
   4.3478261E-01   1.1416566E+04   6.7691144E+03   1.8185680E+04   7.7103721E-03   1.5102862E-03   4.8750105E-03
   4.4927536E-01   8.6284210E+03   4.0820008E+03   1.2710422E+04   1.8883331E-02   3.3834160E-03   1.2504123E-02
   4.6376812E-01   6.5591582E+03   3.1967016E+03   9.7558598E+03   1.9231371E-02   1.5067999E-03   1.2881431E-02
   4.7826087E-01   5.0975013E+03   2.8013296E+03   7.8988309E+03   1.3774136E-02   8.6528806E-03   8.6507386E-03
   4.9275362E-01   3.5658197E+03   1.6491916E+03   5.2150113E+03   3.2085223E-02   1.2157638E-04   2.1922244E-02
   5.0724638E-01   2.5330055E+03   1.5587726E+03   4.0917781E+03   3.5721981E-02   6.6387689E-06   2.2116122E-02
   5.2173913E-01   2.0416794E+03   1.1366050E+03   3.1782844E+03   1.6223090E-02   6.4174637E-03   1.2698636E-02
   5.3623188E-01   1.7612258E+03   9.6253038E+02   2.7237562E+03   1.9366984E-02   5.7910839E-05   1.2521059E-02
   5.5072464E-01   1.3160690E+03   6.3809405E+02   1.9541630E+03   3.1857102E-02   1.4685470E-02   2.2736563E-02
   5.6521739E-01   1.2240362E+03   3.8858291E+02   1.6126191E+03   1.6622858E-02   5.6118922E-06   1.2618701E-02
   5.7971014E-01   1.3070958E+03   3.7886834E+02   1.6859641E+03   3.4512909E-02   2.7679296E-05   2.6751534E-02
   5.9420290E-01   7.5773668E+02   3.1418350E+02   1.0719202E+03   3.9853388E-02   3.5369728E-03   2.9208787E-02
   6.0869565E-01   8.1186073E+02   1.9845485E+02   1.0103156E+03   4.6239297E-02   4.9903772E-03   3.6176545E-02
   6.2318841E-01   6.3438420E+02   2.2908318E+02   8.6346738E+02   3.0226680E-02   4.0333149E-02   2.3453041E-02
   6.3768116E-01   7.5773668E+02   1.5499159E+02   9.1272828E+02   2.2670698E-02   9.8101881E-06   1.8822318E-02
   6.5217391E-01   6.7354372E+02   1.0103156E+02   7.7457528E+02   3.0800288E-02   8.3839677E-05   2.6790807E-02
   6.6666667E-01   5.4359371E+02   4.9417610E+01   5.9301132E+02   6.0876588E-03   1.7272094E-06   5.5803203E-03
   6.8115942E-01   5.4814994E+02   9.6732343E+01   6.4488228E+02   1.0509476E-02   3.8319839E-06   8.9327602E-03
   6.9565217E-01   5.9987487E+02   9.4717086E+01   6.9459196E+02   9.9497505E-03   8.4469904E-06   8.5919645E-03
   7.1014493E-01   5.5670450E+02   6.1856056E+01   6.1856056E+02   2.6509066E-02   3.6240296E-06   2.3857873E-02
   7.2463768E-01   4.5464201E+02   3.0309467E+01   4.8495148E+02   5.2960220E-03   4.5856653E-06   4.9647471E-03
   7.3913043E-01   5.6458812E+02   2.9715164E+01   5.9430328E+02   9.0318247E-04   1.1223196E-06   8.5807810E-04
   7.5362319E-01   4.5172764E+02   5.8287437E+01   5.1001508E+02   1.5307668E-02   7.6818747E-06   1.3557846E-02
   7.6811594E-01   5.2898599E+02   0.0000000E+00   5.2898599E+02   1.7319468E-02   0.0000000E+00   1.7319468E-02
   7.8260870E-01   5.7531859E+02   2.8064322E+01   6.0338292E+02   2.5295707E-02   2.8262751E-06   2.4119039E-02
   7.9710145E-01   6.7507450E+02   1.3777031E+01   6.8885153E+02   9.1198031E-03   8.6115623E-06   8.9374584E-03
   8.1159420E-01   6.0889555E+02   2.7062024E+01   6.3595757E+02   4.7702471E-03   2.2640052E-05   4.5679367E-03
   8.2608696E-01   5.4503867E+02   0.0000000E+00   5.4503867E+02   1.8087052E-02   0.0000000E+00   1.8087052E-02
   8.4057971E-01   4.1806162E+02   3.9193277E+01   4.5725490E+02   2.0628303E-02   3.4956387E-07   1.8860186E-02
   8.5507246E-01   5.3940578E+02   1.2842995E+01   5.5224877E+02   2.2313181E-03   9.3556577E-07   2.1794485E-03
   8.6956522E-01   5.6830251E+02   1.2628945E+01   5.8093146E+02   6.2080851E-06   7.8240161E-06   6.1433662E-06
   8.8405797E-01   4.5961078E+02   1.2421913E+01   4.7203269E+02   1.1243023E-03   0.0000000E+00   1.0947154E-03
   8.9855072E-01   6.7218577E+02   0.0000000E+00   6.7218577E+02   2.6741110E-03   0.0000000E+00   2.6741110E-03
   9.1304348E-01   5.0515779E+02   0.0000000E+00   5.0515779E+02   8.2808432E-03   0.0000000E+00   8.2808432E-03
   9.2753623E-01   5.0910433E+02   0.0000000E+00   5.0910433E+02   9.2435083E-03   0.0000000E+00   9.2435083E-03
   9.4202899E-01   7.8105166E+02   0.0000000E+00   7.8105166E+02   2.8636035E-03   0.0000000E+00   2.8636035E-03
   9.5652174E-01   4.0183006E+02   1.1480859E+01   4.1331092E+02   7.9450243E-03   6.8837764E-06   7.7243754E-03
   9.7101449E-01   3.5059459E+02   0.0000000E+00   3.5059459E+02   1.1578862E-02   0.0000000E+00   1.1578862E-02
   9.8550725E-01   2.1172054E+02   0.0000000E+00   2.1172054E+02   1.4507567E-02   0.0000000E+00   1.4507567E-02
   1.0000000E+00   0.0000000E+00   0.0000000E+00   0.0000000E+00   0.0000000E+00   0.0000000E+00   0.0000000E+00
