   0.0000000E+00   1.0729551E+06   1.1456979E+06   2.2186530E+06   5.2728219E-03   1.7690160E-06   2.5499053E-03
   1.4492754E-02   1.0138517E+06   1.1881311E+06   2.2019828E+06   3.3231594E-03   9.6622036E-07   1.5298093E-03
   2.8985507E-02   1.0399936E+06   1.1862368E+06   2.2262304E+06   1.6558682E-03   2.2928022E-06   7.7332513E-04
   4.3478261E-02   1.0398673E+06   1.2820905E+06   2.3217052E+06   2.0469457E-03   2.3460932E-06   9.1576843E-04
   5.7971014E-02   1.0831846E+06   1.3368369E+06   2.4200215E+06   2.0641773E-03   4.7345927E-06   9.2248007E-04
   7.2463768E-02   1.1112966E+06   1.3599858E+06   2.4709793E+06   8.5724603E-04   1.7958012E-06   3.9478396E-04
   8.6956522E-02   1.1075585E+06   1.3280598E+06   2.4356183E+06   2.0753859E-03   5.2167104E-07   9.4375354E-04
   1.0144928E-01   1.0427539E+06   1.2943225E+06   2.3369682E+06   4.2484823E-03   2.0892439E-06   1.8953490E-03
   1.1594203E-01   1.0044747E+06   1.2096319E+06   2.2141066E+06   1.0920875E-03   1.7808794E-06   4.9447573E-04
   1.3043478E-01   9.5205405E+05   1.1294486E+06   2.0815027E+06   2.6763339E-03   2.0927148E-05   1.2316361E-03
   1.4492754E-01   8.8382407E+05   1.0096084E+06   1.8934324E+06   1.6725377E-03   1.7511969E-06   7.8037952E-04
   1.5942029E-01   8.2662184E+05   9.3449599E+05   1.7609801E+06   1.3197359E-03   7.2882430E-06   6.1563036E-04
   1.7391304E-01   7.7131280E+05   8.3742533E+05   1.6086118E+06   2.3264281E-03   5.2134566E-06   1.1149752E-03
   1.8840580E-01   7.3150734E+05   7.5511375E+05   1.4864462E+06   3.0647195E-03   2.6741565E-06   1.5273932E-03
   2.0289855E-01   6.8688830E+05   6.8201714E+05   1.3687431E+06   1.2689092E-03   1.4433508E-06   6.2439745E-04
   2.1739130E-01   6.3715552E+05   6.0856359E+05   1.2457696E+06   2.4130765E-03   1.8416556E-05   1.2306938E-03
   2.3188406E-01   6.0221123E+05   5.6356666E+05   1.1657305E+06   1.8500155E-03   1.7610213E-05   9.5904647E-04
   2.4637681E-01   5.6424639E+05   5.0652469E+05   1.0707711E+06   3.2524431E-03   8.4264929E-06   1.7116274E-03
   2.6086957E-01   5.3197325E+05   4.6116697E+05   9.9314021E+05   3.5523002E-03   7.6423028E-06   1.8994628E-03
   2.7536232E-01   5.0860084E+05   4.0969626E+05   9.1817746E+05   3.0239042E-03   1.0048479E-05   1.6580925E-03
   2.8985507E-01   4.7923057E+05   3.7716343E+05   8.5631823E+05   2.5029924E-03   3.4139846E-06   1.4019009E-03
   3.0434783E-01   4.4843579E+05   3.2524945E+05   7.7357699E+05   3.6069847E-03   2.8093191E-06   2.0945783E-03
   3.1884058E-01   4.2564136E+05   2.9692945E+05   7.2250193E+05   3.9024094E-03   2.0937718E-05   2.2973120E-03
   3.3333333E-01   4.0739878E+05   2.7120384E+05   6.7860262E+05   4.1023172E-03   6.6799884E-06   2.4641405E-03
   3.4782609E-01   3.9395993E+05   2.4377021E+05   6.3769856E+05   1.2120685E-03   1.4646233E-06   7.4899461E-04
   3.6231884E-01   3.7420068E+05   2.1522753E+05   5.8933728E+05   1.4509525E-03   4.0951127E-06   9.1607111E-04
   3.7681159E-01   3.5494135E+05   1.8774384E+05   5.4262690E+05   3.8556131E-03   5.1863546E-05   2.5385964E-03
   3.9130435E-01   3.4196376E+05   1.6936818E+05   5.1133194E+05   3.7509966E-03   1.3948444E-06   2.5083060E-03
   4.0579710E-01   3.3026495E+05   1.5338755E+05   4.8362544E+05   2.2313266E-03   1.5185573E-05   1.5267259E-03
   4.2028986E-01   3.2180293E+05   1.3903162E+05   4.6080842E+05   2.6141596E-03   4.2729258E-06   1.8263969E-03
   4.3478261E-01   3.0261477E+05   1.2649151E+05   4.2903051E+05   2.7920597E-03   9.8352721E-06   1.9673434E-03
   4.4927536E-01   2.9942821E+05   1.1287832E+05   4.1225764E+05   1.4565418E-03   7.9667130E-06   1.0625771E-03
   4.6376812E-01   2.8476692E+05   1.0037643E+05   3.8514335E+05   1.3273706E-03   2.5271155E-06   9.8199037E-04
   4.7826087E-01   2.8360018E+05   9.1295790E+04   3.7487300E+05   2.1009583E-03   2.8126999E-05   1.5844225E-03
   4.9275362E-01   2.6846165E+05   8.2816162E+04   3.5125553E+05   2.3630448E-03   5.0213151E-06   1.8069001E-03
   5.0724638E-01   2.5957894E+05   7.1681890E+04   3.3123918E+05   3.1141269E-03   2.5105499E-05   2.4433435E-03
   5.2173913E-01   2.6068247E+05   6.5102210E+04   3.2576363E+05   2.1591449E-03   3.4251814E-05   1.7305362E-03
   5.3623188E-01   2.5359604E+05   5.9267296E+04   3.1286333E+05   1.9471442E-03   1.0071491E-06   1.5784275E-03
   5.5072464E-01   2.4468913E+05   5.3520138E+04   2.9820927E+05   3.8070131E-03   4.8807864E-06   3.1237905E-03
   5.6521739E-01   2.3781274E+05   4.7290541E+04   2.8510328E+05   8.7381204E-04   1.5705821E-06   7.2910787E-04
   5.7971014E-01   2.3347762E+05   4.5691522E+04   2.7916914E+05   1.3272660E-03   4.1587402E-07   1.1099993E-03
   5.9420290E-01   2.2591642E+05   3.9790417E+04   2.6568836E+05   1.3887299E-03   1.2903689E-06   1.1809636E-03
   6.0869565E-01   2.1692919E+05   3.6371361E+04   2.5330055E+05   6.2585692E-04   4.3641794E-06   5.3609210E-04
   6.2318841E-01   2.1540868E+05   3.2142133E+04   2.4755081E+05   2.3969280E-03   2.4613319E-06   2.0860289E-03
   6.3768116E-01   2.0376228E+05   2.9827271E+04   2.3358955E+05   1.3477943E-03   3.7765229E-07   1.1756727E-03
   6.5217391E-01   1.9574864E+05   2.6133496E+04   2.2186530E+05   8.3300189E-04   6.2667408E-07   7.3492371E-04
   6.6666667E-01   1.8800106E+05   2.2847408E+04   2.1084847E+05   1.2116224E-03   4.6380300E-06   1.0798850E-03
   6.8115942E-01   1.8113131E+05   2.2006608E+04   2.0313792E+05   1.4880730E-03   2.8912757E-07   1.3268630E-03
   6.9565217E-01   1.7233774E+05   2.0080022E+04   1.9241776E+05   6.6983739E-04   4.2658210E-05   5.9566105E-04
   7.1014493E-01   1.6619176E+05   1.7103199E+04   1.8329496E+05   3.9157652E-04   8.6009003E-06   3.5434590E-04
   7.2463768E-01   1.5585128E+05   1.7306706E+04   1.7315799E+05   1.8350545E-03   1.1389476E-05   1.6513709E-03
   7.3913043E-01   1.4890269E+05   1.5229022E+04   1.6411685E+05   1.5883564E-03   1.9856967E-06   1.4412225E-03
   7.5362319E-01   1.4018129E+05   1.3362395E+04   1.5354368E+05   1.4067848E-03   2.4401581E-05   1.2864785E-03
   7.6811594E-01   1.3380486E+05   1.2223865E+04   1.4601443E+05   2.3225820E-04   2.7819006E-06   2.1297221E-04
   7.8260870E-01   1.2346898E+05   1.1323954E+04   1.3479294E+05   1.4254474E-03   7.9028114E-06   1.3055184E-03
   7.9710145E-01   1.1461112E+05   9.6025903E+03   1.2421371E+05   4.0456710E-04   1.6739638E-05   3.7339925E-04
   8.1159420E-01   1.0985829E+05   9.4175845E+03   1.1927587E+05   9.6357851E-04   9.4335548E-07   8.8754293E-04
   8.2608696E-01   9.9502791E+04   7.6571286E+03   1.0715992E+05   7.4021577E-04   1.8829683E-06   6.8719327E-04
   8.4057971E-01   9.3136290E+04   6.7804369E+03   9.9916727E+04   1.1620378E-04   3.6524202E-06   1.0809286E-04
   8.5507246E-01   8.3081332E+04   6.3059104E+03   8.9387243E+04   1.6429061E-03   1.4997100E-05   1.5260123E-03
   8.6956522E-01   7.5811555E+04   5.9987487E+03   8.1810304E+04   4.0975117E-04   1.9497992E-06   3.7962284E-04
   8.8405797E-01   6.4916917E+04   4.7327488E+03   6.9649665E+04   8.8444525E-04   7.0136724E-07   8.2432727E-04
   8.9855072E-01   5.9567881E+04   4.4364261E+03   6.4004307E+04   1.7508393E-03   4.6863840E-06   1.6295617E-03
   9.1304348E-01   5.1177295E+04   3.3677186E+03   5.4545014E+04   2.8604329E-04   2.6857166E-06   2.6821854E-04
   9.2753623E-01   4.2599009E+04   2.9480693E+03   4.5547078E+04   4.6160243E-04   2.0711328E-06   4.3183223E-04
   9.4202899E-01   3.4832572E+04   2.5180173E+03   3.7350590E+04   1.2557834E-03   2.0115251E-06   1.1710492E-03
   9.5652174E-01   2.8816956E+04   2.2502483E+03   3.1067204E+04   2.0551680E-03   5.1246892E-07   1.9063151E-03
   9.7101449E-01   2.0040439E+04   1.4136878E+03   2.1454127E+04   1.7372060E-03   1.2882022E-05   1.6226874E-03
   9.8550725E-01   1.0552598E+04   9.3602767E+02   1.1488625E+04   2.3553164E-03   3.3819400E-06   2.1636034E-03
   1.0000000E+00   8.0971140E+02   4.3768184E+01   8.5347959E+02   4.6407560E-03   1.5928938E-06   4.4028414E-03
