   0.0000000E+00   3.2128035E+05   1.6367112E+05   4.8495148E+05   0.0000000E+00   0.0000000E+00   0.0000000E+00
   1.4492754E-02   3.0006373E+05   1.5685149E+05   4.5691522E+05   0.0000000E+00   0.0000000E+00   0.0000000E+00
   2.8985507E-02   2.9059202E+05   1.4283336E+05   4.3342538E+05   0.0000000E+00   0.0000000E+00   0.0000000E+00
   4.3478261E-02   2.7960484E+05   1.4169676E+05   4.2130160E+05   0.0000000E+00   0.0000000E+00   0.0000000E+00
   5.7971014E-02   2.8490899E+05   1.3639260E+05   4.2130160E+05   0.0000000E+00   0.0000000E+00   0.0000000E+00
   7.2463768E-02   2.9869980E+05   1.4548544E+05   4.4418524E+05   0.0000000E+00   0.0000000E+00   0.0000000E+00
   8.6956522E-02   3.1180865E+05   1.4068644E+05   4.5249509E+05   0.0000000E+00   0.0000000E+00   0.0000000E+00
   1.0144928E-01   3.0547613E+05   1.4949062E+05   4.5496675E+05   0.0000000E+00   0.0000000E+00   0.0000000E+00
   1.1594203E-01   3.0783053E+05   1.5495715E+05   4.6278768E+05   0.0000000E+00   0.0000000E+00   0.0000000E+00
   1.3043478E-01   3.1496588E+05   1.5744084E+05   4.7240673E+05   0.0000000E+00   0.0000000E+00   0.0000000E+00
   1.4492754E-01   3.1673393E+05   1.5904893E+05   4.7578286E+05   0.0000000E+00   0.0000000E+00   0.0000000E+00
   1.5942029E-01   3.1962711E+05   1.5988244E+05   4.7950955E+05   0.0000000E+00   0.0000000E+00   0.0000000E+00
   1.7391304E-01   3.2355356E+05   1.6240823E+05   4.8596179E+05   0.0000000E+00   0.0000000E+00   0.0000000E+00
   1.8840580E-01   3.2291240E+05   1.6361284E+05   4.8652524E+05   0.0000000E+00   0.0000000E+00   0.0000000E+00
   2.0289855E-01   3.2490667E+05   1.6507835E+05   4.8998501E+05   0.0000000E+00   0.0000000E+00   0.0000000E+00
   2.1739130E-01   3.3431343E+05   1.6276184E+05   4.9707526E+05   0.0000000E+00   0.0000000E+00   0.0000000E+00
   2.3188406E-01   3.3757169E+05   1.6793339E+05   5.0550509E+05   0.0000000E+00   0.0000000E+00   0.0000000E+00
   2.4637681E-01   3.4236326E+05   1.7320969E+05   5.1557295E+05   0.0000000E+00   0.0000000E+00   0.0000000E+00
   2.6086957E-01   3.4876936E+05   1.6918576E+05   5.1795512E+05   0.0000000E+00   0.0000000E+00   0.0000000E+00
   2.7536232E-01   3.4325472E+05   1.7013183E+05   5.1338654E+05   0.0000000E+00   0.0000000E+00   0.0000000E+00
   2.8985507E-01   3.4109517E+05   1.7636321E+05   5.1745838E+05   0.0000000E+00   0.0000000E+00   0.0000000E+00
   3.0434783E-01   3.5166199E+05   1.7933102E+05   5.3095692E+05   0.0000000E+00   0.0000000E+00   0.0000000E+00
   3.1884058E-01   3.5431078E+05   1.7886030E+05   5.3310220E+05   0.0000000E+00   0.0000000E+00   0.0000000E+00
   3.3333333E-01   3.5633391E+05   1.7790340E+05   5.3423731E+05   0.0000000E+00   0.0000000E+00   0.0000000E+00
   3.4782609E-01   3.6169298E+05   1.7898372E+05   5.4064512E+05   0.0000000E+00   0.0000000E+00   0.0000000E+00
   3.6231884E-01   3.5222632E+05   1.8097783E+05   5.3308291E+05   0.0000000E+00   0.0000000E+00   0.0000000E+00
   3.7681159E-01   3.5258071E+05   1.7879671E+05   5.3131913E+05   0.0000000E+00   0.0000000E+00   0.0000000E+00
   3.9130435E-01   3.5897074E+05   1.8079036E+05   5.3976110E+05   0.0000000E+00   0.0000000E+00   0.0000000E+00
   4.0579710E-01   3.6495846E+05   1.8177562E+05   5.4670702E+05   0.0000000E+00   0.0000000E+00   0.0000000E+00
   4.2028986E-01   3.6225039E+05   1.8193519E+05   5.4410720E+05   0.0000000E+00   0.0000000E+00   0.0000000E+00
   4.3478261E-01   3.6106153E+05   1.8584755E+05   5.4685856E+05   0.0000000E+00   0.0000000E+00   0.0000000E+00
   4.4927536E-01   3.6239368E+05   1.8083019E+05   5.4312610E+05   0.0000000E+00   0.0000000E+00   0.0000000E+00
   4.6376812E-01   3.5682294E+05   1.7922841E+05   5.3600399E+05   0.0000000E+00   0.0000000E+00   0.0000000E+00
   4.7826087E-01   3.4966104E+05   1.8093834E+05   5.3057641E+05   0.0000000E+00   0.0000000E+00   0.0000000E+00
   4.9275362E-01   3.5286014E+05   1.7715438E+05   5.3001452E+05   0.0000000E+00   0.0000000E+00   0.0000000E+00
   5.0724638E-01   3.4816918E+05   1.7129179E+05   5.1946097E+05   0.0000000E+00   0.0000000E+00   0.0000000E+00
   5.2173913E-01   3.4157086E+05   1.7065914E+05   5.1220895E+05   0.0000000E+00   0.0000000E+00   0.0000000E+00
   5.3623188E-01   3.3774577E+05   1.6694782E+05   5.0459119E+05   0.0000000E+00   0.0000000E+00   0.0000000E+00
   5.5072464E-01   3.3216783E+05   1.6714076E+05   4.9922883E+05   0.0000000E+00   0.0000000E+00   0.0000000E+00
   5.6521739E-01   3.1809397E+05   1.6013502E+05   4.7815128E+05   0.0000000E+00   0.0000000E+00   0.0000000E+00
   5.7971014E-01   3.1427129E+05   1.5865112E+05   4.7292241E+05   0.0000000E+00   0.0000000E+00   0.0000000E+00
   5.9420290E-01   3.0799224E+05   1.5084504E+05   4.5881880E+05   0.0000000E+00   0.0000000E+00   0.0000000E+00
   6.0869565E-01   2.9759206E+05   1.4741587E+05   4.4500793E+05   0.0000000E+00   0.0000000E+00   0.0000000E+00
   6.2318841E-01   2.8788707E+05   1.4217255E+05   4.3004200E+05   0.0000000E+00   0.0000000E+00   0.0000000E+00
   6.3768116E-01   2.7407680E+05   1.3926856E+05   4.1331092E+05   0.0000000E+00   0.0000000E+00   0.0000000E+00
   6.5217391E-01   2.6441643E+05   1.3098741E+05   3.9537016E+05   0.0000000E+00   0.0000000E+00   0.0000000E+00
   6.6666667E-01   2.5342998E+05   1.2494419E+05   3.7832475E+05   0.0000000E+00   0.0000000E+00   0.0000000E+00
   6.8115942E-01   2.4039599E+05   1.1777163E+05   3.5813538E+05   0.0000000E+00   0.0000000E+00   0.0000000E+00
   6.9565217E-01   2.2976786E+05   1.1681774E+05   3.4658560E+05   0.0000000E+00   0.0000000E+00   0.0000000E+00
   7.1014493E-01   2.1941889E+05   1.1160379E+05   3.3100722E+05   0.0000000E+00   0.0000000E+00   0.0000000E+00
   7.2463768E-01   2.1349989E+05   1.0244600E+05   3.1594589E+05   0.0000000E+00   0.0000000E+00   0.0000000E+00
   7.3913043E-01   1.9855673E+05   9.9233790E+04   2.9773109E+05   0.0000000E+00   0.0000000E+00   0.0000000E+00
   7.5362319E-01   1.8771469E+05   9.4702514E+04   2.8237349E+05   0.0000000E+00   0.0000000E+00   0.0000000E+00
   7.6811594E-01   1.7413647E+05   8.7854565E+04   2.6197674E+05   0.0000000E+00   0.0000000E+00   0.0000000E+00
   7.8260870E-01   1.6228194E+05   8.0544603E+04   2.4281251E+05   0.0000000E+00   0.0000000E+00   0.0000000E+00
   7.9710145E-01   1.4975632E+05   7.5387912E+04   2.2513046E+05   0.0000000E+00   0.0000000E+00   0.0000000E+00
   8.1159420E-01   1.4073606E+05   6.9238190E+04   2.0996072E+05   0.0000000E+00   0.0000000E+00   0.0000000E+00
   8.2608696E-01   1.3025095E+05   6.4886189E+04   1.9511055E+05   0.0000000E+00   0.0000000E+00   0.0000000E+00
   8.4057971E-01   1.1883402E+05   5.8868302E+04   1.7770232E+05   0.0000000E+00   0.0000000E+00   0.0000000E+00
   8.5507246E-01   1.0907555E+05   5.5224877E+04   1.6427474E+05   0.0000000E+00   0.0000000E+00   0.0000000E+00
   8.6956522E-01   9.8796235E+04   4.9619124E+04   1.4841536E+05   0.0000000E+00   0.0000000E+00   0.0000000E+00
   8.8405797E-01   8.7860190E+04   4.4830683E+04   1.3269087E+05   0.0000000E+00   0.0000000E+00   0.0000000E+00
   8.9855072E-01   7.9220148E+04   3.8779008E+04   1.1799916E+05   0.0000000E+00   0.0000000E+00   0.0000000E+00
   9.1304348E-01   7.0216933E+04   3.4001930E+04   1.0421886E+05   0.0000000E+00   0.0000000E+00   0.0000000E+00
   9.2753623E-01   5.8629876E+04   2.9977958E+04   8.8607833E+04   0.0000000E+00   0.0000000E+00   0.0000000E+00
   9.4202899E-01   4.8903160E+04   2.4585641E+04   7.3488801E+04   0.0000000E+00   0.0000000E+00   0.0000000E+00
   9.5652174E-01   3.8851226E+04   1.8908975E+04   5.7760201E+04   0.0000000E+00   0.0000000E+00   0.0000000E+00
   9.7101449E-01   2.7176735E+04   1.3413070E+04   4.0589805E+04   0.0000000E+00   0.0000000E+00   0.0000000E+00
   9.8550725E-01   8.9034060E+03   4.4349882E+03   1.3338394E+04   0.0000000E+00   0.0000000E+00   0.0000000E+00
   1.0000000E+00   0.0000000E+00   0.0000000E+00   0.0000000E+00   0.0000000E+00   0.0000000E+00   0.0000000E+00
