   0.0000000E+00   1.5215353E+06   9.7596485E+05   2.4975001E+06   2.7498067E-03   2.3212719E-03   1.0688164E-03
   1.4492754E-02   1.5192621E+06   9.3883575E+05   2.4580978E+06   2.6547329E-03   4.7301244E-04   1.8213133E-03
   2.8985507E-02   1.5366900E+06   9.4603425E+05   2.4827242E+06   2.2770527E-03   4.0696539E-04   1.4657504E-03
   4.3478261E-02   1.5432570E+06   1.0317848E+06   2.5750418E+06   2.3442300E-03   2.1045995E-04   1.4647264E-03
   5.7971014E-02   1.6384161E+06   1.0568532E+06   2.6952694E+06   5.1164041E-04   2.8509877E-04   3.1025398E-04
   7.2463768E-02   1.6505020E+06   1.0893223E+06   2.7398243E+06   6.0506810E-04   2.8468826E-04   2.5452751E-04
   8.6956522E-02   1.6180204E+06   1.0465607E+06   2.6643285E+06   1.4789364E-03   4.5748449E-04   9.2748899E-04
   1.0144928E-01   1.5680819E+06   1.0099548E+06   2.5779284E+06   5.3652766E-04   1.1189211E-04   2.9816860E-04
   1.1594203E-01   1.4835537E+06   9.5048595E+05   2.4339449E+06   5.5101298E-04   2.6362469E-04   3.1407715E-04
   1.3043478E-01   1.4178937E+06   8.9530799E+05   2.3128649E+06   1.6684870E-03   2.8115533E-04   1.0886148E-03
   1.4492754E-01   1.3214928E+06   8.3100982E+05   2.1521995E+06   2.1812818E-03   2.9635180E-04   1.4431263E-03
   1.5942029E-01   1.2391061E+06   7.5408577E+05   1.9930541E+06   3.4771183E-03   5.0817972E-04   2.2412180E-03
   1.7391304E-01   1.1585162E+06   6.9692832E+05   1.8552551E+06   3.0971167E-03   1.1224717E-04   1.9143663E-03
   1.8840580E-01   1.0487076E+06   6.4570823E+05   1.6944158E+06   3.4154555E-03   2.7137189E-05   2.1220551E-03
   2.0289855E-01   9.8494944E+05   5.8448560E+05   1.5693809E+06   5.7091559E-03   4.0185662E-04   3.5244185E-03
   2.1739130E-01   9.2090265E+05   5.3385075E+05   1.4546019E+06   5.8304372E-03   2.9790192E-04   3.7803028E-03
   2.3188406E-01   8.4516055E+05   4.9139224E+05   1.3364581E+06   3.5424711E-03   4.1552809E-04   2.3639367E-03
   2.4637681E-01   7.8568380E+05   4.4911499E+05   1.2346205E+06   7.9276348E-03   2.8013970E-04   5.1520421E-03
   2.6086957E-01   7.2687996E+05   4.1128263E+05   1.1381205E+06   6.9487444E-03   5.8695106E-04   4.6262331E-03
   2.7536232E-01   6.7681838E+05   3.7428204E+05   1.0509808E+06   9.8155014E-03   3.6559813E-04   6.4379012E-03
   2.8985507E-01   6.3433927E+05   3.4340627E+05   9.7763187E+05   9.7906830E-03   1.4047392E-04   6.4012525E-03
   3.0434783E-01   5.9135936E+05   3.2279583E+05   9.1397477E+05   1.1102828E-02   5.8860363E-04   7.3803129E-03
   3.1884058E-01   5.5053014E+05   2.8893877E+05   8.3943448E+05   7.2294759E-03   5.3556193E-04   4.6354300E-03
   3.3333333E-01   5.0893549E+05   2.6711865E+05   7.7602120E+05   1.0568162E-02   7.4841805E-04   7.1812070E-03
   3.4782609E-01   4.7383801E+05   2.4645386E+05   7.2026029E+05   1.0287049E-02   5.6557096E-04   6.8530384E-03
   3.6231884E-01   4.3997223E+05   2.2910926E+05   6.6908149E+05   1.3254938E-02   5.0727391E-04   8.8886265E-03
   3.7681159E-01   4.1337450E+05   2.0960162E+05   6.2297613E+05   9.2670904E-03   6.1569337E-04   6.3508185E-03
   3.9130435E-01   3.8846634E+05   1.8331615E+05   5.7167023E+05   1.2685240E-02   4.4287620E-04   8.7649462E-03
   4.0579710E-01   3.5957312E+05   1.7471243E+05   5.3428555E+05   1.2655855E-02   4.2284448E-04   8.6535710E-03
   4.2028986E-01   3.3350866E+05   1.5941212E+05   4.9292078E+05   9.7424948E-03   6.2607730E-04   6.7862147E-03
   4.3478261E-01   3.0776738E+05   1.4849113E+05   4.5625852E+05   1.1570527E-02   5.3153703E-04   7.8340847E-03
   4.4927536E-01   2.8859990E+05   1.3367942E+05   4.2220599E+05   1.3328976E-02   1.9401930E-04   9.1790557E-03
   4.6376812E-01   2.7562672E+05   1.2355844E+05   3.9918516E+05   1.4213247E-02   6.7040254E-04   9.8854041E-03
   4.7826087E-01   2.5007607E+05   1.1483155E+05   3.6490762E+05   1.3545109E-02   6.6719778E-04   9.4851064E-03
   4.9275362E-01   2.4129456E+05   1.0552598E+05   3.4679825E+05   1.2652264E-02   1.8367958E-04   8.7473097E-03
   5.0724638E-01   2.2273129E+05   9.6340807E+04   3.1907209E+05   1.3723285E-02   6.3260334E-04   9.5252898E-03
   5.2173913E-01   2.1206103E+05   8.9497122E+04   3.0153710E+05   1.3308656E-02   4.1419009E-04   9.4085791E-03
   5.3623188E-01   1.9674531E+05   8.2736654E+04   2.7942052E+05   1.7159049E-02   4.2140248E-04   1.2176532E-02
   5.5072464E-01   1.8325263E+05   7.9841518E+04   2.6307421E+05   1.7852811E-02   3.0855463E-04   1.2436869E-02
   5.6521739E-01   1.7223938E+05   6.9750633E+04   2.4199001E+05   1.6695275E-02   6.0449976E-04   1.1722503E-02
   5.7971014E-01   1.6374690E+05   6.5752601E+04   2.2949950E+05   1.9756438E-02   4.3246002E-04   1.4159121E-02
   5.9420290E-01   1.5426410E+05   6.1543004E+04   2.1580710E+05   1.7739502E-02   1.3101510E-04   1.2717293E-02
   6.0869565E-01   1.4407822E+05   5.6234887E+04   2.0031310E+05   1.6170561E-02   7.4024640E-05   1.1650860E-02
   6.2318841E-01   1.3707985E+05   5.2354318E+04   1.8943417E+05   1.5328720E-02   4.2814843E-04   1.1181328E-02
   6.3768116E-01   1.2755808E+05   4.8116279E+04   1.7567436E+05   2.0884208E-02   8.8552231E-04   1.5389322E-02
   6.5217391E-01   1.2095161E+05   4.3089959E+04   1.6404157E+05   1.7495834E-02   8.3463540E-05   1.2893122E-02
   6.6666667E-01   1.0998713E+05   4.1131924E+04   1.5111905E+05   2.0418773E-02   6.8810336E-04   1.4924898E-02
   6.8115942E-01   1.0547050E+05   3.6774412E+04   1.4224491E+05   2.0697639E-02   2.7604652E-04   1.5416909E-02
   6.9565217E-01   1.0273647E+05   3.4887460E+04   1.3762393E+05   2.1897605E-02   1.8050926E-04   1.6392036E-02
   7.1014493E-01   9.3665533E+04   3.1531124E+04   1.2518119E+05   2.0274423E-02   8.4139146E-04   1.5375238E-02
   7.2463768E-01   8.9564476E+04   2.8096876E+04   1.1766135E+05   2.1083799E-02   7.7888158E-04   1.6222825E-02
   7.3913043E-01   8.3143029E+04   2.8571130E+04   1.1171416E+05   2.2711352E-02   4.6855076E-04   1.6819218E-02
   7.5362319E-01   7.9314630E+04   2.5471610E+04   1.0478624E+05   2.4404816E-02   1.3274959E-03   1.8421141E-02
   7.6811594E-01   7.3600537E+04   2.2589131E+04   9.6189668E+04   2.4622798E-02   5.1895847E-04   1.8956218E-02
   7.8260870E-01   7.0694026E+04   2.0725502E+04   9.1419528E+04   2.4788206E-02   5.5982896E-04   1.9292530E-02
   7.9710145E-01   6.3181462E+04   1.8130572E+04   8.1312035E+04   2.4450031E-02   3.9576782E-04   1.9020334E-02
   8.1159420E-01   6.0483625E+04   1.7860936E+04   7.8331030E+04   2.3632987E-02   1.0760422E-03   1.8429803E-02
   8.2608696E-01   5.7800686E+04   1.6258105E+04   7.4058791E+04   2.2636955E-02   7.0271084E-04   1.7767989E-02
   8.4057971E-01   5.2296896E+04   1.4710543E+04   6.7007439E+04   2.7064366E-02   1.4641860E-03   2.1403382E-02
   8.5507246E-01   4.8996025E+04   1.3998864E+04   6.2994889E+04   2.9517843E-02   5.0765794E-04   2.2976063E-02
   8.6956522E-01   4.4264451E+04   1.1542855E+04   5.5807307E+04   2.9154537E-02   1.1811706E-03   2.3365883E-02
   8.8405797E-01   4.0060669E+04   1.1341206E+04   5.1401875E+04   2.7512010E-02   3.1909040E-04   2.1509572E-02
   8.9855072E-01   3.7495744E+04   9.8872416E+03   4.7382986E+04   3.3332757E-02   1.3750138E-03   2.6641963E-02
   9.1304348E-01   3.2690926E+04   8.4674068E+03   4.1158332E+04   2.8697716E-02   1.0434458E-03   2.2983780E-02
   9.2753623E-01   2.8770315E+04   7.0564229E+03   3.5826738E+04   2.8724369E-02   7.7391313E-04   2.2921937E-02
   9.4202899E-01   2.5261775E+04   5.8986886E+03   3.1160464E+04   3.4732564E-02   1.4084375E-03   2.7936664E-02
   9.5652174E-01   1.9850405E+04   5.4648888E+03   2.5315294E+04   3.5544725E-02   5.1840412E-04   2.7969532E-02
   9.7101449E-01   1.4860687E+04   4.0148735E+03   1.8875560E+04   4.4211845E-02   4.0230718E-04   3.4724302E-02
   9.8550725E-01   9.2711312E+03   2.1394918E+03   1.1410623E+04   3.7407423E-02   2.3585887E-06   3.0393174E-02
   1.0000000E+00   8.7536368E+02   8.7536368E+01   9.6290005E+02   1.3096255E-01   1.1035474E-04   1.1904735E-01
