   0.0000000E+00   2.5459953E+05   1.8791870E+05   4.4251822E+05   0.0000000E+00   0.0000000E+00   0.0000000E+00
   1.4492754E-02   2.7657389E+05   1.2654203E+05   4.0311592E+05   0.0000000E+00   0.0000000E+00   0.0000000E+00
   2.8985507E-02   2.9134976E+05   1.5685149E+05   4.4820125E+05   0.0000000E+00   0.0000000E+00   0.0000000E+00
   4.3478261E-02   2.7909968E+05   1.4321223E+05   4.2231191E+05   0.0000000E+00   0.0000000E+00   0.0000000E+00
   5.7971014E-02   3.0006373E+05   1.4018129E+05   4.4024501E+05   0.0000000E+00   0.0000000E+00   0.0000000E+00
   7.2463768E-02   2.9869980E+05   1.4654627E+05   4.4509453E+05   0.0000000E+00   0.0000000E+00   0.0000000E+00
   8.6956522E-02   3.0498902E+05   1.5520973E+05   4.6019875E+05   0.0000000E+00   0.0000000E+00   0.0000000E+00
   1.0144928E-01   3.0092971E+05   1.5230507E+05   4.5323479E+05   0.0000000E+00   0.0000000E+00   0.0000000E+00
   1.1594203E-01   3.0186335E+05   1.4567488E+05   4.4753823E+05   0.0000000E+00   0.0000000E+00   0.0000000E+00
   1.3043478E-01   3.1100881E+05   1.5811439E+05   4.6912320E+05   0.0000000E+00   0.0000000E+00   0.0000000E+00
   1.4492754E-01   3.1461227E+05   1.6427731E+05   4.7888958E+05   0.0000000E+00   0.0000000E+00   0.0000000E+00
   1.5942029E-01   3.1611397E+05   1.5919359E+05   4.7530756E+05   0.0000000E+00   0.0000000E+00   0.0000000E+00
   1.7391304E-01   3.1704966E+05   1.6386056E+05   4.8091022E+05   0.0000000E+00   0.0000000E+00   0.0000000E+00
   1.8840580E-01   3.2629307E+05   1.6203908E+05   4.8833215E+05   0.0000000E+00   0.0000000E+00   0.0000000E+00
   2.0289855E-01   3.2447367E+05   1.7022013E+05   4.9469381E+05   0.0000000E+00   0.0000000E+00   0.0000000E+00
   2.1739130E-01   3.3532374E+05   1.6604537E+05   5.0136911E+05   0.0000000E+00   0.0000000E+00   0.0000000E+00
   2.3188406E-01   3.3804528E+05   1.6807547E+05   5.0612075E+05   0.0000000E+00   0.0000000E+00   0.0000000E+00
   2.4637681E-01   3.3799513E+05   1.7053533E+05   5.0848589E+05   0.0000000E+00   0.0000000E+00   0.0000000E+00
   2.6086957E-01   3.4203392E+05   1.7204832E+05   5.1408224E+05   0.0000000E+00   0.0000000E+00   0.0000000E+00
   2.7536232E-01   3.4640531E+05   1.6941397E+05   5.1573952E+05   0.0000000E+00   0.0000000E+00   0.0000000E+00
   2.8985507E-01   3.4545215E+05   1.7230932E+05   5.1776148E+05   0.0000000E+00   0.0000000E+00   0.0000000E+00
   3.0434783E-01   3.5353829E+05   1.7453202E+05   5.2803422E+05   0.0000000E+00   0.0000000E+00   0.0000000E+00
   3.1884058E-01   3.5045322E+05   1.7786147E+05   5.2828024E+05   0.0000000E+00   0.0000000E+00   0.0000000E+00
   3.3333333E-01   3.5294057E+05   1.7325814E+05   5.2616576E+05   0.0000000E+00   0.0000000E+00   0.0000000E+00
   3.4782609E-01   3.5979864E+05   1.7901529E+05   5.3881393E+05   0.0000000E+00   0.0000000E+00   0.0000000E+00
   3.6231884E-01   3.6119792E+05   1.8209928E+05   5.4329720E+05   0.0000000E+00   0.0000000E+00   0.0000000E+00
   3.7681159E-01   3.6292673E+05   1.7990418E+05   5.4280176E+05   0.0000000E+00   0.0000000E+00   0.0000000E+00
   3.9130435E-01   3.6079492E+05   1.8424227E+05   5.4503719E+05   0.0000000E+00   0.0000000E+00   0.0000000E+00
   4.0579710E-01   3.5610918E+05   1.8334522E+05   5.3937321E+05   0.0000000E+00   0.0000000E+00   0.0000000E+00
   4.2028986E-01   3.6055202E+05   1.8167390E+05   5.4219979E+05   0.0000000E+00   0.0000000E+00   0.0000000E+00
   4.3478261E-01   3.6323371E+05   1.8668106E+05   5.4988951E+05   0.0000000E+00   0.0000000E+00   0.0000000E+00
   4.4927536E-01   3.5550072E+05   1.7655265E+05   5.3200448E+05   0.0000000E+00   0.0000000E+00   0.0000000E+00
   4.6376812E-01   3.5589945E+05   1.7809180E+05   5.3394389E+05   0.0000000E+00   0.0000000E+00   0.0000000E+00
   4.7826087E-01   3.5829464E+05   1.7981321E+05   5.3803897E+05   0.0000000E+00   0.0000000E+00   0.0000000E+00
   4.9275362E-01   3.5261499E+05   1.7617378E+05   5.2874420E+05   0.0000000E+00   0.0000000E+00   0.0000000E+00
   5.0724638E-01   3.4667536E+05   1.7278561E+05   5.1943932E+05   0.0000000E+00   0.0000000E+00   0.0000000E+00
   5.2173913E-01   3.4300214E+05   1.7175365E+05   5.1473474E+05   0.0000000E+00   0.0000000E+00   0.0000000E+00
   5.3623188E-01   3.3987562E+05   1.6940535E+05   5.0919905E+05   0.0000000E+00   0.0000000E+00   0.0000000E+00
   5.5072464E-01   3.2943599E+05   1.6576487E+05   4.9514104E+05   0.0000000E+00   0.0000000E+00   0.0000000E+00
   5.6521739E-01   3.2112492E+05   1.5891098E+05   4.7997762E+05   0.0000000E+00   0.0000000E+00   0.0000000E+00
   5.7971014E-01   3.1554050E+05   1.5575278E+05   4.7123644E+05   0.0000000E+00   0.0000000E+00   0.0000000E+00
   5.9420290E-01   3.0690184E+05   1.5341396E+05   4.6024187E+05   0.0000000E+00   0.0000000E+00   0.0000000E+00
   6.0869565E-01   3.0022610E+05   1.4903959E+05   4.4919352E+05   0.0000000E+00   0.0000000E+00   0.0000000E+00
   6.2318841E-01   2.8841573E+05   1.4245450E+05   4.3083498E+05   0.0000000E+00   0.0000000E+00   0.0000000E+00
   6.3768116E-01   2.7120085E+05   1.3826972E+05   4.0943613E+05   0.0000000E+00   0.0000000E+00   0.0000000E+00
   6.5217391E-01   2.6136864E+05   1.2782176E+05   3.8913988E+05   0.0000000E+00   0.0000000E+00   0.0000000E+00
   6.6666667E-01   2.5011900E+05   1.2609727E+05   3.7619979E+05   0.0000000E+00   0.0000000E+00   0.0000000E+00
   6.8115942E-01   2.4150842E+05   1.1711062E+05   3.5855455E+05   0.0000000E+00   0.0000000E+00   0.0000000E+00
   6.9565217E-01   2.3221472E+05   1.1478132E+05   3.4698026E+05   0.0000000E+00   0.0000000E+00   0.0000000E+00
   7.1014493E-01   2.2385707E+05   1.0914501E+05   3.3303300E+05   0.0000000E+00   0.0000000E+00   0.0000000E+00
   7.2463768E-01   2.0951419E+05   1.0374931E+05   3.1326350E+05   0.0000000E+00   0.0000000E+00   0.0000000E+00
   7.3913043E-01   1.9776927E+05   9.9322936E+04   2.9707735E+05   0.0000000E+00   0.0000000E+00   0.0000000E+00
   7.5362319E-01   1.8421745E+05   9.4454792E+04   2.7865767E+05   0.0000000E+00   0.0000000E+00   0.0000000E+00
   7.6811594E-01   1.7383623E+05   8.4852212E+04   2.5864555E+05   0.0000000E+00   0.0000000E+00   0.0000000E+00
   7.8260870E-01   1.6417628E+05   8.0755085E+04   2.4491733E+05   0.0000000E+00   0.0000000E+00   0.0000000E+00
   7.9710145E-01   1.5318680E+05   7.7619791E+04   2.3077904E+05   0.0000000E+00   0.0000000E+00   0.0000000E+00
   8.1159420E-01   1.3880112E+05   7.0347733E+04   2.0914886E+05   0.0000000E+00   0.0000000E+00   0.0000000E+00
   8.2608696E-01   1.2982555E+05   6.5936385E+04   1.9576194E+05   0.0000000E+00   0.0000000E+00   0.0000000E+00
   8.4057971E-01   1.2198254E+05   5.9482330E+04   1.8146487E+05   0.0000000E+00   0.0000000E+00   0.0000000E+00
   8.5507246E-01   1.0870311E+05   5.4852430E+04   1.6355554E+05   0.0000000E+00   0.0000000E+00   0.0000000E+00
   8.6956522E-01   1.0022331E+05   4.9454948E+04   1.4967825E+05   0.0000000E+00   0.0000000E+00   0.0000000E+00
   8.8405797E-01   8.9512304E+04   4.3712711E+04   1.3322502E+05   0.0000000E+00   0.0000000E+00   0.0000000E+00
   8.9855072E-01   7.9134597E+04   3.9292314E+04   1.1841469E+05   0.0000000E+00   0.0000000E+00   0.0000000E+00
   9.1304348E-01   6.9435141E+04   3.5180632E+04   1.0461577E+05   0.0000000E+00   0.0000000E+00   0.0000000E+00
   9.2753623E-01   5.9932236E+04   2.9385976E+04   8.9318212E+04   0.0000000E+00   0.0000000E+00   0.0000000E+00
   9.4202899E-01   4.9112995E+04   2.4270889E+04   7.3383883E+04   0.0000000E+00   0.0000000E+00   0.0000000E+00
   9.5652174E-01   3.8575686E+04   1.9494498E+04   5.8070184E+04   0.0000000E+00   0.0000000E+00   0.0000000E+00
   9.7101449E-01   2.6543403E+04   1.3107714E+04   3.9651117E+04   0.0000000E+00   0.0000000E+00   0.0000000E+00
   9.8550725E-01   8.8254037E+03   4.6801383E+03   1.3505542E+04   0.0000000E+00   0.0000000E+00   0.0000000E+00
   1.0000000E+00   0.0000000E+00   0.0000000E+00   0.0000000E+00   0.0000000E+00   0.0000000E+00   0.0000000E+00
