   0.0000000E+00   4.9889383E+06   2.7217902E+06   7.7107285E+06   9.8718126E-03   4.3288495E-03   7.8803385E-03
   1.4492754E-02   5.1382125E+06   2.7869555E+06   7.9251680E+06   5.6821902E-04   9.9925952E-04   5.7480408E-04
   2.8985507E-02   5.3560618E+06   2.8274944E+06   8.1835562E+06   4.0408312E-04   1.0391511E-03   5.4879453E-04
   4.3478261E-02   4.9091234E+06   2.6035832E+06   7.5127066E+06   1.8513348E-03   1.8745412E-04   1.1447783E-03
   5.7971014E-02   4.2850009E+06   2.2233889E+06   6.5083898E+06   8.3837461E-04   8.3296316E-04   6.4267016E-04
   7.2463768E-02   3.7629204E+06   1.9151037E+06   5.6777210E+06   1.2551235E-03   1.0567412E-03   1.1176255E-03
   8.6956522E-02   3.1857776E+06   1.6554021E+06   4.8411797E+06   1.5042057E-03   6.8483852E-04   1.2190677E-03
   1.0144928E-01   2.7844658E+06   1.4205398E+06   4.2050056E+06   1.9014717E-03   1.5923846E-03   7.6342942E-04
   1.1594203E-01   2.4324295E+06   1.2223240E+06   3.6547535E+06   4.3709688E-04   2.9713743E-04   2.4709116E-04
   1.3043478E-01   2.1221679E+06   1.0471921E+06   3.1693600E+06   1.2893216E-03   5.0085652E-04   1.0202745E-03
   1.4492754E-01   1.8714581E+06   9.0716236E+05   2.7786204E+06   1.5265268E-03   5.8031734E-04   1.1139590E-03
   1.5942029E-01   1.6568946E+06   8.0526744E+05   2.4621620E+06   1.4465139E-03   1.1685547E-03   1.3281156E-03
   1.7391304E-01   1.4388788E+06   7.1378796E+05   2.1526668E+06   8.7821737E-04   4.5394412E-04   5.2235538E-04
   1.8840580E-01   1.2902507E+06   6.2787227E+05   1.9180064E+06   2.3662131E-03   4.6290268E-04   1.7453235E-03
   2.0289855E-01   1.1186900E+06   5.5709883E+05   1.6757888E+06   3.7013166E-03   1.2951059E-03   2.0960287E-03
   2.1739130E-01   9.8869483E+05   4.8424426E+05   1.4729391E+06   1.4728898E-03   1.1771581E-03   9.6842255E-04
   2.3188406E-01   8.9010381E+05   4.3707199E+05   1.3270811E+06   4.9925868E-04   8.8646409E-04   5.7474553E-05
   2.4637681E-01   7.8858102E+05   3.9348820E+05   1.1819801E+06   2.4879324E-03   4.8066690E-04   1.6112252E-03
   2.6086957E-01   7.1311441E+05   3.5226337E+05   1.0653778E+06   1.4469602E-03   2.3259369E-03   1.3589574E-03
   2.7536232E-01   6.3354763E+05   3.0915657E+05   9.4270420E+05   1.1709007E-03   2.7017737E-04   8.7272100E-04
   2.8985507E-01   5.5894446E+05   2.7346717E+05   8.3241163E+05   2.6929609E-03   2.1445575E-03   1.6375871E-03
   3.0434783E-01   4.9869899E+05   2.4810464E+05   7.4680363E+05   8.0772335E-04   1.4326157E-03   9.0262535E-04
   3.1884058E-01   4.5433203E+05   2.1964031E+05   6.7397234E+05   3.4374543E-04   1.1112200E-03   3.8008283E-04
   3.3333333E-01   4.0449961E+05   2.0004248E+05   6.0454209E+05   1.2152076E-03   2.6948705E-03   1.6172367E-03
   3.4782609E-01   3.6077738E+05   1.7942573E+05   5.4020311E+05   5.1935883E-03   1.1706464E-03   3.0896757E-03
   3.6231884E-01   3.2722101E+05   1.6230720E+05   4.8952821E+05   1.6109992E-03   2.2835002E-03   1.6447367E-03
   3.7681159E-01   2.9478871E+05   1.4901183E+05   4.4377140E+05   1.5684564E-03   1.3588095E-03   1.3502262E-03
   3.9130435E-01   2.6419752E+05   1.3125683E+05   3.9545436E+05   1.2203325E-03   4.3132568E-04   9.3755717E-04
   4.0579710E-01   2.4198862E+05   1.2137318E+05   3.6336180E+05   5.2503341E-03   1.0608685E-03   3.6877624E-03
   4.2028986E-01   2.2044912E+05   1.0987182E+05   3.3032094E+05   3.5254062E-03   3.3428333E-03   1.9938263E-03
   4.3478261E-01   2.0191157E+05   1.0110733E+05   3.0299364E+05   1.8089910E-03   9.7732533E-04   1.0801556E-03
   4.4927536E-01   1.8058576E+05   9.2737193E+04   2.7332295E+05   2.5309555E-03   2.3189710E-03   1.4874751E-03
   4.6376812E-01   1.7269293E+05   8.4819150E+04   2.5751208E+05   3.9361279E-03   4.0655786E-03   1.3560488E-03
   4.7826087E-01   1.5680557E+05   7.6944716E+04   2.3375029E+05   4.1954615E-03   7.1917572E-04   2.6356757E-03
   4.9275362E-01   1.5043302E+05   7.1762121E+04   2.2219514E+05   3.2264839E-03   2.8730527E-03   2.6397201E-03
   5.0724638E-01   1.3613281E+05   6.9170534E+04   2.0530334E+05   5.1900240E-03   3.0346992E-03   4.3814244E-03
   5.2173913E-01   1.2946773E+05   6.4639149E+04   1.9410688E+05   4.8840855E-03   3.8095649E-03   4.5253568E-03
   5.3623188E-01   1.2076684E+05   5.8345725E+04   1.7911257E+05   6.2536457E-03   4.9095553E-03   5.6609938E-03
   5.5072464E-01   1.1304235E+05   5.4896029E+04   1.6793838E+05   7.1472308E-03   3.7780016E-03   5.7167083E-03
   5.6521739E-01   1.0460652E+05   5.2419835E+04   1.5702636E+05   8.5525897E-03   2.3406449E-03   5.2750531E-03
   5.7971014E-01   1.0041905E+05   5.0522093E+04   1.5094115E+05   1.2445002E-02   1.0314972E-03   7.9487593E-03
   5.9420290E-01   9.3035280E+04   4.6295863E+04   1.3933114E+05   8.8441475E-03   1.9946971E-03   5.4204686E-03
   6.0869565E-01   8.7644876E+04   4.3425529E+04   1.3107040E+05   5.8320799E-03   5.3065634E-03   5.2123806E-03
   6.2318841E-01   8.2011780E+04   3.9878096E+04   1.2188988E+05   6.2284327E-03   1.1166597E-03   4.5051299E-03
   6.3768116E-01   7.7891887E+04   4.1296649E+04   1.1918854E+05   1.2544726E-02   3.2296392E-03   8.6303961E-03
   6.5217391E-01   7.5015932E+04   3.7903673E+04   1.1291960E+05   8.6276642E-03   5.6335249E-03   7.6172297E-03
   6.6666667E-01   7.1441391E+04   3.5415954E+04   1.0685734E+05   1.1983605E-02   1.2762793E-03   7.7260897E-03
   6.8115942E-01   6.7970593E+04   3.2937363E+04   1.0090796E+05   7.3359842E-03   1.7270971E-03   4.5048478E-03
   6.9565217E-01   6.3949819E+04   3.1130349E+04   9.5080168E+04   1.5295594E-02   2.0836324E-03   1.0898956E-02
   7.1014493E-01   5.9026141E+04   2.9752763E+04   8.8778904E+04   1.5889004E-02   2.9239724E-03   1.1542716E-02
   7.2463768E-01   5.6133134E+04   2.9066779E+04   8.5199913E+04   9.2617206E-03   4.1716540E-03   7.3073500E-03
   7.3913043E-01   5.4037026E+04   2.6803078E+04   8.0840104E+04   9.3344462E-03   3.6039352E-03   7.2792798E-03
   7.5362319E-01   5.1569810E+04   2.5398751E+04   7.6968561E+04   2.0993140E-02   3.4348037E-03   1.5147014E-02
   7.6811594E-01   4.8423663E+04   2.4347652E+04   7.2771316E+04   1.8457995E-02   3.6262227E-03   1.2897391E-02
   7.8260870E-01   4.7204189E+04   2.3125001E+04   7.0329190E+04   1.8400477E-02   3.5068796E-03   1.3262523E-02
   7.9710145E-01   4.3094552E+04   2.1946810E+04   6.5041362E+04   1.5102616E-02   3.4249518E-03   1.1120191E-02
   8.1159420E-01   4.2392661E+04   2.0540077E+04   6.2932738E+04   1.7939065E-02   3.4189154E-03   1.2832888E-02
   8.2608696E-01   3.8033064E+04   2.0591827E+04   5.8624891E+04   1.6832010E-02   5.3068726E-03   1.2405827E-02
   8.4057971E-01   3.6854745E+04   1.7806812E+04   5.4661557E+04   2.0765879E-02   4.6435343E-03   1.5484188E-02
   8.5507246E-01   3.3507373E+04   1.7633432E+04   5.1140805E+04   2.3177511E-02   4.4573990E-03   1.6714601E-02
   8.6956522E-01   3.2178551E+04   1.5356797E+04   4.7535348E+04   2.7348654E-02   7.3886546E-03   2.0707230E-02
   8.8405797E-01   2.9303292E+04   1.5477703E+04   4.4780996E+04   3.0978864E-02   7.2047301E-03   2.2703581E-02
   8.9855072E-01   2.6716329E+04   1.4250338E+04   4.0966667E+04   3.3618980E-02   8.6631639E-03   2.4933059E-02
   9.1304348E-01   2.5871295E+04   1.2496642E+04   3.8367937E+04   2.8679969E-02   6.9917705E-03   2.0905802E-02
   9.2753623E-01   2.4425168E+04   1.1223975E+04   3.5649143E+04   2.8847435E-02   7.3712184E-03   2.1504257E-02
   9.4202899E-01   2.1426462E+04   1.0468424E+04   3.1894886E+04   3.4513672E-02   8.0030250E-03   2.5717207E-02
   9.5652174E-01   1.7117961E+04   8.8976656E+03   2.6015626E+04   5.3065354E-02   7.9036716E-03   3.7422778E-02
   9.7101449E-01   1.5211281E+04   7.6452239E+03   2.2856505E+04   3.7330326E-02   1.1411252E-02   2.8644414E-02
   9.8550725E-01   8.0565239E+03   4.1786949E+03   1.2235219E+04   6.3391106E-02   1.3644852E-02   4.6321750E-02
   1.0000000E+00   4.3768184E+01   0.0000000E+00   4.3768184E+01   1.8433090E-01   0.0000000E+00   1.8433090E-01
