   0.0000000E+00   8.1205125E+07   4.0323715E+07   1.2152884E+08   3.7893871E-03   1.4567287E-04   2.5203841E-03
   1.4492754E-02   8.5979624E+07   4.3051567E+07   1.2903119E+08   6.4931978E-04   2.5509119E-05   4.4067080E-04
   2.8985507E-02   7.1149201E+07   3.5666287E+07   1.0681322E+08   1.0357810E-03   4.8697542E-05   7.0510943E-04
   4.3478261E-02   4.1771245E+07   2.0974404E+07   6.2745144E+07   6.9431810E-04   1.6496666E-04   5.1393122E-04
   5.7971014E-02   2.4041848E+07   1.2018651E+07   3.6060310E+07   1.0044832E-03   3.8653543E-04   7.6930081E-04
   7.2463768E-02   5.6167989E+06   2.8165073E+06   8.4333062E+06   3.4073624E-03   1.2105761E-03   2.6195480E-03
   8.6956522E-02   1.5860692E+06   8.0850504E+05   2.3945742E+06   6.7042133E-03   1.7814640E-03   5.0260356E-03
   1.0144928E-01   7.1411270E+05   3.6144040E+05   1.0755531E+06   9.3299413E-03   1.5902213E-03   6.6963857E-03
   1.1594203E-01   1.8431945E+05   9.9547657E+04   2.8386711E+05   3.0315887E-02   9.0995188E-04   2.0002823E-02
   1.3043478E-01   2.1721785E+04   8.9244543E+03   3.0646239E+04   2.3058485E-01   6.0880165E-06   1.6343488E-01
   1.4492754E-01   2.1368174E+04   5.9861198E+03   2.7354294E+04   2.9337347E-01   9.5484394E-07   2.2917282E-01
   1.5942029E-01   1.2192672E+04   2.2043249E+03   1.4396997E+04   3.1690630E-01   1.7500488E-06   2.6838495E-01
   1.7391304E-01   4.6727096E+03   1.1997497E+03   5.8724593E+03   3.2778966E-01   1.0526307E-05   2.6082402E-01
   1.8840580E-01   1.8069106E+03   4.0801206E+02   2.2149226E+03   3.1239824E-01   2.0701905E-06   2.5485154E-01
   2.0289855E-01   6.4948859E+02   1.0824810E+02   7.5773668E+02   1.9459435E-01   4.6820948E-06   1.6679578E-01
   2.1739130E-01   5.5567357E+02   5.0515779E+01   6.0618935E+02   2.2826509E-01   1.7518516E-05   2.0924432E-01
   2.3188406E-01   3.7886834E+02   0.0000000E+00   3.7886834E+02   2.3839805E-01   0.0000000E+00   2.3839805E-01
   2.4637681E-01   1.3371824E+02   0.0000000E+00   1.3371824E+02   4.9448700E-06   0.0000000E+00   4.9448700E-06
   2.6086957E-01   1.6838593E+02   0.0000000E+00   1.6838593E+02   1.0683031E-01   0.0000000E+00   1.0683031E-01
   2.7536232E-01   2.3928527E+02   0.0000000E+00   2.3928527E+02   1.0133416E-06   0.0000000E+00   1.0133416E-06
   2.8985507E-01   3.4098151E+02   0.0000000E+00   3.4098151E+02   1.8878330E-05   0.0000000E+00   1.8878330E-05
   3.0434783E-01   2.1649620E+02   0.0000000E+00   2.1649620E+02   7.7445020E-06   0.0000000E+00   7.7445020E-06
   3.1884058E-01   3.0998319E+02   0.0000000E+00   3.0998319E+02   2.0746403E-05   0.0000000E+00   2.0746403E-05
   3.3333333E-01   2.9650566E+02   0.0000000E+00   2.9650566E+02   4.8273029E-06   0.0000000E+00   4.8273029E-06
   3.4782609E-01   1.8943417E+02   0.0000000E+00   1.8943417E+02   1.2042250E-05   0.0000000E+00   1.2042250E-05
   3.6231884E-01   1.8185680E+02   0.0000000E+00   1.8185680E+02   4.7645729E-06   0.0000000E+00   4.7645729E-06
   3.7681159E-01   2.3314975E+02   0.0000000E+00   2.3314975E+02   8.9610625E-07   0.0000000E+00   8.9610625E-07
   3.9130435E-01   2.2451457E+02   0.0000000E+00   2.2451457E+02   1.0547276E-05   0.0000000E+00   1.0547276E-05
   4.0579710E-01   2.4355822E+02   0.0000000E+00   2.4355822E+02   3.5487008E-06   0.0000000E+00   3.5487008E-06
   4.2028986E-01   3.9193277E+02   0.0000000E+00   3.9193277E+02   6.7839513E-07   0.0000000E+00   6.7839513E-07
   4.3478261E-01   2.0206312E+02   0.0000000E+00   2.0206312E+02   1.7372253E-05   0.0000000E+00   1.7372253E-05
   4.4927536E-01   3.1776054E+02   0.0000000E+00   3.1776054E+02   1.2497450E-05   0.0000000E+00   1.2497450E-05
   4.6376812E-01   3.5518907E+02   0.0000000E+00   3.5518907E+02   5.5316026E-06   0.0000000E+00   5.5316026E-06
   4.7826087E-01   3.6738748E+02   0.0000000E+00   3.6738748E+02   1.9340283E-05   0.0000000E+00   1.9340283E-05
   4.9275362E-01   1.7829098E+02   0.0000000E+00   1.7829098E+02   1.2706651E-05   0.0000000E+00   1.2706651E-05
   5.0724638E-01   4.7629163E+02   0.0000000E+00   4.7629163E+02   5.2048056E-06   0.0000000E+00   5.2048056E-06
   5.2173913E-01   2.9467538E+02   0.0000000E+00   2.9467538E+02   3.1501112E-06   0.0000000E+00   3.1501112E-06
   5.3623188E-01   3.4814929E+02   0.0000000E+00   3.4814929E+02   5.0943991E-06   0.0000000E+00   5.0943991E-06
   5.5072464E-01   6.1815361E+02   0.0000000E+00   6.1815361E+02   3.7101048E-06   0.0000000E+00   3.7101048E-06
   5.6521739E-01   2.9143719E+02   0.0000000E+00   2.9143719E+02   3.5661425E-06   0.0000000E+00   3.5661425E-06
   5.7971014E-01   3.5992492E+02   0.0000000E+00   3.5992492E+02   8.8213068E-04   0.0000000E+00   8.8213068E-04
   5.9420290E-01   1.8481383E+02   0.0000000E+00   1.8481383E+02   2.3017682E-06   0.0000000E+00   2.3017682E-06
   6.0869565E-01   1.8041350E+02   0.0000000E+00   1.8041350E+02   4.0355657E-06   0.0000000E+00   4.0355657E-06
   6.2318841E-01   1.0573070E+02   0.0000000E+00   1.0573070E+02   1.1617002E-05   0.0000000E+00   1.1617002E-05
   6.3768116E-01   3.4442577E+01   0.0000000E+00   3.4442577E+01   5.3592500E-06   0.0000000E+00   5.3592500E-06
   6.5217391E-01   0.0000000E+00   0.0000000E+00   0.0000000E+00   0.0000000E+00   0.0000000E+00   0.0000000E+00
   6.6666667E-01   0.0000000E+00   0.0000000E+00   0.0000000E+00   0.0000000E+00   0.0000000E+00   0.0000000E+00
   6.8115942E-01   0.0000000E+00   0.0000000E+00   0.0000000E+00   0.0000000E+00   0.0000000E+00   0.0000000E+00
   6.9565217E-01   0.0000000E+00   0.0000000E+00   0.0000000E+00   0.0000000E+00   0.0000000E+00   0.0000000E+00
   7.1014493E-01   0.0000000E+00   0.0000000E+00   0.0000000E+00   0.0000000E+00   0.0000000E+00   0.0000000E+00
   7.2463768E-01   0.0000000E+00   0.0000000E+00   0.0000000E+00   0.0000000E+00   0.0000000E+00   0.0000000E+00
   7.3913043E-01   0.0000000E+00   0.0000000E+00   0.0000000E+00   0.0000000E+00   0.0000000E+00   0.0000000E+00
   7.5362319E-01   0.0000000E+00   0.0000000E+00   0.0000000E+00   0.0000000E+00   0.0000000E+00   0.0000000E+00
   7.6811594E-01   1.4296919E+01   0.0000000E+00   1.4296919E+01   1.1801113E-06   0.0000000E+00   1.1801113E-06
   7.8260870E-01   2.8064322E+01   0.0000000E+00   2.8064322E+01   1.3173879E-04   0.0000000E+00   1.3173879E-04
   7.9710145E-01   0.0000000E+00   0.0000000E+00   0.0000000E+00   0.0000000E+00   0.0000000E+00   0.0000000E+00
   8.1159420E-01   0.0000000E+00   0.0000000E+00   0.0000000E+00   0.0000000E+00   0.0000000E+00   0.0000000E+00
   8.2608696E-01   0.0000000E+00   0.0000000E+00   0.0000000E+00   0.0000000E+00   0.0000000E+00   0.0000000E+00
   8.4057971E-01   0.0000000E+00   0.0000000E+00   0.0000000E+00   0.0000000E+00   0.0000000E+00   0.0000000E+00
   8.5507246E-01   0.0000000E+00   0.0000000E+00   0.0000000E+00   0.0000000E+00   0.0000000E+00   0.0000000E+00
   8.6956522E-01   0.0000000E+00   0.0000000E+00   0.0000000E+00   0.0000000E+00   0.0000000E+00   0.0000000E+00
   8.8405797E-01   0.0000000E+00   0.0000000E+00   0.0000000E+00   0.0000000E+00   0.0000000E+00   0.0000000E+00
   8.9855072E-01   0.0000000E+00   0.0000000E+00   0.0000000E+00   0.0000000E+00   0.0000000E+00   0.0000000E+00
   9.1304348E-01   0.0000000E+00   0.0000000E+00   0.0000000E+00   0.0000000E+00   0.0000000E+00   0.0000000E+00
   9.2753623E-01   0.0000000E+00   0.0000000E+00   0.0000000E+00   0.0000000E+00   0.0000000E+00   0.0000000E+00
   9.4202899E-01   0.0000000E+00   0.0000000E+00   0.0000000E+00   0.0000000E+00   0.0000000E+00   0.0000000E+00
   9.5652174E-01   0.0000000E+00   0.0000000E+00   0.0000000E+00   0.0000000E+00   0.0000000E+00   0.0000000E+00
   9.7101449E-01   0.0000000E+00   0.0000000E+00   0.0000000E+00   0.0000000E+00   0.0000000E+00   0.0000000E+00
   9.8550725E-01   0.0000000E+00   0.0000000E+00   0.0000000E+00   0.0000000E+00   0.0000000E+00   0.0000000E+00
   1.0000000E+00   0.0000000E+00   0.0000000E+00   0.0000000E+00   0.0000000E+00   0.0000000E+00   0.0000000E+00
