   0.0000000E+00   1.8209928E+07   9.5232346E+06   2.7733163E+07   6.0431956E-03   1.9320144E-04   4.0302549E-03
   1.4492754E-02   1.8491048E+07   9.6126476E+06   2.8102180E+07   1.0673018E-03   6.7014964E-06   7.0449265E-04
   2.8985507E-02   1.8317527E+07   9.6573540E+06   2.7971850E+07   1.9561077E-03   3.3099700E-05   1.2698989E-03
   4.3478261E-02   1.6138528E+07   8.4952385E+06   2.4630736E+07   1.0312279E-03   1.1999704E-05   6.7780809E-04
   5.7971014E-02   1.3296195E+07   6.9939096E+06   2.0286316E+07   2.0912174E-04   9.6336803E-06   1.3207059E-04
   7.2463768E-02   1.0565123E+07   5.6448352E+06   1.6207230E+07   1.0565778E-03   1.3393550E-05   6.9336422E-04
   8.6956522E-02   8.0639601E+06   4.3063439E+06   1.2368536E+07   1.8047347E-03   4.4769039E-05   1.1811269E-03
   1.0144928E-01   6.0048467E+06   3.2195149E+06   9.2224132E+06   1.1233410E-03   6.7527923E-05   7.3415502E-04
   1.1594203E-01   4.3920313E+06   2.3616758E+06   6.7532335E+06   7.5160588E-04   5.3953082E-05   4.8831921E-04
   1.3043478E-01   3.1697809E+06   1.6880689E+06   4.8575973E+06   1.8711056E-03   1.2034126E-04   1.2218932E-03
   1.4492754E-01   2.2724523E+06   1.1844940E+06   3.4565674E+06   1.2711555E-03   1.8786682E-04   8.2325220E-04
   1.5942029E-01   1.5882161E+06   8.5782681E+05   2.4458362E+06   3.0313390E-03   1.8848256E-04   2.0315631E-03
   1.7391304E-01   1.1172196E+06   6.0928344E+05   1.7264399E+06   2.1481479E-03   2.6182914E-04   1.4669253E-03
   1.8840580E-01   7.9673098E+05   4.2922869E+05   1.2258431E+06   1.9755534E-03   3.5653391E-04   1.4117383E-03
   2.0289855E-01   5.8616345E+05   3.2052262E+05   9.0663194E+05   1.8850161E-03   3.7323111E-04   1.1534592E-03
   2.1739130E-01   4.3312229E+05   2.3691900E+05   6.7004129E+05   1.1862273E-03   6.0772340E-04   9.3590022E-04
   2.3188406E-01   3.3013640E+05   1.7939416E+05   5.0953056E+05   1.0237231E-03   6.5286727E-04   5.2838821E-04
   2.4637681E-01   2.5629329E+05   1.3808637E+05   3.9437966E+05   1.0870590E-03   7.9974958E-04   7.4316816E-04
   2.6086957E-01   2.0189473E+05   1.0936666E+05   3.1126139E+05   1.0423439E-03   8.9196989E-04   8.2143589E-04
   2.7536232E-01   1.6714076E+05   8.4228415E+04   2.5136917E+05   2.0169243E-03   8.3623217E-04   1.6155962E-03
   2.8985507E-01   1.3214928E+05   6.9787549E+04   2.0193683E+05   4.1249942E-03   1.0877829E-03   2.6768706E-03
   3.0434783E-01   1.1214503E+05   5.8706552E+04   1.7085158E+05   3.1619790E-03   1.8099626E-03   1.6350136E-03
   3.1884058E-01   9.4648200E+04   4.7255215E+04   1.4190342E+05   1.6416989E-03   7.2852746E-04   1.2698203E-03
   3.3333333E-01   7.5806613E+04   3.8677516E+04   1.1448413E+05   1.4498494E-03   1.6699708E-04   9.1321088E-04
   3.4782609E-01   6.5828374E+04   3.0593619E+04   9.6421993E+04   4.0574222E-03   2.1238137E-05   2.7720746E-03
   3.6231884E-01   5.4678279E+04   2.4065717E+04   7.8743996E+04   4.3896929E-03   7.4931148E-04   3.1421286E-03
   3.7681159E-01   4.5114476E+04   1.8214824E+04   6.3329301E+04   4.2498287E-03   1.5023304E-03   2.6024790E-03
   3.9130435E-01   3.4715566E+04   1.3751518E+04   4.8467083E+04   8.3860120E-03   3.1105877E-03   6.7959368E-03
   4.0579710E-01   2.9226986E+04   1.1068368E+04   4.0295354E+04   1.2796826E-02   4.3016359E-03   9.7486159E-03
   4.2028986E-01   2.1765333E+04   7.4989803E+03   2.9264313E+04   3.9770085E-03   3.3281014E-03   2.2538304E-03
   4.3478261E-01   1.7907844E+04   5.4557041E+03   2.3363548E+04   6.0576910E-03   1.2234650E-03   4.7955060E-03
   4.4927536E-01   1.6572435E+04   3.9353421E+03   2.0507777E+04   8.0327217E-03   2.0647390E-03   6.1426659E-03
   4.6376812E-01   1.4681148E+04   2.6757577E+03   1.7356906E+04   1.1792500E-03   6.1451837E-06   9.9696103E-04
   4.7826087E-01   1.2927447E+04   2.0206312E+03   1.4948078E+04   4.0995709E-03   9.8482823E-03   3.3757757E-03
   4.9275362E-01   1.2614087E+04   1.0920323E+03   1.3706119E+04   3.2222529E-03   7.5053422E-05   2.9703689E-03
   5.0724638E-01   1.1517598E+04   1.0608314E+03   1.2578429E+04   4.1556555E-03   9.2373068E-03   3.2515070E-03
   5.2173913E-01   1.2523704E+04   9.8926734E+02   1.3512971E+04   1.8806951E-03   6.4458561E-03   2.1357338E-03
   5.3623188E-01   1.0874545E+04   7.9869542E+02   1.1673241E+04   2.6630109E-03   6.4618593E-06   2.4803800E-03
   5.5072464E-01   1.0967241E+04   3.5892790E+02   1.1326169E+04   1.0465516E-03   3.1187076E-02   1.7230631E-03
   5.6521739E-01   1.1482625E+04   3.6915377E+02   1.1851779E+04   1.4867953E-03   5.2623364E-06   1.4406457E-03
   5.7971014E-01   1.1233446E+04   3.0309467E+02   1.1536541E+04   1.6597862E-03   2.8608982E-02   1.5241242E-03
   5.9420290E-01   1.1661752E+04   3.1418350E+02   1.1975936E+04   1.5188814E-03   9.5672872E-05   1.4811092E-03
   6.0869565E-01   1.0770686E+04   9.0206748E+01   1.0860892E+04   1.4276513E-03   7.7337599E-02   1.0535429E-03
   6.2318841E-01   1.1277941E+04   1.4097427E+02   1.1418916E+04   1.4176073E-03   8.1375095E-06   1.4002013E-03
   6.3768116E-01   1.1417714E+04   1.2054902E+02   1.1538263E+04   1.6942719E-03   7.3408165E-06   1.6765230E-03
   6.5217391E-01   1.1618629E+04   6.7354372E+01   1.1685984E+04   1.2271610E-03   2.3582195E-04   1.2190325E-03
   6.6666667E-01   1.1827281E+04   8.2362683E+01   1.1909644E+04   1.4329962E-03   5.6068589E-06   1.4230475E-03
   6.8115942E-01   1.2220519E+04   8.0610286E+01   1.2301130E+04   4.0627148E-04   2.7357063E-06   4.0362043E-04
   6.9565217E-01   1.2881524E+04   7.8930905E+01   1.2960455E+04   5.6526589E-04   2.5299531E-06   5.6181282E-04
   7.1014493E-01   1.2649563E+04   3.0928028E+01   1.2680491E+04   1.9362093E-04   4.5867315E-06   1.9313918E-04
   7.2463768E-01   1.3457404E+04   6.0618935E+01   1.3518022E+04   6.2498491E-04   1.1749376E-05   6.2222289E-04
   7.3913043E-01   1.4322709E+04   0.0000000E+00   1.4322709E+04   2.1304311E-04   0.0000000E+00   2.1304311E-04
   7.5362319E-01   1.4703006E+04   2.9143719E+01   1.4732150E+04   7.9193741E-05   1.7388219E-06   7.9036108E-05
   7.6811594E-01   1.4640045E+04   2.8593837E+01   1.4668638E+04   3.3325498E-06   1.3002654E-06   3.3278542E-06
   7.8260870E-01   1.5982631E+04   2.8064322E+01   1.6010695E+04   7.8172705E-04   0.0000000E+00   7.8035680E-04
   7.9710145E-01   1.6132903E+04   2.7554061E+01   1.6160457E+04   9.6046751E-05   1.2250923E-05   9.5893009E-05
   8.1159420E-01   1.7928591E+04   0.0000000E+00   1.7928591E+04   4.0838105E-04   0.0000000E+00   4.0838105E-04
   8.2608696E-01   1.7733697E+04   0.0000000E+00   1.7733697E+04   1.1341040E-04   0.0000000E+00   1.1341040E-04
   8.4057971E-01   1.8943417E+04   2.6128851E+01   1.8969546E+04   6.5231690E-05   0.0000000E+00   6.5141839E-05
   8.5507246E-01   1.8082936E+04   2.5685989E+01   1.8108622E+04   2.4944982E-04   2.8597696E-05   2.4906615E-04
   8.6956522E-01   1.8526662E+04   0.0000000E+00   1.8526662E+04   1.1252637E-05   0.0000000E+00   1.1252637E-05
   8.8405797E-01   1.9477559E+04   0.0000000E+00   1.9477559E+04   1.1072439E-04   0.0000000E+00   1.1072439E-04
   8.9855072E-01   2.0605549E+04   0.0000000E+00   2.0605549E+04   1.6390376E-04   0.0000000E+00   1.6390376E-04
   9.1304348E-01   2.0049953E+04   2.4055133E+01   2.0074008E+04   2.0806739E-04   1.7876718E-06   2.0781617E-04
   9.2753623E-01   1.9724833E+04   0.0000000E+00   1.9724833E+04   2.4090331E-06   0.0000000E+00   2.4090331E-06
   9.4202899E-01   1.8139050E+04   0.0000000E+00   1.8139050E+04   1.1129246E-04   0.0000000E+00   1.1129246E-04
   9.5652174E-01   1.5855066E+04   0.0000000E+00   1.5855066E+04   2.3964484E-04   0.0000000E+00   2.3964484E-04
   9.7101449E-01   1.2101168E+04   0.0000000E+00   1.2101168E+04   8.8451934E-05   0.0000000E+00   8.8451934E-05
   9.8550725E-01   4.9810044E+03   0.0000000E+00   4.9810044E+03   4.4389374E-04   0.0000000E+00   4.4389374E-04
   1.0000000E+00   4.3768184E+01   0.0000000E+00   4.3768184E+01   9.2580192E-06   0.0000000E+00   9.2580192E-06
