   0.0000000E+00   4.6070390E+05   1.0420395E+07   1.0881099E+07   4.4440143E-06   1.1490680E-05   1.0818142E-05
   1.4492754E-02   5.4178173E+05   1.1209957E+07   1.1751738E+07   6.3827775E-04   2.3485155E-05   4.8700841E-05
   2.8985507E-02   5.3193115E+05   1.1427048E+07   1.1958979E+07   1.0696075E-03   1.9901038E-05   5.8500360E-05
   4.3478261E-02   5.3066826E+05   9.8889689E+06   1.0419637E+07   2.9244415E-04   1.2790510E-05   5.1202045E-06
   5.7971014E-02   5.3590927E+05   7.8348079E+06   8.3707171E+06   3.8869663E-04   7.4151572E-06   2.5353442E-05
   7.2463768E-02   5.3526519E+05   5.9843012E+06   6.5192633E+06   1.2159143E-04   2.4348543E-05   1.3469085E-05
   8.6956522E-02   5.2751102E+05   4.4446308E+06   4.9720155E+06   3.2381232E-04   2.3259703E-05   1.3676314E-05
   1.0144928E-01   5.4676114E+05   3.1645249E+06   3.7112860E+06   1.4697082E-04   3.8967309E-05   5.0908989E-05
   1.1594203E-01   5.3912965E+05   2.2168534E+06   2.7559830E+06   3.4910054E-04   6.3561740E-05   1.1471946E-04
   1.3043478E-01   5.4018206E+05   1.5286075E+06   2.0687895E+06   1.6894277E-04   2.0933109E-05   5.4716574E-05
   1.4492754E-01   5.4769208E+05   1.0377204E+06   1.5854125E+06   5.6216648E-04   2.5753056E-04   3.3012644E-04
   1.5942029E-01   5.6844028E+05   6.9787549E+05   1.2663158E+06   1.9103312E-04   1.8472715E-04   9.0529318E-05
   1.7391304E-01   5.5447382E+05   4.6733410E+05   1.0218079E+06   2.1934914E-04   1.6065403E-04   1.3900972E-04
   1.8840580E-01   5.7483071E+05   3.2722567E+05   9.0193980E+05   2.3006297E-06   3.7657280E-04   1.3728359E-04
   2.0289855E-01   5.8513509E+05   2.2629265E+05   8.1142774E+05   5.7871538E-05   3.3526716E-04   1.0897479E-04
   2.1739130E-01   5.9542949E+05   1.6225668E+05   7.5768617E+05   1.7404035E-04   3.9280194E-04   1.6837247E-04
   2.3188406E-01   6.0514746E+05   1.2365316E+05   7.2880061E+05   1.9674106E-04   1.1429815E-03   3.4092501E-04
   2.4637681E-01   6.2901059E+05   9.5430249E+04   7.2444084E+05   1.3450633E-04   5.4986325E-04   7.4335063E-05
   2.6086957E-01   6.3931928E+05   7.6236730E+04   7.1555601E+05   7.5385985E-05   4.0242988E-04   1.0771393E-04
   2.7536232E-01   6.7043744E+05   6.3410596E+04   7.3384804E+05   1.8377349E-04   9.6211374E-05   1.7472384E-04
   2.8985507E-01   6.9071487E+05   5.4443381E+04   7.4515826E+05   7.2399258E-05   1.5274208E-04   6.2707703E-05
   3.0434783E-01   7.0552502E+05   4.2830164E+04   7.4831910E+05   2.8856624E-05   1.2399356E-03   9.7836907E-05
   3.1884058E-01   7.4623286E+05   3.7680179E+04   7.8391304E+05   5.8542269E-05   4.7932572E-04   7.6099320E-05
   3.3333333E-01   7.8135830E+05   3.1627270E+04   8.1295263E+05   1.0483526E-04   4.3051028E-04   1.0689500E-04
   3.4782609E-01   8.1500895E+05   2.5131600E+04   8.4014055E+05   3.6472379E-05   7.3198054E-04   1.7786017E-05
   3.6231884E-01   8.5218098E+05   1.9822392E+04   8.7200338E+05   1.9705026E-05   1.3160636E-03   1.7222135E-05
   3.7681159E-01   8.7521501E+05   1.4571859E+04   8.8975773E+05   6.1024410E-05   1.3236827E-03   7.8438304E-05
   3.9130435E-01   9.0386761E+05   1.0804764E+04   9.1464431E+05   2.5705810E-05   1.0194147E-03   2.7173597E-05
   4.0579710E-01   9.1989233E+05   7.4961808E+03   9.2738852E+05   7.5506092E-06   9.9722072E-06   7.5694993E-06
   4.2028986E-01   9.0382309E+05   5.3041568E+03   9.0912725E+05   1.4814289E-05   7.1564365E-04   1.4070843E-05
   4.3478261E-01   8.8190447E+05   3.9654886E+03   8.8586996E+05   1.4936303E-05   5.6837421E-06   1.4848998E-05
   4.4927536E-01   8.3483028E+05   2.0043357E+03   8.3683462E+05   3.1025830E-05   5.4091433E-06   3.0950677E-05
   4.6376812E-01   7.5648168E+05   1.7522661E+03   7.5823395E+05   1.1295347E-05   1.0485090E-02   1.3161792E-05
   4.7826087E-01   6.6432842E+05   7.1181325E+02   6.6504023E+05   2.9881346E-05   2.5199651E-02   5.5883322E-05
   4.9275362E-01   5.7307180E+05   5.1258658E+02   5.7360667E+05   1.2414308E-05   1.6781460E-05   1.2387756E-05
   5.0724638E-01   4.6375650E+05   4.3299239E+02   4.6416784E+05   4.7415341E-05   1.6609432E-03   4.6974103E-05
   5.2173913E-01   3.7381676E+05   4.8410955E+02   3.7430087E+05   4.9770929E-05   6.0043707E-06   4.9705123E-05
   5.3623188E-01   2.7985059E+05   2.4575244E+02   2.8009634E+05   6.2717905E-05   4.0509112E-06   6.2662300E-05
   5.5072464E-01   2.0827789E+05   2.1934483E+02   2.0849723E+05   6.6900919E-05   3.2413651E-05   6.6802239E-05
   5.6521739E-01   1.4911869E+05   1.1657487E+02   1.4923527E+05   1.1552718E-04   3.3913055E-06   1.1543724E-04
   5.7971014E-01   1.1138729E+05   9.4717086E+01   1.1148201E+05   6.1223634E-06   2.3754445E-06   6.1173739E-06
   5.9420290E-01   7.8619801E+04   9.2406913E+01   7.8712208E+04   3.9306293E-05   1.0249720E-05   3.9251394E-05
   6.0869565E-01   5.6198804E+04   9.0206748E+01   5.6289011E+04   9.8630554E-05   7.3560754E-06   9.8470333E-05
   6.2318841E-01   4.0847294E+04   8.8108917E+01   4.0935403E+04   3.4732453E-05   1.0728233E-06   3.4655985E-05
   6.3768116E-01   3.0826106E+04   6.8885153E+01   3.0894991E+04   9.4955374E-05   1.9041538E-06   9.4743975E-05
   6.5217391E-01   2.3523514E+04   5.0515779E+01   2.3574030E+04   6.6186022E-05   7.9371542E-06   6.6052836E-05
   6.6666667E-01   1.8729274E+04   1.6472537E+01   1.8745747E+04   5.0205047E-04   4.8927070E-06   5.0161359E-04
   6.8115942E-01   1.5186978E+04   0.0000000E+00   1.5186978E+04   4.7700075E-04   0.0000000E+00   4.7700075E-04
   6.9565217E-01   1.2565800E+04   0.0000000E+00   1.2565800E+04   3.2581907E-04   0.0000000E+00   3.2581907E-04
   7.1014493E-01   9.6650087E+03   3.0928028E+01   9.6959368E+03   1.7168521E-05   5.5663966E-06   1.7098075E-05
   7.2463768E-01   7.9107710E+03   4.5464201E+01   7.9562352E+03   9.5933443E-07   6.3766898E-06   9.3491537E-07
   7.3913043E-01   6.7899150E+03   0.0000000E+00   6.7899150E+03   7.5457042E-04   0.0000000E+00   7.5457042E-04
   7.5362319E-01   4.9544322E+03   2.9143719E+01   4.9835759E+03   9.0902060E-06   1.0721636E-06   9.0313241E-06
   7.6811594E-01   4.5178263E+03   2.8593837E+01   4.5464201E+03   8.1521207E-04   7.6902362E-06   8.1012946E-04
   7.8260870E-01   3.1291719E+03   0.0000000E+00   3.1291719E+03   8.0683919E-04   0.0000000E+00   8.0683919E-04
   7.9710145E-01   2.3558722E+03   4.1331092E+01   2.3972033E+03   7.4502292E-06   2.9826591E-05   7.6581076E-06
   8.1159420E-01   1.6778455E+03   1.3531012E+01   1.6913765E+03   3.2389658E-03   8.4477737E-06   3.2130864E-03
   8.2608696E-01   1.1299582E+03   0.0000000E+00   1.1299582E+03   4.4874406E-03   0.0000000E+00   4.4874406E-03
   8.4057971E-01   1.1366050E+03   0.0000000E+00   1.1366050E+03   7.8768423E-03   0.0000000E+00   7.8768423E-03
   8.5507246E-01   6.5499273E+02   0.0000000E+00   6.5499273E+02   1.0233607E-02   0.0000000E+00   1.0233607E-02
   8.6956522E-01   5.6830251E+02   2.5257889E+01   5.9356040E+02   2.7356279E-05   2.5323438E-06   2.6295911E-05
   8.8405797E-01   2.4843826E+02   1.2421913E+01   2.6086017E+02   1.3859148E-05   0.0000000E+00   1.3199188E-05
   8.9855072E-01   2.5665275E+02   1.2221559E+01   2.6887431E+02   1.8556137E-02   3.9340641E-07   1.7712681E-02
   9.1304348E-01   2.1649620E+02   1.2027566E+01   2.2852376E+02   3.4439049E-02   1.0740054E-05   3.2625940E-02
   9.2753623E-01   7.1037814E+01   2.3679271E+01   9.4717086E+01   2.9986283E-02   9.4107676E-06   2.2487502E-02
   9.4202899E-01   8.1602412E+01   0.0000000E+00   8.1602412E+01   5.4476257E-06   0.0000000E+00   5.4476257E-06
   9.5652174E-01   4.5923435E+01   1.1480859E+01   5.7404294E+01   1.0538938E-05   2.8760326E-06   8.3881367E-06
   9.7101449E-01   3.3928508E+01   0.0000000E+00   3.3928508E+01   3.8536814E-06   0.0000000E+00   3.8536814E-06
   9.8550725E-01   0.0000000E+00   0.0000000E+00   0.0000000E+00   0.0000000E+00   0.0000000E+00   0.0000000E+00
   1.0000000E+00   0.0000000E+00   0.0000000E+00   0.0000000E+00   0.0000000E+00   0.0000000E+00   0.0000000E+00
