   0.0000000E+00   1.6245875E+06   8.7291266E+05   2.4975001E+06   4.0494375E-03   3.4267035E-03   1.5612120E-03
   1.4492754E-02   1.6041286E+06   9.5095954E+05   2.5550881E+06   1.3814249E-03   1.4307522E-03   1.3943193E-03
   2.8985507E-02   1.6310282E+06   9.7293390E+05   2.6039621E+06   2.3872748E-03   9.5119882E-04   1.5975835E-03
   4.3478261E-02   1.6958147E+06   1.0221868E+06   2.7180015E+06   6.1774552E-04   5.0046771E-04   2.4508671E-04
   5.7971014E-02   1.7679891E+06   1.1021280E+06   2.8701171E+06   9.7079969E-04   4.0345088E-04   6.9171878E-04
   7.2463768E-02   1.8197804E+06   1.0999306E+06   2.9194079E+06   4.0477538E-04   7.5566340E-04   4.1203763E-04
   8.6956522E-02   1.7988669E+06   1.1062956E+06   2.9051624E+06   1.3768152E-03   8.3381576E-06   8.5035031E-04
   1.0144928E-01   1.6984127E+06   1.0565014E+06   2.7544811E+06   9.8636487E-04   4.2209512E-04   5.9648547E-04
   1.1594203E-01   1.6228825E+06   9.9083543E+05   2.6136233E+06   1.4865330E-03   8.1661995E-04   1.1547136E-03
   1.3043478E-01   1.5339958E+06   9.1686139E+05   2.4506046E+06   8.7084549E-04   6.4497979E-04   5.6638021E-04
   1.4492754E-01   1.4231810E+06   8.4101195E+05   2.2641172E+06   1.4366533E-03   7.4283290E-04   1.1612869E-03
   1.5942029E-01   1.3159131E+06   7.8577294E+05   2.1014105E+06   2.5139526E-03   9.0826985E-04   1.6133051E-03
   1.7391304E-01   1.2000655E+06   7.0785235E+05   1.9078547E+06   2.5277099E-03   2.9335181E-04   1.5806072E-03
   1.8840580E-01   1.1232572E+06   6.4594138E+05   1.7687906E+06   2.4008864E-03   3.3371231E-04   1.6406061E-03
   2.0289855E-01   1.0351224E+06   5.9444443E+05   1.6292962E+06   2.1863019E-03   2.8503556E-04   1.4079147E-03
   2.1739130E-01   9.4717086E+05   5.3981161E+05   1.4868814E+06   4.4932384E-03   7.7387171E-04   3.0472355E-03
   2.3188406E-01   8.8025323E+05   4.9432847E+05   1.3744870E+06   4.5436186E-03   6.5298090E-04   3.1169398E-03
   2.4637681E-01   8.0404777E+05   4.4211707E+05   1.2460757E+06   3.9765945E-03   8.1685454E-04   2.8547808E-03
   2.6086957E-01   7.4485516E+05   4.1077748E+05   1.1555484E+06   4.9133913E-03   1.4842607E-03   3.6619256E-03
   2.7536232E-01   6.8371777E+05   3.7691418E+05   1.0605522E+06   3.5508701E-03   3.0108898E-04   2.3015260E-03
   2.8985507E-01   6.2115465E+05   3.3351780E+05   9.5467245E+05   5.9169627E-03   1.7189157E-03   4.1510011E-03
   3.0434783E-01   5.7263244E+05   3.0363591E+05   8.7612402E+05   6.2019836E-03   9.1830930E-04   4.3468691E-03
   3.1884058E-01   5.4150619E+05   2.8721665E+05   8.2861951E+05   6.6203565E-03   6.9749694E-04   4.5680916E-03
   3.3333333E-01   4.8870722E+05   2.6039786E+05   7.4907213E+05   7.5627104E-03   1.5681351E-03   5.4787040E-03
   3.4782609E-01   4.5606277E+05   2.3928693E+05   6.9525498E+05   7.0730602E-03   1.8931708E-04   4.6942614E-03
   3.6231884E-01   4.2218057E+05   2.1528815E+05   6.3731717E+05   7.7643739E-03   4.2940976E-04   5.0961796E-03
   3.7681159E-01   3.9894836E+05   2.0059622E+05   5.9954458E+05   7.4025034E-03   1.2358697E-03   5.3121175E-03
   3.9130435E-01   3.6186136E+05   1.8154810E+05   5.4338140E+05   9.4647335E-03   1.5177135E-03   6.7910293E-03
   4.0579710E-01   3.3938485E+05   1.6499716E+05   5.0435495E+05   7.5364523E-03   1.0217944E-03   5.3684789E-03
   4.2028986E-01   3.2096681E+05   1.5353313E+05   4.7444768E+05   9.1574917E-03   1.0008048E-03   6.5172084E-03
   4.3478261E-01   2.9624979E+05   1.3571064E+05   4.3193517E+05   9.2264599E-03   7.1819578E-04   6.5039002E-03
   4.4927536E-01   2.7471621E+05   1.2969519E+05   4.0441140E+05   8.9484613E-03   2.1988325E-03   6.7806543E-03
   4.6376812E-01   2.6149019E+05   1.1775702E+05   3.7922353E+05   1.0227703E-02   1.8256319E-03   7.5436961E-03
   4.7826087E-01   2.4082250E+05   1.1060659E+05   3.5142909E+05   1.1512985E-02   1.6253904E-03   8.3736287E-03
   4.9275362E-01   2.2888105E+05   1.0053383E+05   3.2941488E+05   1.0928832E-02   1.6165519E-03   7.5252948E-03
   5.0724638E-01   2.0956832E+05   9.2400576E+04   3.0196889E+05   1.3497078E-02   2.5734663E-03   9.8647120E-03
   5.2173913E-01   1.9970571E+05   8.6150451E+04   2.8585616E+05   1.4181504E-02   1.8698043E-03   1.0387437E-02
   5.3623188E-01   1.8777534E+05   8.0115295E+04   2.6789064E+05   1.3970164E-02   1.4739796E-03   1.0178710E-02
   5.5072464E-01   1.7467825E+05   7.4816527E+04   2.4949477E+05   1.7006969E-02   1.9975173E-03   1.2365016E-02
   5.6521739E-01   1.6514774E+05   6.7963152E+04   2.3311089E+05   1.5513253E-02   1.7460080E-03   1.1421985E-02
   5.7971014E-01   1.5647263E+05   6.3403617E+04   2.1985730E+05   1.5604395E-02   1.4449745E-03   1.1330401E-02
   5.9420290E-01   1.4430263E+05   5.8419650E+04   2.0272229E+05   1.5081607E-02   1.7420060E-03   1.1230538E-02
   6.0869565E-01   1.3868385E+05   5.4502917E+04   1.9318677E+05   1.4155759E-02   2.9684371E-03   1.0471157E-02
   6.2318841E-01   1.3054217E+05   5.0222083E+04   1.8076425E+05   1.8268086E-02   2.6534664E-03   1.3900060E-02
   6.3768116E-01   1.2526765E+05   4.6652470E+04   1.7192012E+05   1.9085722E-02   2.2280601E-03   1.4288328E-02
   6.5217391E-01   1.1510862E+05   4.3039444E+04   1.5814807E+05   2.1899580E-02   2.8700765E-03   1.6719819E-02
   6.6666667E-01   1.0809279E+05   4.0555385E+04   1.4861523E+05   1.7253397E-02   4.2433287E-03   1.3202151E-02
   6.8115942E-01   1.0329402E+05   3.7209708E+04   1.4050373E+05   2.2475431E-02   1.6074634E-03   1.6948372E-02
   6.9565217E-01   9.7763818E+04   3.5487335E+04   1.3323537E+05   2.0568511E-02   3.0041805E-03   1.5784018E-02
   7.1014493E-01   9.0510874E+04   3.2505357E+04   1.2301623E+05   1.9993346E-02   2.7783091E-03   1.5443085E-02
   7.2463768E-01   8.7821682E+04   2.9491112E+04   1.1732795E+05   2.1202060E-02   2.9355858E-03   1.6575527E-02
   7.3913043E-01   8.0453807E+04   2.8318551E+04   1.0875750E+05   2.0913340E-02   5.9132019E-03   1.6941732E-02
   7.5362319E-01   7.5613378E+04   2.6695646E+04   1.0230902E+05   2.6201426E-02   2.1940365E-03   1.9849575E-02
   7.6811594E-01   7.2699831E+04   2.4061714E+04   9.6761545E+04   2.5100305E-02   2.5293747E-03   1.9487030E-02
   7.8260870E-01   6.9150489E+04   2.2142750E+04   9.1293238E+04   2.4285192E-02   4.5469526E-03   1.9365996E-02
   7.9710145E-01   6.2396172E+04   2.1106411E+04   8.3502583E+04   2.4165214E-02   4.4704665E-03   1.9187040E-02
   8.1159420E-01   6.0767776E+04   1.9119320E+04   7.9887096E+04   2.8870107E-02   2.8650773E-03   2.2559440E-02
   8.2608696E-01   5.5633825E+04   1.7786872E+04   7.3420697E+04   2.6204883E-02   4.6612755E-03   2.0979465E-02
   8.4057971E-01   5.1761254E+04   1.6239081E+04   6.8000335E+04   3.1817154E-02   2.5789081E-04   2.4236558E-02
   8.5507246E-01   4.7955742E+04   1.4332782E+04   6.2288524E+04   2.7737094E-02   3.2530357E-03   2.2032351E-02
   8.6956522E-01   4.3052073E+04   1.3386681E+04   5.6438754E+04   3.1949287E-02   2.3087599E-03   2.4874054E-02
   8.8405797E-01   4.0048247E+04   1.1912614E+04   5.1960861E+04   2.7465290E-02   1.6335422E-03   2.1340234E-02
   8.9855072E-01   3.6041379E+04   1.0840523E+04   4.6881902E+04   3.2396672E-02   2.9991701E-03   2.5417188E-02
   9.1304348E-01   3.2979587E+04   9.4416396E+03   4.2421227E+04   3.5885389E-02   2.6213171E-03   2.8302458E-02
   9.2753623E-01   2.9042626E+04   8.2048675E+03   3.7247494E+04   3.5739609E-02   5.3041171E-03   2.9000228E-02
   9.4202899E-01   2.3897849E+04   6.3999606E+03   3.0297810E+04   2.9930364E-02   5.4440231E-03   2.4694715E-02
   9.5652174E-01   2.0045580E+04   5.3845228E+03   2.5430102E+04   3.9225527E-02   5.5996762E-03   3.2098966E-02
   9.7101449E-01   1.4600568E+04   3.9583260E+03   1.8558894E+04   4.5017919E-02   9.8988729E-03   3.7516459E-02
   9.8550725E-01   7.4436486E+03   2.3400692E+03   9.7837178E+03   4.8183187E-02   5.6747429E-03   3.7981140E-02
   1.0000000E+00   5.9087048E+02   2.4072501E+02   8.3159549E+02   9.0456218E-02   8.5633268E-06   6.4269064E-02
