   0.0000000E+00   2.9703278E+05   1.2729976E+05   4.2433254E+05   0.0000000E+00   0.0000000E+00   0.0000000E+00
   1.4492754E-02   2.8793994E+05   1.6442886E+05   4.5236880E+05   0.0000000E+00   0.0000000E+00   0.0000000E+00
   2.8985507E-02   2.9741165E+05   1.5003186E+05   4.4744351E+05   0.0000000E+00   0.0000000E+00   0.0000000E+00
   4.3478261E-02   2.8440384E+05   1.4068644E+05   4.2509028E+05   0.0000000E+00   0.0000000E+00   0.0000000E+00
   5.7971014E-02   2.8585616E+05   1.5078960E+05   4.3664576E+05   0.0000000E+00   0.0000000E+00   0.0000000E+00
   7.2463768E-02   2.9278945E+05   1.5457828E+05   4.4736774E+05   0.0000000E+00   0.0000000E+00   0.0000000E+00
   8.6956522E-02   2.9412812E+05   1.5457828E+05   4.4858012E+05   0.0000000E+00   0.0000000E+00   0.0000000E+00
   1.0144928E-01   3.1088854E+05   1.5782573E+05   4.6871426E+05   0.0000000E+00   0.0000000E+00   0.0000000E+00
   1.1594203E-01   3.1124034E+05   1.5751451E+05   4.6875486E+05   0.0000000E+00   0.0000000E+00   0.0000000E+00
   1.3043478E-01   3.0014792E+05   1.5533602E+05   4.5539975E+05   0.0000000E+00   0.0000000E+00   0.0000000E+00
   1.4492754E-01   3.0658026E+05   1.5601798E+05   4.6259825E+05   0.0000000E+00   0.0000000E+00   0.0000000E+00
   1.5942029E-01   3.2148701E+05   1.6057129E+05   4.8205830E+05   0.0000000E+00   0.0000000E+00   0.0000000E+00
   1.7391304E-01   3.1742853E+05   1.6588119E+05   4.8330971E+05   0.0000000E+00   0.0000000E+00   0.0000000E+00
   1.8840580E-01   3.2879943E+05   1.5819210E+05   4.8693325E+05   0.0000000E+00   0.0000000E+00   0.0000000E+00
   2.0289855E-01   3.2793761E+05   1.6188503E+05   4.8982264E+05   0.0000000E+00   0.0000000E+00   0.0000000E+00
   2.1739130E-01   3.2744328E+05   1.7220829E+05   4.9960105E+05   0.0000000E+00   0.0000000E+00   0.0000000E+00
   2.3188406E-01   3.3321471E+05   1.7020660E+05   5.0342131E+05   0.0000000E+00   0.0000000E+00   0.0000000E+00
   2.4637681E-01   3.3594479E+05   1.6621177E+05   5.0211199E+05   0.0000000E+00   0.0000000E+00   0.0000000E+00
   2.6086957E-01   3.4691711E+05   1.7120639E+05   5.1799722E+05   0.0000000E+00   0.0000000E+00   0.0000000E+00
   2.7536232E-01   3.3699342E+05   1.7264432E+05   5.0959786E+05   0.0000000E+00   0.0000000E+00   0.0000000E+00
   2.8985507E-01   3.4541427E+05   1.7295340E+05   5.1829189E+05   0.0000000E+00   0.0000000E+00   0.0000000E+00
   3.0434783E-01   3.4715165E+05   1.7510934E+05   5.2215274E+05   0.0000000E+00   0.0000000E+00   0.0000000E+00
   3.1884058E-01   3.5420746E+05   1.7441721E+05   5.2859022E+05   0.0000000E+00   0.0000000E+00   0.0000000E+00
   3.3333333E-01   3.5356653E+05   1.7875997E+05   5.3229355E+05   0.0000000E+00   0.0000000E+00   0.0000000E+00
   3.4782609E-01   3.5768329E+05   1.8034133E+05   5.3796147E+05   0.0000000E+00   0.0000000E+00   0.0000000E+00
   3.6231884E-01   3.5322653E+05   1.7897740E+05   5.3214332E+05   0.0000000E+00   0.0000000E+00   0.0000000E+00
   3.7681159E-01   3.5957520E+05   1.8363457E+05   5.4318063E+05   0.0000000E+00   0.0000000E+00   0.0000000E+00
   3.9130435E-01   3.5540657E+05   1.7559846E+05   5.3089277E+05   0.0000000E+00   0.0000000E+00   0.0000000E+00
   4.0579710E-01   3.6338886E+05   1.8274985E+05   5.4613872E+05   0.0000000E+00   0.0000000E+00   0.0000000E+00
   4.2028986E-01   3.6292974E+05   1.8141261E+05   5.4423784E+05   0.0000000E+00   0.0000000E+00   0.0000000E+00
   4.3478261E-01   3.5502489E+05   1.8269031E+05   5.3756366E+05   0.0000000E+00   0.0000000E+00   0.0000000E+00
   4.4927536E-01   3.5476743E+05   1.7965692E+05   5.3439991E+05   0.0000000E+00   0.0000000E+00   0.0000000E+00
   4.6376812E-01   3.5997228E+05   1.8064916E+05   5.4057409E+05   0.0000000E+00   0.0000000E+00   0.0000000E+00
   4.7826087E-01   3.5710063E+05   1.7783850E+05   5.3487025E+05   0.0000000E+00   0.0000000E+00   0.0000000E+00
   4.9275362E-01   3.4953948E+05   1.7479202E+05   5.2424235E+05   0.0000000E+00   0.0000000E+00   0.0000000E+00
   5.0724638E-01   3.4641556E+05   1.7449593E+05   5.2086820E+05   0.0000000E+00   0.0000000E+00   0.0000000E+00
   5.2173913E-01   3.4125513E+05   1.7362694E+05   5.1477684E+05   0.0000000E+00   0.0000000E+00   0.0000000E+00
   5.3623188E-01   3.3987562E+05   1.6723453E+05   5.0702824E+05   0.0000000E+00   0.0000000E+00   0.0000000E+00
   5.5072464E-01   3.2289553E+05   1.6508689E+05   4.8794254E+05   0.0000000E+00   0.0000000E+00   0.0000000E+00
   5.6521739E-01   3.1992031E+05   1.5964929E+05   4.7955018E+05   0.0000000E+00   0.0000000E+00   0.0000000E+00
   5.7971014E-01   3.1826835E+05   1.5963618E+05   4.7784770E+05   0.0000000E+00   0.0000000E+00   0.0000000E+00
   5.9420290E-01   3.0808465E+05   1.5315522E+05   4.6114746E+05   0.0000000E+00   0.0000000E+00   0.0000000E+00
   6.0869565E-01   2.9661783E+05   1.4775865E+05   4.4432236E+05   0.0000000E+00   0.0000000E+00   0.0000000E+00
   6.2318841E-01   2.8786945E+05   1.4197871E+05   4.2984816E+05   0.0000000E+00   0.0000000E+00   0.0000000E+00
   6.3768116E-01   2.7300908E+05   1.3942355E+05   4.1239819E+05   0.0000000E+00   0.0000000E+00   0.0000000E+00
   6.5217391E-01   2.6338927E+05   1.3016232E+05   3.9351792E+05   0.0000000E+00   0.0000000E+00   0.0000000E+00
   6.6666667E-01   2.5158505E+05   1.2608080E+05   3.7759996E+05   0.0000000E+00   0.0000000E+00   0.0000000E+00
   6.8115942E-01   2.4244349E+05   1.2152807E+05   3.6395544E+05   0.0000000E+00   0.0000000E+00   0.0000000E+00
   6.9565217E-01   2.3284617E+05   1.1399201E+05   3.4683818E+05   0.0000000E+00   0.0000000E+00   0.0000000E+00
   7.1014493E-01   2.2124365E+05   1.1155740E+05   3.3278558E+05   0.0000000E+00   0.0000000E+00   0.0000000E+00
   7.2463768E-01   2.0972636E+05   1.0734098E+05   3.1706734E+05   0.0000000E+00   0.0000000E+00   0.0000000E+00
   7.3913043E-01   1.9937389E+05   1.0103156E+05   3.0036088E+05   0.0000000E+00   0.0000000E+00   0.0000000E+00
   7.5362319E-01   1.8515004E+05   9.3930205E+04   2.7905111E+05   0.0000000E+00   0.0000000E+00   0.0000000E+00
   7.6811594E-01   1.7713882E+05   8.7182609E+04   2.6430713E+05   0.0000000E+00   0.0000000E+00   0.0000000E+00
   7.8260870E-01   1.6110324E+05   7.9478159E+04   2.4055333E+05   0.0000000E+00   0.0000000E+00   0.0000000E+00
   7.9710145E-01   1.5193309E+05   7.5071040E+04   2.2699036E+05   0.0000000E+00   0.0000000E+00   0.0000000E+00
   8.1159420E-01   1.4299574E+05   7.1619648E+04   2.1460185E+05   0.0000000E+00   0.0000000E+00   0.0000000E+00
   8.2608696E-01   1.3111503E+05   6.5524283E+04   1.9663932E+05   0.0000000E+00   0.0000000E+00   0.0000000E+00
   8.4057971E-01   1.1798483E+05   6.0631999E+04   1.7861683E+05   0.0000000E+00   0.0000000E+00   0.0000000E+00
   8.5507246E-01   1.1037270E+05   5.3824991E+04   1.6418484E+05   0.0000000E+00   0.0000000E+00   0.0000000E+00
   8.6956522E-01   1.0003387E+05   5.0465263E+04   1.5049913E+05   0.0000000E+00   0.0000000E+00   0.0000000E+00
   8.8405797E-01   9.0195509E+04   4.4756152E+04   1.3495166E+05   0.0000000E+00   0.0000000E+00   0.0000000E+00
   8.9855072E-01   7.9782340E+04   4.0575577E+04   1.2035792E+05   0.0000000E+00   0.0000000E+00   0.0000000E+00
   9.1304348E-01   6.8100081E+04   3.3833544E+04   1.0192160E+05   0.0000000E+00   0.0000000E+00   0.0000000E+00
   9.2753623E-01   5.9257377E+04   2.9137343E+04   8.8394720E+04   0.0000000E+00   0.0000000E+00   0.0000000E+00
   9.4202899E-01   4.9392774E+04   2.5728075E+04   7.5120849E+04   0.0000000E+00   0.0000000E+00   0.0000000E+00
   9.5652174E-01   3.8966035E+04   1.8495664E+04   5.7461699E+04   0.0000000E+00   0.0000000E+00   0.0000000E+00
   9.7101449E-01   2.6418998E+04   1.3435689E+04   3.9854688E+04   0.0000000E+00   0.0000000E+00   0.0000000E+00
   9.8550725E-01   9.0148379E+03   4.3012700E+03   1.3316108E+04   0.0000000E+00   0.0000000E+00   0.0000000E+00
   1.0000000E+00   0.0000000E+00   0.0000000E+00   0.0000000E+00   0.0000000E+00   0.0000000E+00   0.0000000E+00
