   0.0000000E+00   4.8289043E+07   2.4805268E+07   7.3094311E+07   1.8167213E-03   1.2934108E-03   1.6304479E-03
   1.4492754E-02   4.8228424E+07   2.5160647E+07   7.3387556E+07   6.1244561E-04   3.1319082E-04   3.0604751E-04
   2.8985507E-02   4.6037808E+07   2.3468621E+07   6.9506428E+07   3.1489809E-04   6.3580482E-04   3.3444059E-04
   4.3478261E-02   3.7321057E+07   1.8726957E+07   5.6048014E+07   1.6142975E-04   2.4387153E-04   1.5552590E-04
   5.7971014E-02   2.4692744E+07   1.2367210E+07   3.7059765E+07   6.5209128E-04   9.5291546E-04   6.9856086E-04
   7.2463768E-02   1.3221141E+07   6.4797095E+06   1.9700851E+07   5.4731464E-04   5.8023064E-04   5.3874250E-04
   8.6956522E-02   7.1010030E+06   3.5052899E+06   1.0606293E+07   2.2471188E-03   2.2293062E-03   2.2342127E-03
   1.0144928E-01   3.8595859E+06   1.8749653E+06   5.7345512E+06   5.5378125E-03   5.4865281E-03   5.4264856E-03
   1.1594203E-01   1.3436566E+06   6.6159884E+05   2.0052554E+06   1.8763443E-02   1.6374641E-02   1.7975218E-02
   1.3043478E-01   3.1488169E+04   1.3807646E+04   4.5295815E+04   6.7461246E-02   1.0231611E-01   7.7733607E-02
   1.4492754E-01   1.6897528E+04   7.0469512E+03   2.3944479E+04   1.2583793E-01   1.1486893E-01   1.2122820E-01
   1.5942029E-01   8.1284481E+03   4.8219607E+03   1.2950409E+04   1.4341772E-01   1.4616611E-01   1.4434809E-01
   1.7391304E-01   6.2513276E+03   3.0309467E+03   9.2822744E+03   1.6056405E-01   1.5338823E-01   1.5761205E-01
   1.8840580E-01   5.3041568E+03   2.3314975E+03   7.6356543E+03   1.7358088E-01   1.5966393E-01   1.6831226E-01
   2.0289855E-01   3.8428075E+03   1.7319696E+03   5.5747770E+03   1.9517016E-01   2.2491888E-01   2.0438665E-01
   2.1739130E-01   2.5763047E+03   1.0608314E+03   3.6371361E+03   2.0875633E-01   1.1947981E-01   1.8269711E-01
   2.3188406E-01   1.4207563E+03   8.0509523E+02   2.2258515E+03   2.2884911E-01   1.6122297E-01   2.0436998E-01
   2.4637681E-01   1.5154734E+03   5.7944570E+02   2.0949191E+03   2.1356574E-01   2.1590724E-01   2.1416376E-01
   2.6086957E-01   1.3049910E+03   5.0515779E+02   1.8101487E+03   2.2675299E-01   1.6269013E-01   2.0886949E-01
   2.7536232E-01   1.0369028E+03   5.9821317E+02   1.6351160E+03   1.9829340E-01   2.1000997E-01   2.0210860E-01
   2.8985507E-01   5.6830251E+02   1.8943417E+02   7.5773668E+02   2.5448079E-01   1.9530673E-01   2.3577259E-01
   3.0434783E-01   5.7732319E+02   4.6907509E+02   1.0463983E+03   1.9868190E-01   1.3104370E-01   1.6676142E-01
   3.1884058E-01   7.5773668E+02   5.5108122E+02   1.3088179E+03   2.4272892E-01   2.2664542E-01   2.3589287E-01
   3.3333333E-01   4.6123103E+02   2.9650566E+02   7.5773668E+02   1.7676050E-01   2.7821986E-01   2.1634747E-01
   3.4782609E-01   2.5257889E+02   3.4729598E+02   5.9987487E+02   1.9484174E-01   2.0243825E-01   1.9908882E-01
   3.6231884E-01   3.3340414E+02   6.0618935E+01   3.9402308E+02   2.9830695E-01   1.5113827E-01   2.7563928E-01
   3.7681159E-01   3.7886834E+02   2.0400603E+02   5.8287437E+02   2.1995043E-01   2.8468943E-01   2.4114846E-01
   3.9130435E-01   2.8064322E+02   5.6128643E+01   3.3677186E+02   2.6073029E-01   2.7469685E-01   2.6284331E-01
   4.0579710E-01   1.8943417E+02   1.0824810E+02   2.9768227E+02   3.0196624E-01   2.6656186E-01   2.8905212E-01
   4.2028986E-01   2.8741736E+02   5.2257702E+01   3.3967507E+02   3.3747552E-01   1.6210591E-01   3.0851681E-01
   4.3478261E-01   2.5257889E+02   1.5154734E+02   4.0412623E+02   2.3363049E-01   2.8961007E-01   2.5460826E-01
   4.4927536E-01   2.1998807E+02   0.0000000E+00   2.1998807E+02   2.6480376E-01   0.0000000E+00   2.6480376E-01
   4.6376812E-01   1.1839636E+02   4.7358543E+01   1.6575490E+02   2.2148135E-01   4.2550084E-01   2.7933481E-01
   4.7826087E-01   1.3777031E+02   2.2961718E+01   1.6073202E+02   1.8712375E-01   7.0382527E-06   1.6039254E-01
   4.9275362E-01   6.6859119E+01   2.2286373E+01   8.9145492E+01   3.1263136E-01   2.7919104E-01   3.0385073E-01
   5.0724638E-01   1.0824810E+02   8.6598478E+01   1.9484658E+02   3.6242344E-01   3.9087641E-01   3.7498322E-01
   5.2173913E-01   4.2096482E+01   2.1048241E+01   6.3144724E+01   3.7446842E-01   4.2266220E-01   3.9030660E-01
   5.3623188E-01   6.1438110E+01   2.0479370E+01   8.1917479E+01   2.8689991E-01   3.5824508E-01   3.0448208E-01
   5.5072464E-01   3.9880878E+01   1.9940439E+01   5.9821317E+01   3.7590981E-01   4.4382973E-01   3.9854681E-01
   5.6521739E-01   3.8858291E+01   3.8858291E+01   7.7716583E+01   4.0833210E-01   2.4580097E-01   3.2614928E-01
   5.7971014E-01   3.7886834E+01   0.0000000E+00   3.7886834E+01   2.4867642E-01   0.0000000E+00   2.4867642E-01
   5.9420290E-01   1.8481383E+01   3.6962765E+01   5.5444148E+01   1.7916187E-01   2.1011354E-01   1.9941448E-01
   6.0869565E-01   1.8041350E+01   0.0000000E+00   1.8041350E+01   9.0458486E-06   0.0000000E+00   9.0458486E-06
   6.2318841E-01   7.0487133E+01   1.7621783E+01   8.8108917E+01   3.4751098E-01   4.4466998E-01   3.6683116E-01
   6.3768116E-01   1.7221288E+01   1.7221288E+01   3.4442577E+01   1.8949087E-07   1.4372711E-05   7.2743049E-06
   6.5217391E-01   0.0000000E+00   0.0000000E+00   0.0000000E+00   0.0000000E+00   0.0000000E+00   0.0000000E+00
   6.6666667E-01   1.6472537E+01   0.0000000E+00   1.6472537E+01   4.5840747E-01   0.0000000E+00   4.5840747E-01
   6.8115942E-01   0.0000000E+00   0.0000000E+00   0.0000000E+00   0.0000000E+00   0.0000000E+00   0.0000000E+00
   6.9565217E-01   0.0000000E+00   1.5786181E+01   1.5786181E+01   0.0000000E+00   4.7785966E-06   4.7785966E-06
   7.1014493E-01   0.0000000E+00   1.5464014E+01   1.5464014E+01   0.0000000E+00   8.7492107E-05   8.7492107E-05
   7.2463768E-01   3.0309467E+01   0.0000000E+00   3.0309467E+01   1.7387787E-05   0.0000000E+00   1.7387787E-05
   7.3913043E-01   0.0000000E+00   1.4857582E+01   1.4857582E+01   0.0000000E+00   4.3508595E-01   4.3508595E-01
   7.5362319E-01   0.0000000E+00   0.0000000E+00   0.0000000E+00   0.0000000E+00   0.0000000E+00   0.0000000E+00
   7.6811594E-01   0.0000000E+00   0.0000000E+00   0.0000000E+00   0.0000000E+00   0.0000000E+00   0.0000000E+00
   7.8260870E-01   0.0000000E+00   0.0000000E+00   0.0000000E+00   0.0000000E+00   0.0000000E+00   0.0000000E+00
   7.9710145E-01   0.0000000E+00   0.0000000E+00   0.0000000E+00   0.0000000E+00   0.0000000E+00   0.0000000E+00
   8.1159420E-01   1.3531012E+01   0.0000000E+00   1.3531012E+01   1.4103646E-05   0.0000000E+00   1.4103646E-05
   8.2608696E-01   0.0000000E+00   1.3293626E+01   1.3293626E+01   0.0000000E+00   4.6163629E-01   4.6163629E-01
   8.4057971E-01   0.0000000E+00   0.0000000E+00   0.0000000E+00   0.0000000E+00   0.0000000E+00   0.0000000E+00
   8.5507246E-01   0.0000000E+00   0.0000000E+00   0.0000000E+00   0.0000000E+00   0.0000000E+00   0.0000000E+00
   8.6956522E-01   0.0000000E+00   0.0000000E+00   0.0000000E+00   0.0000000E+00   0.0000000E+00   0.0000000E+00
   8.8405797E-01   0.0000000E+00   0.0000000E+00   0.0000000E+00   0.0000000E+00   0.0000000E+00   0.0000000E+00
   8.9855072E-01   0.0000000E+00   0.0000000E+00   0.0000000E+00   0.0000000E+00   0.0000000E+00   0.0000000E+00
   9.1304348E-01   0.0000000E+00   0.0000000E+00   0.0000000E+00   0.0000000E+00   0.0000000E+00   0.0000000E+00
   9.2753623E-01   0.0000000E+00   0.0000000E+00   0.0000000E+00   0.0000000E+00   0.0000000E+00   0.0000000E+00
   9.4202899E-01   0.0000000E+00   0.0000000E+00   0.0000000E+00   0.0000000E+00   0.0000000E+00   0.0000000E+00
   9.5652174E-01   0.0000000E+00   0.0000000E+00   0.0000000E+00   0.0000000E+00   0.0000000E+00   0.0000000E+00
   9.7101449E-01   0.0000000E+00   0.0000000E+00   0.0000000E+00   0.0000000E+00   0.0000000E+00   0.0000000E+00
   9.8550725E-01   0.0000000E+00   0.0000000E+00   0.0000000E+00   0.0000000E+00   0.0000000E+00   0.0000000E+00
   1.0000000E+00   0.0000000E+00   0.0000000E+00   0.0000000E+00   0.0000000E+00   0.0000000E+00   0.0000000E+00
