   0.0000000E+00   1.3336166E+06   1.1638835E+06   2.4975001E+06   5.0277334E-03   2.5928218E-07   2.6848176E-03
   1.4492754E-02   1.3912046E+06   1.1707032E+06   2.5619077E+06   1.3422224E-03   4.6542708E-06   7.3063144E-04
   2.8985507E-02   1.3995397E+06   1.2074534E+06   2.6069931E+06   1.6809630E-03   3.3816667E-07   9.0253803E-04
   4.3478261E-02   1.4566225E+06   1.3121474E+06   2.7685173E+06   1.9815469E-03   3.7980391E-07   1.0427048E-03
   5.7971014E-02   1.4885737E+06   1.3341849E+06   2.8225691E+06   1.2698196E-03   5.7158831E-07   6.7227988E-04
   7.2463768E-02   1.5295673E+06   1.3865066E+06   2.9159223E+06   5.0126432E-04   7.0842505E-07   2.6263513E-04
   8.6956522E-02   1.4818804E+06   1.3912046E+06   2.8728323E+06   1.6315926E-03   7.2833537E-07   8.4137112E-04
   1.0144928E-01   1.4170758E+06   1.3339413E+06   2.7508007E+06   5.7116193E-04   1.9163837E-06   2.9451895E-04
   1.1594203E-01   1.3636419E+06   1.2245025E+06   2.5879549E+06   9.3625009E-04   7.7754060E-07   4.9319107E-04
   1.3043478E-01   1.2809960E+06   1.1255757E+06   2.4063191E+06   1.2683510E-03   8.6173616E-07   6.7498076E-04
   1.4492754E-01   1.2025281E+06   1.0307492E+06   2.2328985E+06   1.0285157E-03   8.9563824E-06   5.5779030E-04
   1.5942029E-01   1.1271678E+06   9.4055788E+05   2.0675879E+06   1.2265256E-03   2.4824511E-07   6.7453730E-04
   1.7391304E-01   1.0603262E+06   8.5207490E+05   1.9122748E+06   1.3103715E-03   2.6331010E-05   7.3533682E-04
   1.8840580E-01   9.7724717E+05   7.6222482E+05   1.7391806E+06   4.8341321E-04   3.3550772E-06   2.8703361E-04
   2.0289855E-01   9.2806507E+05   6.8228776E+05   1.6100822E+06   1.1290013E-03   1.0153567E-06   6.3656299E-04
   2.1739130E-01   8.5715174E+05   6.2528431E+05   1.4822845E+06   2.4526205E-03   7.7678927E-07   1.4182494E-03
   2.3188406E-01   8.1641392E+05   5.6214590E+05   1.3782757E+06   2.6095482E-03   7.2362267E-06   1.5561221E-03
   2.4637681E-01   7.7364915E+05   5.0469720E+05   1.2782572E+06   2.5246311E-03   4.4014202E-06   1.5295825E-03
   2.6086957E-01   7.2368063E+05   4.5047446E+05   1.1741130E+06   2.3234348E-03   5.3064514E-07   1.4320432E-03
   2.7536232E-01   6.8539277E+05   4.0263735E+05   1.0878307E+06   2.6247125E-03   2.6363405E-06   1.6469356E-03
   2.8985507E-01   6.5358578E+05   3.5867466E+05   1.0122225E+06   2.3618971E-03   9.4874410E-07   1.5253707E-03
   3.0434783E-01   6.3148332E+05   3.2665668E+05   9.5806783E+05   2.8821155E-03   3.8853052E-06   1.8881112E-03
   3.1884058E-01   5.9196456E+05   2.9655058E+05   8.8848070E+05   3.8733789E-03   7.2925777E-06   2.5818879E-03
   3.3333333E-01   5.5874844E+05   2.6227573E+05   8.2102417E+05   1.6502298E-03   1.5790577E-06   1.1121611E-03
   3.4782609E-01   5.3575141E+05   2.3496152E+05   7.7064978E+05   1.7662353E-03   5.3662305E-07   1.2119229E-03
   3.6231884E-01   5.0731986E+05   2.1322710E+05   7.2042573E+05   1.3183935E-03   3.6993204E-06   9.2109441E-04
   3.7681159E-01   4.8611723E+05   1.8654894E+05   6.7260788E+05   2.8572143E-03   2.8507033E-05   2.0727821E-03
   3.9130435E-01   4.5191977E+05   1.7099591E+05   6.2288762E+05   1.2264928E-03   5.0986076E-06   8.9112398E-04
   4.0579710E-01   4.2844597E+05   1.5417235E+05   5.8259126E+05   1.9739338E-03   5.4396882E-07   1.4517724E-03
   4.2028986E-01   4.1032748E+05   1.3924065E+05   5.4954200E+05   1.7459749E-03   2.2361075E-05   1.3060390E-03
   4.3478261E-01   3.8732974E+05   1.2358685E+05   5.1086607E+05   1.6161456E-03   2.6721152E-06   1.2259758E-03
   4.4927536E-01   3.6038934E+05   1.1111842E+05   4.7148332E+05   3.0501458E-03   1.0083347E-05   2.3338166E-03
   4.6376812E-01   3.4472283E+05   9.9192468E+04   4.4389162E+05   2.0623344E-03   2.8685730E-05   1.6038939E-03
   4.7826087E-01   3.1407037E+05   8.8815924E+04   4.0288630E+05   1.9452187E-03   5.1055360E-05   1.5068984E-03
   4.9275362E-01   2.9168405E+05   8.0097225E+04   3.7175899E+05   1.1482880E-03   1.2514434E-06   9.2019788E-04
   5.0724638E-01   2.7094499E+05   7.2309729E+04   3.4325472E+05   2.3726970E-03   2.5266904E-06   1.8733787E-03
   5.2173913E-01   2.5697798E+05   6.8533073E+04   3.2551105E+05   1.9672667E-03   2.7352987E-06   1.5525030E-03
   5.3623188E-01   2.3999774E+05   6.0229827E+04   3.0022756E+05   2.0010845E-03   5.9989387E-07   1.5995379E-03
   5.5072464E-01   2.2090018E+05   5.5593944E+04   2.7649413E+05   1.1736386E-03   2.4105708E-06   9.3791688E-04
   5.6521739E-01   2.0336487E+05   4.7912273E+04   2.5127714E+05   2.9510718E-03   9.5746118E-07   2.3882933E-03
   5.7971014E-01   1.8941523E+05   4.3361482E+04   2.3277671E+05   2.9564153E-03   7.2475017E-06   2.4068668E-03
   5.9420290E-01   1.6607370E+05   3.9309901E+04   2.0540209E+05   2.0536713E-03   1.4171120E-06   1.6718600E-03
   6.0869565E-01   1.5385663E+05   3.5830120E+04   1.8966871E+05   2.7554231E-03   1.3671563E-06   2.2349054E-03
   6.2318841E-01   1.4215493E+05   3.2653165E+04   1.7480809E+05   1.4944013E-03   1.4475807E-06   1.2155258E-03
   6.3768116E-01   1.2647314E+05   3.0171697E+04   1.5662762E+05   1.3183598E-03   2.1803901E-06   1.0647544E-03
   6.5217391E-01   1.1866156E+05   2.7783678E+04   1.4644524E+05   3.4721811E-04   8.1036762E-07   2.8119698E-04
   6.6666667E-01   1.1003654E+05   2.3456892E+04   1.3349344E+05   2.1158717E-03   1.1498037E-05   1.7454677E-03
   6.8115942E-01   9.8215572E+04   2.1377848E+04   1.1959342E+05   3.1873996E-03   9.0461396E-07   2.6177796E-03
   6.9565217E-01   8.8623620E+04   2.0048450E+04   1.0867207E+05   1.2102177E-03   4.6969501E-06   9.8775803E-04
   7.1014493E-01   8.0675761E+04   1.8108360E+04   9.8784121E+04   4.8003347E-03   1.6241581E-06   3.9200929E-03
   7.2463768E-01   7.1878902E+04   1.6094327E+04   8.7973229E+04   2.6776593E-03   2.0401016E-06   2.1874213E-03
   7.3913043E-01   6.4348188E+04   1.4055273E+04   7.8403460E+04   1.7886312E-03   1.3044955E-06   1.4680299E-03
   7.5362319E-01   5.8724593E+04   1.2371509E+04   7.1096102E+04   3.4453405E-04   3.9166909E-05   2.8231796E-04
   7.6811594E-01   5.4028055E+04   1.1194487E+04   6.5222543E+04   2.3726232E-03   1.6543008E-06   1.9651394E-03
   7.8260870E-01   4.7007739E+04   1.0931053E+04   5.7938792E+04   2.5075905E-03   3.8611582E-06   2.0337858E-03
   7.9710145E-01   4.3383869E+04   9.4923741E+03   5.2876244E+04   1.2341315E-03   1.7572007E-06   1.0127135E-03
   8.1159420E-01   3.7697400E+04   8.0780143E+03   4.5775414E+04   3.6279041E-03   2.6957421E-06   2.9873551E-03
   8.2608696E-01   3.3845572E+04   8.0692310E+03   4.1914803E+04   2.3960752E-03   1.2958725E-06   1.9347556E-03
   8.4057971E-01   3.0492369E+04   6.9241456E+03   3.7416515E+04   2.5664628E-03   6.1956446E-06   2.0909665E-03
   8.5507246E-01   2.5441972E+04   6.4857123E+03   3.1927685E+04   1.5492744E-03   6.2690152E-06   1.2357957E-03
   8.6956522E-01   2.3603498E+04   5.2662700E+03   2.8869768E+04   1.8554585E-03   2.4203197E-06   1.5166771E-03
   8.8405797E-01   2.1365690E+04   5.1302500E+03   2.6495940E+04   4.0988145E-04   4.0805606E-06   3.2974767E-04
   8.9855072E-01   1.8014579E+04   4.6564141E+03   2.2670993E+04   2.1292113E-03   9.4201143E-07   1.6919599E-03
   9.1304348E-01   1.5046486E+04   3.7405732E+03   1.8787059E+04   2.1849684E-03   1.1694447E-06   1.7497802E-03
   9.2753623E-01   1.3272232E+04   3.1730224E+03   1.6445254E+04   2.2911753E-03   1.9420519E-06   1.8487640E-03
   9.4202899E-01   1.0981353E+04   2.7628245E+03   1.3744178E+04   1.9805091E-03   2.2367846E-06   1.5828002E-03
   9.5652174E-01   8.5876824E+03   1.9402651E+03   1.0527948E+04   4.7010855E-03   3.7883923E-06   3.8347014E-03
   9.7101449E-01   6.1523695E+03   1.2214263E+03   7.3737958E+03   4.6656901E-03   1.9197834E-06   3.8925334E-03
   9.8550725E-01   3.1312354E+03   7.5773668E+02   3.8889721E+03   1.3597971E-02   9.6907393E-06   1.0947388E-02
   1.0000000E+00   2.4072501E+02   2.1884092E+01   2.6260910E+02   2.0944475E-02   2.2720935E-06   1.9198913E-02
