   0.0000000E+00   7.6379858E+05   7.9410804E+05   1.5579066E+06   1.2447735E-02   5.7124762E-03   8.6234161E-03
   1.4492754E-02   8.3502583E+05   7.4940158E+05   1.5844274E+06   1.8827377E-03   6.8593538E-04   7.2336127E-04
   2.8985507E-02   8.5434811E+05   7.7630123E+05   1.6306493E+06   1.5810459E-03   5.1870525E-04   9.9669030E-04
   4.3478261E-02   8.9311897E+05   8.1355662E+05   1.7066756E+06   4.8379116E-03   5.3970638E-04   2.3735971E-03
   5.7971014E-02   9.2728027E+05   8.6533529E+05   1.7926156E+06   1.7002060E-03   4.8551716E-04   8.2372838E-04
   7.2463768E-02   9.0003963E+05   8.7033636E+05   1.7703760E+06   1.6252295E-03   3.8989622E-04   1.0178041E-03
   8.6956522E-02   9.1383044E+05   8.7670134E+05   1.7905318E+06   7.7203726E-04   1.7451756E-04   4.0460182E-04
   1.0144928E-01   8.9218082E+05   8.2636598E+05   1.7185468E+06   9.6139961E-04   2.6435849E-04   5.0741411E-04
   1.1594203E-01   8.4913867E+05   7.9240314E+05   1.6414471E+06   1.9974209E-03   4.3760931E-04   1.1634870E-03
   1.3043478E-01   8.1742950E+05   7.2810076E+05   1.5454461E+06   3.1742021E-03   6.7033577E-04   1.9940941E-03
   1.4492754E-01   7.7804403E+05   6.7294595E+05   1.4509900E+06   3.0865440E-03   1.6120912E-04   1.6762522E-03
   1.5942029E-01   7.3865550E+05   6.2864591E+05   1.3672325E+06   1.6385747E-03   4.3019627E-04   1.0554220E-03
   1.7391304E-01   7.1681890E+05   5.8156291E+05   1.2982555E+06   5.3851982E-03   6.2931840E-04   2.9073230E-03
   1.8840580E-01   6.7794118E+05   5.3612785E+05   1.2140690E+06   6.9957909E-03   4.2148709E-04   3.8190882E-03
   2.0289855E-01   6.4802724E+05   4.9561392E+05   1.1436412E+06   5.1805762E-03   8.6892096E-04   2.5811181E-03
   2.1739130E-01   6.1735333E+05   4.5423788E+05   1.0715407E+06   6.3176106E-03   1.4352898E-03   4.1273022E-03
   2.3188406E-01   5.9714387E+05   4.2243820E+05   1.0194400E+06   7.2350089E-03   7.9088186E-04   4.5045887E-03
   2.4637681E-01   5.7244778E+05   3.9411222E+05   9.6651543E+05   9.1028799E-03   9.4980122E-04   5.7771566E-03
   2.6086957E-01   5.4813830E+05   3.6788116E+05   9.1597736E+05   1.1359845E-02   6.8579152E-04   7.0650187E-03
   2.7536232E-01   5.1809249E+05   3.3531842E+05   8.5341091E+05   9.7511133E-03   8.0464159E-04   5.8764447E-03
   2.8985507E-01   5.1537461E+05   3.2325047E+05   8.3858719E+05   1.2699601E-02   5.4865666E-04   7.8902258E-03
   3.0434783E-01   4.8718861E+05   2.9176471E+05   7.7895331E+05   1.1754133E-02   8.6489050E-04   7.5534688E-03
   3.1884058E-01   4.8123168E+05   2.7199303E+05   7.5322471E+05   1.2092822E-02   5.2116470E-04   7.8007579E-03
   3.3333333E-01   4.6169226E+05   2.5338056E+05   7.1507281E+05   1.2887162E-02   1.4820086E-03   8.8350601E-03
   3.4782609E-01   4.3705620E+05   2.3369862E+05   6.7072325E+05   1.6080856E-02   1.0240049E-03   1.0824499E-02
   3.6231884E-01   4.2387790E+05   2.2165313E+05   6.4550073E+05   1.5292736E-02   1.5742202E-03   1.0577024E-02
   3.7681159E-01   4.0474796E+05   2.1117539E+05   6.1589421E+05   1.6473585E-02   1.4312456E-03   1.1318832E-02
   3.9130435E-01   3.9306889E+05   1.9684315E+05   5.8985591E+05   1.6955441E-02   1.5073823E-03   1.1762901E-02
   4.0579710E-01   3.7624333E+05   1.8096376E+05   5.5720708E+05   1.8949263E-02   1.6434814E-03   1.3206131E-02
   4.2028986E-01   3.6538585E+05   1.6826980E+05   5.3360340E+05   1.8021655E-02   2.6404293E-03   1.3165388E-02
   4.3478261E-01   3.4668979E+05   1.5622005E+05   5.0290984E+05   1.7089084E-02   1.4366622E-03   1.2119600E-02
   4.4927536E-01   3.3115537E+05   1.4993409E+05   4.8108947E+05   1.9879422E-02   2.1590142E-03   1.4331055E-02
   4.6376812E-01   3.1749167E+05   1.3693723E+05   4.5440522E+05   2.0353685E-02   1.4573618E-03   1.4553613E-02
   4.7826087E-01   3.0568935E+05   1.3030775E+05   4.3599710E+05   2.0231128E-02   1.7821549E-03   1.4504044E-02
   4.9275362E-01   2.9587389E+05   1.2048013E+05   4.1635402E+05   2.1516585E-02   2.4889037E-03   1.6008202E-02
   5.0724638E-01   2.8499559E+05   1.1320586E+05   3.9820145E+05   2.1040005E-02   1.8820700E-03   1.5504489E-02
   5.2173913E-01   2.7358504E+05   1.0616733E+05   3.7975237E+05   2.2829807E-02   1.2905884E-03   1.6735554E-02
   5.3623188E-01   2.5941218E+05   9.8792480E+04   3.5820466E+05   2.2902100E-02   2.6386038E-03   1.7307111E-02
   5.5072464E-01   2.4706204E+05   9.4318277E+04   3.4136038E+05   2.4664655E-02   1.6825784E-03   1.8082673E-02
   5.6521739E-01   2.3911450E+05   8.7353439E+04   3.2646794E+05   2.5098443E-02   2.8833579E-03   1.9154314E-02
   5.7971014E-01   2.2752938E+05   8.2441751E+04   3.0997113E+05   2.4681055E-02   2.9802628E-03   1.8906575E-02
   5.9420290E-01   2.1772917E+05   7.7899027E+04   2.9562820E+05   2.6790301E-02   5.3802500E-03   2.1142910E-02
   6.0869565E-01   2.0792655E+05   7.2201481E+04   2.8012804E+05   2.7759337E-02   1.4636923E-03   2.0937488E-02
   6.2318841E-01   1.9757543E+05   6.8213923E+04   2.6577174E+05   2.8474317E-02   4.6556619E-03   2.2358978E-02
   6.3768116E-01   1.8972693E+05   6.4528167E+04   2.5423788E+05   2.8002180E-02   4.3147918E-03   2.1969348E-02
   6.5217391E-01   1.8199151E+05   5.9827521E+04   2.4181903E+05   2.9547299E-02   4.8232700E-03   2.3418774E-02
   6.6666667E-01   1.7164383E+05   5.6649053E+04   2.2827641E+05   2.9323470E-02   3.5852155E-03   2.2923521E-02
   6.8115942E-01   1.6729859E+05   5.2590150E+04   2.1988874E+05   3.3049545E-02   6.2895677E-03   2.6579173E-02
   6.9565217E-01   1.5696200E+05   4.8479362E+04   2.0544136E+05   3.2530949E-02   5.7844536E-03   2.6039534E-02
   7.1014493E-01   1.4856278E+05   4.6995138E+04   1.9555792E+05   3.2066264E-02   6.7003173E-03   2.5937313E-02
   7.2463768E-01   1.4265151E+05   4.4054811E+04   1.8670632E+05   3.4808966E-02   6.2534069E-03   2.8068716E-02
   7.3913043E-01   1.3110330E+05   3.8837719E+04   1.6994102E+05   3.7602383E-02   6.7945382E-03   3.0557608E-02
   7.5362319E-01   1.2722690E+05   3.8207415E+04   1.6543432E+05   3.8179596E-02   6.4029374E-03   3.0792087E-02
   7.6811594E-01   1.1855005E+05   3.4241120E+04   1.5279117E+05   4.0577214E-02   6.4232380E-03   3.2779331E-02
   7.8260870E-01   1.1356228E+05   3.2737031E+04   1.4629931E+05   4.0464384E-02   7.3786220E-03   3.3055057E-02
   7.9710145E-01   1.0703375E+05   2.9717055E+04   1.3675081E+05   4.0909861E-02   7.6571274E-03   3.3632020E-02
   8.1159420E-01   9.9060540E+04   2.7589734E+04   1.2665027E+05   4.5971872E-02   7.6639861E-03   3.7622536E-02
   8.2608696E-01   9.4132166E+04   2.6374554E+04   1.2050672E+05   4.1325001E-02   4.3364467E-03   3.3188948E-02
   8.4057971E-01   8.6708593E+04   2.4613378E+04   1.1132197E+05   4.5634460E-02   3.7570544E-03   3.6136849E-02
   8.5507246E-01   8.2233695E+04   2.0844180E+04   1.0307788E+05   5.0286971E-02   8.5469309E-03   4.1846340E-02
   8.6956522E-01   7.5470574E+04   1.9701154E+04   9.5171728E+04   4.8282695E-02   1.0102061E-02   4.0354071E-02
   8.8405797E-01   6.8357786E+04   1.7216771E+04   8.5574558E+04   5.2408949E-02   7.4214253E-03   4.3322889E-02
   8.9855072E-01   6.5959756E+04   1.5704704E+04   8.1652238E+04   5.5802467E-02   7.8401989E-03   4.6585398E-02
   9.1304348E-01   5.7359464E+04   1.4505245E+04   7.1864709E+04   5.4331828E-02   1.1925985E-02   4.5679319E-02
   9.2753623E-01   5.2271992E+04   1.2538174E+04   6.4810166E+04   5.9364805E-02   6.8424618E-03   4.9198825E-02
   9.4202899E-01   4.5405914E+04   1.1599200E+04   5.7005114E+04   5.5894999E-02   1.4275977E-02   4.7359154E-02
   9.5652174E-01   3.9471193E+04   9.1961679E+03   4.8667361E+04   6.6882447E-02   1.5235819E-02   5.7091532E-02
   9.7101449E-01   3.0354705E+04   7.1928437E+03   3.7547549E+04   7.4204196E-02   1.4151248E-02   6.2699441E-02
   9.8550725E-01   1.6313625E+04   3.8443994E+03   2.0158024E+04   7.7458165E-02   1.2185352E-02   6.4951212E-02
   1.0000000E+00   1.3568137E+03   2.8449320E+02   1.6413069E+03   7.8064318E-02   3.4090441E-02   6.9992635E-02
