   0.0000000E+00   7.3955100E+05   3.3340414E+05   1.0729551E+06   5.7332383E-03   1.5912262E-02   4.4871142E-03
   1.4492754E-02   8.5321151E+05   4.5767296E+05   1.3108845E+06   2.4918464E-03   9.8911044E-03   4.7917220E-03
   2.8985507E-02   7.0696833E+05   3.7470079E+05   1.0816691E+06   1.8534962E-03   2.8347453E-03   4.7621761E-04
   4.3478261E-02   4.2433254E+05   2.0206312E+05   6.2639566E+05   2.0190070E-03   1.0060795E-03   1.6917779E-03
   5.7971014E-02   2.3622441E+05   1.2805750E+05   3.6428191E+05   2.7642559E-03   5.2187023E-03   1.4068190E-03
   7.2463768E-02   5.3647757E+04   2.3035195E+04   7.6682952E+04   2.0041254E-03   1.0121966E-02   3.4520236E-03
   8.6956522E-02   1.2755234E+04   6.3144724E+03   1.9069707E+04   2.2997315E-02   1.2186693E-02   1.2891770E-02
   1.0144928E-01   7.6856149E+03   3.2474429E+03   1.0933058E+04   3.1487210E-02   5.8393817E-02   6.8083102E-03
   1.1594203E-01   2.1784930E+03   7.5773668E+02   2.9362297E+03   1.0211341E-02   1.2017269E-06   7.5762406E-03
   1.3043478E-01   3.3677186E+02   0.0000000E+00   3.3677186E+02   1.3890500E-01   0.0000000E+00   1.3890500E-01
   1.4492754E-01   5.3041568E+02   2.2732101E+02   7.5773668E+02   9.9811385E-02   1.8650472E-01   1.2417185E-01
   1.5942029E-01   6.8885153E+01   6.8885153E+01   1.3777031E+02   3.5335074E-05   2.1416734E-06   1.7138974E-05
   1.7391304E-01   2.5257889E+02   6.3144724E+01   3.1572362E+02   2.2185846E-01   3.1561580E-01   2.4034653E-01
   1.8840580E-01   2.3314975E+02   5.8287437E+01   2.9143719E+02   2.3029890E-01   1.0294970E-05   1.8424103E-01
   2.0289855E-01   2.1649620E+02   1.0824810E+02   3.2474429E+02   1.5320690E-01   3.6510813E-05   1.0212577E-01
   2.1739130E-01   1.0103156E+02   5.0515779E+01   1.5154734E+02   2.1140103E-01   4.1994207E-01   2.8080090E-01
   2.3188406E-01   0.0000000E+00   4.7358543E+01   4.7358543E+01   0.0000000E+00   1.5868119E-01   1.5868119E-01
   2.4637681E-01   1.3371824E+02   4.4572746E+01   1.7829098E+02   3.9142512E-01   4.9694595E-07   2.9356896E-01
   2.6086957E-01   4.2096482E+01   0.0000000E+00   4.2096482E+01   2.0999605E-06   0.0000000E+00   2.0999605E-06
   2.7536232E-01   0.0000000E+00   3.9880878E+01   3.9880878E+01   0.0000000E+00   6.3692899E-06   6.3692899E-06
   2.8985507E-01   0.0000000E+00   0.0000000E+00   0.0000000E+00   0.0000000E+00   0.0000000E+00   0.0000000E+00
   3.0434783E-01   0.0000000E+00   0.0000000E+00   0.0000000E+00   0.0000000E+00   0.0000000E+00   0.0000000E+00
   3.1884058E-01   0.0000000E+00   0.0000000E+00   0.0000000E+00   0.0000000E+00   0.0000000E+00   0.0000000E+00
   3.3333333E-01   3.2945073E+01   0.0000000E+00   3.2945073E+01   2.1983614E-06   0.0000000E+00   2.1983614E-06
   3.4782609E-01   3.1572362E+01   0.0000000E+00   3.1572362E+01   2.1266477E-06   0.0000000E+00   2.1266477E-06
   3.6231884E-01   0.0000000E+00   0.0000000E+00   0.0000000E+00   0.0000000E+00   0.0000000E+00   0.0000000E+00
   3.7681159E-01   0.0000000E+00   0.0000000E+00   0.0000000E+00   0.0000000E+00   0.0000000E+00   0.0000000E+00
   3.9130435E-01   5.6128643E+01   0.0000000E+00   5.6128643E+01   1.9872724E-01   0.0000000E+00   1.9872724E-01
   4.0579710E-01   0.0000000E+00   0.0000000E+00   0.0000000E+00   0.0000000E+00   0.0000000E+00   0.0000000E+00
   4.2028986E-01   0.0000000E+00   0.0000000E+00   0.0000000E+00   0.0000000E+00   0.0000000E+00   0.0000000E+00
   4.3478261E-01   0.0000000E+00   0.0000000E+00   0.0000000E+00   0.0000000E+00   0.0000000E+00   0.0000000E+00
   4.4927536E-01   0.0000000E+00   0.0000000E+00   0.0000000E+00   0.0000000E+00   0.0000000E+00   0.0000000E+00
   4.6376812E-01   0.0000000E+00   0.0000000E+00   0.0000000E+00   0.0000000E+00   0.0000000E+00   0.0000000E+00
   4.7826087E-01   0.0000000E+00   0.0000000E+00   0.0000000E+00   0.0000000E+00   0.0000000E+00   0.0000000E+00
   4.9275362E-01   0.0000000E+00   0.0000000E+00   0.0000000E+00   0.0000000E+00   0.0000000E+00   0.0000000E+00
   5.0724638E-01   0.0000000E+00   0.0000000E+00   0.0000000E+00   0.0000000E+00   0.0000000E+00   0.0000000E+00
   5.2173913E-01   0.0000000E+00   0.0000000E+00   0.0000000E+00   0.0000000E+00   0.0000000E+00   0.0000000E+00
   5.3623188E-01   0.0000000E+00   0.0000000E+00   0.0000000E+00   0.0000000E+00   0.0000000E+00   0.0000000E+00
   5.5072464E-01   0.0000000E+00   0.0000000E+00   0.0000000E+00   0.0000000E+00   0.0000000E+00   0.0000000E+00
   5.6521739E-01   0.0000000E+00   0.0000000E+00   0.0000000E+00   0.0000000E+00   0.0000000E+00   0.0000000E+00
   5.7971014E-01   0.0000000E+00   0.0000000E+00   0.0000000E+00   0.0000000E+00   0.0000000E+00   0.0000000E+00
   5.9420290E-01   0.0000000E+00   0.0000000E+00   0.0000000E+00   0.0000000E+00   0.0000000E+00   0.0000000E+00
   6.0869565E-01   0.0000000E+00   0.0000000E+00   0.0000000E+00   0.0000000E+00   0.0000000E+00   0.0000000E+00
   6.2318841E-01   0.0000000E+00   0.0000000E+00   0.0000000E+00   0.0000000E+00   0.0000000E+00   0.0000000E+00
   6.3768116E-01   0.0000000E+00   0.0000000E+00   0.0000000E+00   0.0000000E+00   0.0000000E+00   0.0000000E+00
   6.5217391E-01   0.0000000E+00   0.0000000E+00   0.0000000E+00   0.0000000E+00   0.0000000E+00   0.0000000E+00
   6.6666667E-01   0.0000000E+00   0.0000000E+00   0.0000000E+00   0.0000000E+00   0.0000000E+00   0.0000000E+00
   6.8115942E-01   0.0000000E+00   0.0000000E+00   0.0000000E+00   0.0000000E+00   0.0000000E+00   0.0000000E+00
   6.9565217E-01   0.0000000E+00   0.0000000E+00   0.0000000E+00   0.0000000E+00   0.0000000E+00   0.0000000E+00
   7.1014493E-01   0.0000000E+00   0.0000000E+00   0.0000000E+00   0.0000000E+00   0.0000000E+00   0.0000000E+00
   7.2463768E-01   0.0000000E+00   0.0000000E+00   0.0000000E+00   0.0000000E+00   0.0000000E+00   0.0000000E+00
   7.3913043E-01   0.0000000E+00   0.0000000E+00   0.0000000E+00   0.0000000E+00   0.0000000E+00   0.0000000E+00
   7.5362319E-01   0.0000000E+00   0.0000000E+00   0.0000000E+00   0.0000000E+00   0.0000000E+00   0.0000000E+00
   7.6811594E-01   0.0000000E+00   0.0000000E+00   0.0000000E+00   0.0000000E+00   0.0000000E+00   0.0000000E+00
   7.8260870E-01   0.0000000E+00   0.0000000E+00   0.0000000E+00   0.0000000E+00   0.0000000E+00   0.0000000E+00
   7.9710145E-01   0.0000000E+00   0.0000000E+00   0.0000000E+00   0.0000000E+00   0.0000000E+00   0.0000000E+00
   8.1159420E-01   0.0000000E+00   0.0000000E+00   0.0000000E+00   0.0000000E+00   0.0000000E+00   0.0000000E+00
   8.2608696E-01   0.0000000E+00   0.0000000E+00   0.0000000E+00   0.0000000E+00   0.0000000E+00   0.0000000E+00
   8.4057971E-01   0.0000000E+00   0.0000000E+00   0.0000000E+00   0.0000000E+00   0.0000000E+00   0.0000000E+00
   8.5507246E-01   0.0000000E+00   0.0000000E+00   0.0000000E+00   0.0000000E+00   0.0000000E+00   0.0000000E+00
   8.6956522E-01   0.0000000E+00   0.0000000E+00   0.0000000E+00   0.0000000E+00   0.0000000E+00   0.0000000E+00
   8.8405797E-01   0.0000000E+00   0.0000000E+00   0.0000000E+00   0.0000000E+00   0.0000000E+00   0.0000000E+00
   8.9855072E-01   0.0000000E+00   0.0000000E+00   0.0000000E+00   0.0000000E+00   0.0000000E+00   0.0000000E+00
   9.1304348E-01   0.0000000E+00   0.0000000E+00   0.0000000E+00   0.0000000E+00   0.0000000E+00   0.0000000E+00
   9.2753623E-01   0.0000000E+00   0.0000000E+00   0.0000000E+00   0.0000000E+00   0.0000000E+00   0.0000000E+00
   9.4202899E-01   0.0000000E+00   0.0000000E+00   0.0000000E+00   0.0000000E+00   0.0000000E+00   0.0000000E+00
   9.5652174E-01   0.0000000E+00   0.0000000E+00   0.0000000E+00   0.0000000E+00   0.0000000E+00   0.0000000E+00
   9.7101449E-01   0.0000000E+00   0.0000000E+00   0.0000000E+00   0.0000000E+00   0.0000000E+00   0.0000000E+00
   9.8550725E-01   0.0000000E+00   0.0000000E+00   0.0000000E+00   0.0000000E+00   0.0000000E+00   0.0000000E+00
   1.0000000E+00   0.0000000E+00   0.0000000E+00   0.0000000E+00   0.0000000E+00   0.0000000E+00   0.0000000E+00
