   0.0000000E+00   7.7543741E+07   4.0129735E+07   1.1767348E+08   3.9744552E-03   1.2353119E-04   2.6036054E-03
   1.4492754E-02   8.1480941E+07   4.2615869E+07   1.2409605E+08   8.8797816E-04   4.7500082E-04   5.4749147E-04
   2.8985507E-02   6.7606025E+07   3.4876346E+07   1.0248199E+08   2.3647441E-04   2.9576535E-04   1.6824842E-04
   4.3478261E-02   4.1076906E+07   2.0841547E+07   6.1918201E+07   2.7785788E-04   3.4922041E-04   2.0350917E-04
   5.7971014E-02   2.4178241E+07   1.2058811E+07   3.6236484E+07   6.4344912E-04   3.5556945E-04   3.1680049E-04
   7.2463768E-02   6.6191330E+06   2.9697216E+06   9.5888546E+06   6.7984738E-04   5.8317199E-04   3.9998012E-04
   8.6956522E-02   2.2943004E+06   9.4426620E+05   3.2385666E+06   2.6864653E-03   2.0980519E-03   2.2270431E-03
   1.0144928E-01   1.0500065E+06   4.2043561E+05   1.4704422E+06   2.5363430E-03   3.1492157E-03   2.6885732E-03
   1.1594203E-01   3.0432600E+05   1.1953296E+05   4.2385896E+05   1.0338262E-02   5.2005463E-03   8.8119789E-03
   1.3043478E-01   1.9027610E+04   5.1357709E+03   2.4163381E+04   9.6367452E-02   1.2748978E-02   7.8289906E-02
   1.4492754E-01   1.7200623E+04   3.7129098E+03   2.0913532E+04   1.2533153E-01   2.7941616E-02   1.0775330E-01
   1.5942029E-01   1.3432605E+04   3.2376022E+03   1.6670207E+04   1.4783792E-01   2.8425992E-02   1.2424966E-01
   1.7391304E-01   1.1997497E+04   2.7783678E+03   1.4775865E+04   1.4370249E-01   3.6280880E-02   1.2349953E-01
   1.8840580E-01   1.2590086E+04   2.5063598E+03   1.5096446E+04   1.6739679E-01   3.1125717E-02   1.4464843E-01
   2.0289855E-01   9.2552124E+03   1.4072253E+03   1.0662438E+04   1.6535466E-01   3.8301333E-02   1.4848501E-01
   2.1739130E-01   9.2949033E+03   1.5659891E+03   1.0860892E+04   2.1452497E-01   1.7901655E-02   1.8615409E-01
   2.3188406E-01   6.3460447E+03   1.1839636E+03   7.5300083E+03   1.9251354E-01   2.8448491E-02   1.6669184E-01
   2.4637681E-01   5.7498842E+03   1.2034641E+03   6.9533484E+03   1.7282013E-01   2.3423796E-06   1.4290935E-01
   2.6086957E-01   4.8410955E+03   1.1366050E+03   5.9777005E+03   1.5754817E-01   1.5878050E-02   1.3061078E-01
   2.7536232E-01   4.3071348E+03   5.9821317E+02   4.9053480E+03   1.6523314E-01   9.0695514E-03   1.4614080E-01
   2.8985507E-01   3.3340414E+03   4.9252884E+02   3.8265703E+03   1.0161313E-01   1.0695657E-05   8.8535584E-02
   3.0434783E-01   3.2113602E+03   3.6082699E+01   3.2474429E+03   1.4376422E-01   7.6916322E-05   1.4216737E-01
   3.1884058E-01   2.4109804E+03   3.0998319E+02   2.7209635E+03   9.4501076E-02   4.4535323E-07   8.3735085E-02
   3.3333333E-01   2.0755396E+03   1.9767044E+02   2.2732101E+03   1.1240642E-01   3.8079880E-02   1.0579880E-01
   3.4782609E-01   1.3891839E+03   1.5786181E+02   1.5470457E+03   6.3547425E-02   4.1261008E-05   5.7067100E-02
   3.6231884E-01   1.4548544E+03   9.0928402E+01   1.5457828E+03   4.8898013E-02   5.5238004E-06   4.6021335E-02
   3.7681159E-01   8.4516784E+02   1.4571859E+02   9.9088643E+02   9.4866034E-02   8.2549865E-02   9.2779582E-02
   3.9130435E-01   9.5418694E+02   5.6128643E+01   1.0103156E+03   1.1611081E-01   1.3294434E-05   1.0965949E-01
   4.0579710E-01   6.4948859E+02   5.4124049E+01   7.0361264E+02   1.1700936E-01   1.8657984E-06   1.0800879E-01
   4.2028986E-01   4.1806162E+02   0.0000000E+00   4.1806162E+02   1.3897323E-01   0.0000000E+00   1.3897323E-01
   4.3478261E-01   1.5154734E+02   7.5773668E+01   2.2732101E+02   1.1844533E-01   1.3139609E-01   1.2254609E-01
   4.4927536E-01   1.2221559E+02   0.0000000E+00   1.2221559E+02   2.4007181E-01   0.0000000E+00   2.4007181E-01
   4.6376812E-01   1.6575490E+02   2.3679271E+01   1.8943417E+02   1.5313974E-01   1.9514040E-05   1.3399498E-01
   4.7826087E-01   4.5923435E+01   2.2961718E+01   6.8885153E+01   8.1011292E-07   2.0735213E-05   7.4285334E-06
   4.9275362E-01   6.6859119E+01   0.0000000E+00   6.6859119E+01   3.4699810E-01   0.0000000E+00   3.4699810E-01
   5.0724638E-01   6.4948859E+01   0.0000000E+00   6.4948859E+01   2.5924389E-01   0.0000000E+00   2.5924389E-01
   5.2173913E-01   4.2096482E+01   0.0000000E+00   4.2096482E+01   3.3510825E-01   0.0000000E+00   3.3510825E-01
   5.3623188E-01   0.0000000E+00   0.0000000E+00   0.0000000E+00   0.0000000E+00   0.0000000E+00   0.0000000E+00
   5.5072464E-01   3.9880878E+01   0.0000000E+00   3.9880878E+01   3.1261403E-01   0.0000000E+00   3.1261403E-01
   5.6521739E-01   0.0000000E+00   0.0000000E+00   0.0000000E+00   0.0000000E+00   0.0000000E+00   0.0000000E+00
   5.7971014E-01   1.8943417E+01   0.0000000E+00   1.8943417E+01   2.7254384E-01   0.0000000E+00   2.7254384E-01
   5.9420290E-01   1.8481383E+01   0.0000000E+00   1.8481383E+01   4.2700738E-01   0.0000000E+00   4.2700738E-01
   6.0869565E-01   0.0000000E+00   0.0000000E+00   0.0000000E+00   0.0000000E+00   0.0000000E+00   0.0000000E+00
   6.2318841E-01   3.5243567E+01   0.0000000E+00   3.5243567E+01   3.8262780E-01   0.0000000E+00   3.8262780E-01
   6.3768116E-01   3.4442577E+01   0.0000000E+00   3.4442577E+01   2.1366382E-01   0.0000000E+00   2.1366382E-01
   6.5217391E-01   3.3677186E+01   0.0000000E+00   3.3677186E+01   3.3817766E-05   0.0000000E+00   3.3817766E-05
   6.6666667E-01   1.6472537E+01   0.0000000E+00   1.6472537E+01   5.2633975E-07   0.0000000E+00   5.2633975E-07
   6.8115942E-01   0.0000000E+00   0.0000000E+00   0.0000000E+00   0.0000000E+00   0.0000000E+00   0.0000000E+00
   6.9565217E-01   4.7358543E+01   0.0000000E+00   4.7358543E+01   1.0232027E-01   0.0000000E+00   1.0232027E-01
   7.1014493E-01   3.0928028E+01   0.0000000E+00   3.0928028E+01   2.1351350E-01   0.0000000E+00   2.1351350E-01
   7.2463768E-01   0.0000000E+00   0.0000000E+00   0.0000000E+00   0.0000000E+00   0.0000000E+00   0.0000000E+00
   7.3913043E-01   1.4857582E+01   0.0000000E+00   1.4857582E+01   2.9533794E-06   0.0000000E+00   2.9533794E-06
   7.5362319E-01   1.4571859E+01   0.0000000E+00   1.4571859E+01   3.0589835E-06   0.0000000E+00   3.0589835E-06
   7.6811594E-01   2.8593837E+01   0.0000000E+00   2.8593837E+01   1.3757250E-06   0.0000000E+00   1.3757250E-06
   7.8260870E-01   0.0000000E+00   0.0000000E+00   0.0000000E+00   0.0000000E+00   0.0000000E+00   0.0000000E+00
   7.9710145E-01   1.3777031E+01   0.0000000E+00   1.3777031E+01   4.2026753E-01   0.0000000E+00   4.2026753E-01
   8.1159420E-01   0.0000000E+00   0.0000000E+00   0.0000000E+00   0.0000000E+00   0.0000000E+00   0.0000000E+00
   8.2608696E-01   1.3293626E+01   0.0000000E+00   1.3293626E+01   2.4101529E-06   0.0000000E+00   2.4101529E-06
   8.4057971E-01   2.6128851E+01   1.3064426E+01   3.9193277E+01   5.1725106E-06   1.9062822E-05   2.9329059E-06
   8.5507246E-01   0.0000000E+00   0.0000000E+00   0.0000000E+00   0.0000000E+00   0.0000000E+00   0.0000000E+00
   8.6956522E-01   0.0000000E+00   0.0000000E+00   0.0000000E+00   0.0000000E+00   0.0000000E+00   0.0000000E+00
   8.8405797E-01   0.0000000E+00   0.0000000E+00   0.0000000E+00   0.0000000E+00   0.0000000E+00   0.0000000E+00
   8.9855072E-01   0.0000000E+00   0.0000000E+00   0.0000000E+00   0.0000000E+00   0.0000000E+00   0.0000000E+00
   9.1304348E-01   2.4055133E+01   0.0000000E+00   2.4055133E+01   4.0850582E-06   0.0000000E+00   4.0850582E-06
   9.2753623E-01   1.1839636E+01   0.0000000E+00   1.1839636E+01   3.4981815E-06   0.0000000E+00   3.4981815E-06
   9.4202899E-01   0.0000000E+00   0.0000000E+00   0.0000000E+00   0.0000000E+00   0.0000000E+00   0.0000000E+00
   9.5652174E-01   0.0000000E+00   0.0000000E+00   0.0000000E+00   0.0000000E+00   0.0000000E+00   0.0000000E+00
   9.7101449E-01   0.0000000E+00   0.0000000E+00   0.0000000E+00   0.0000000E+00   0.0000000E+00   0.0000000E+00
   9.8550725E-01   0.0000000E+00   0.0000000E+00   0.0000000E+00   0.0000000E+00   0.0000000E+00   0.0000000E+00
   1.0000000E+00   0.0000000E+00   0.0000000E+00   0.0000000E+00   0.0000000E+00   0.0000000E+00   0.0000000E+00
