   0.0000000E+00   7.3561077E+07   3.5583315E+07   1.0914439E+08   1.0645218E-03   4.4256077E-05   7.3074194E-04
   1.4492754E-02   7.0117164E+07   3.4233028E+07   1.0435019E+08   3.2151879E-04   3.6987406E-05   2.2724993E-04
   2.8985507E-02   5.8684433E+07   2.9285386E+07   8.7969061E+07   9.0128245E-04   3.6673899E-06   6.0076702E-04
   4.3478261E-02   4.0478294E+07   2.0277791E+07   6.0755832E+07   6.7550588E-05   1.0221880E-04   5.0423553E-05
   5.7971014E-02   2.3604066E+07   1.1955948E+07   3.5559446E+07   3.9088512E-04   1.9796414E-04   3.1575737E-04
   7.2463768E-02   9.9333217E+06   5.1172989E+06   1.5050318E+07   1.0755558E-03   2.8229439E-04   6.9060089E-04
   8.6956522E-02   4.1535336E+06   2.1858178E+06   6.3393514E+06   4.5345216E-04   5.5234681E-04   4.8136257E-04
   1.0144928E-01   1.7264489E+06   9.3104189E+05   2.6574908E+06   6.2946356E-03   3.7092379E-04   4.1950574E-03
   1.1594203E-01   4.4962200E+05   2.4522253E+05   6.9484454E+05   1.0242535E-02   3.8224475E-04   6.7597265E-03
   1.3043478E-01   3.1319783E+04   1.4396997E+04   4.5716780E+04   1.0061919E-01   3.9690471E-05   6.8922063E-02
   1.4492754E-01   1.6745981E+04   7.0469512E+03   2.3792932E+04   1.5141228E-01   2.2823013E-06   1.0656779E-01
   1.5942029E-01   1.3019294E+04   5.0286162E+03   1.8047910E+04   2.0009053E-01   3.7023780E-06   1.4434010E-01
   1.7391304E-01   1.1871208E+04   3.4098151E+03   1.5281023E+04   2.3091820E-01   1.4520651E-05   1.7938796E-01
   1.8840580E-01   9.2094151E+03   2.3897849E+03   1.1599200E+04   2.6084977E-01   8.1968347E-06   2.0710559E-01
   2.0289855E-01   6.6031340E+03   1.9484658E+03   8.5515997E+03   2.5715240E-01   1.9153957E-06   1.9856046E-01
   2.1739130E-01   5.7082830E+03   1.7680523E+03   7.4763353E+03   2.3612503E-01   1.7169530E-05   1.8028060E-01
   2.3188406E-01   3.7413249E+03   1.2786807E+03   5.0200055E+03   2.6541262E-01   1.3968037E-04   1.9777437E-01
   2.4637681E-01   3.1646650E+03   8.9145492E+02   4.0561199E+03   2.8727523E-01   3.5694751E-06   2.2413706E-01
   2.6086957E-01   2.6520784E+03   7.5773668E+02   3.4098151E+03   2.9059371E-01   1.9952380E-05   2.2601294E-01
   2.7536232E-01   1.5553542E+03   6.7797493E+02   2.2333292E+03   3.1695258E-01   3.3531968E-05   2.2072621E-01
   2.8985507E-01   1.6291339E+03   4.5464201E+02   2.0837759E+03   3.5065946E-01   1.0284621E-05   2.7415414E-01
   3.0434783E-01   1.4433080E+03   5.0515779E+02   1.9484658E+03   3.5100137E-01   3.5480969E-06   2.6000010E-01
   3.1884058E-01   1.1021624E+03   2.7554061E+02   1.3777031E+03   3.9386891E-01   3.0148583E-06   3.1509530E-01
   3.3333333E-01   7.2479161E+02   3.2945073E+01   7.5773668E+02   3.6932425E-01   4.0286784E-06   3.5326650E-01
   3.4782609E-01   5.6830251E+02   6.3144724E+01   6.3144724E+02   3.9128260E-01   4.5763089E-06   3.5215389E-01
   3.6231884E-01   2.7278521E+02   9.0928402E+01   3.6371361E+02   3.6062036E-01   1.6076093E-06   2.7046548E-01
   3.7681159E-01   2.6229347E+02   5.8287437E+01   3.2058090E+02   3.3330258E-01   3.8224390E-05   2.7269517E-01
   3.9130435E-01   5.6128643E+01   2.8064322E+01   8.4192965E+01   3.6294357E-01   1.0105380E-06   2.4196206E-01
   4.0579710E-01   5.4124049E+01   5.4124049E+01   1.0824810E+02   4.5579856E-01   1.4675610E-05   2.2789213E-01
   4.2028986E-01   5.2257702E+01   0.0000000E+00   5.2257702E+01   4.2140335E-01   0.0000000E+00   4.2140335E-01
   4.3478261E-01   5.0515779E+01   0.0000000E+00   5.0515779E+01   4.4625257E-01   0.0000000E+00   4.4625257E-01
   4.4927536E-01   4.8886238E+01   0.0000000E+00   4.8886238E+01   4.7736915E-01   0.0000000E+00   4.7736915E-01
   4.6376812E-01   0.0000000E+00   0.0000000E+00   0.0000000E+00   0.0000000E+00   0.0000000E+00   0.0000000E+00
   4.7826087E-01   0.0000000E+00   0.0000000E+00   0.0000000E+00   0.0000000E+00   0.0000000E+00   0.0000000E+00
   4.9275362E-01   0.0000000E+00   0.0000000E+00   0.0000000E+00   0.0000000E+00   0.0000000E+00   0.0000000E+00
   5.0724638E-01   2.1649620E+01   0.0000000E+00   2.1649620E+01   3.0999450E-01   0.0000000E+00   3.0999450E-01
   5.2173913E-01   0.0000000E+00   0.0000000E+00   0.0000000E+00   0.0000000E+00   0.0000000E+00   0.0000000E+00
   5.3623188E-01   0.0000000E+00   0.0000000E+00   0.0000000E+00   0.0000000E+00   0.0000000E+00   0.0000000E+00
   5.5072464E-01   0.0000000E+00   0.0000000E+00   0.0000000E+00   0.0000000E+00   0.0000000E+00   0.0000000E+00
   5.6521739E-01   0.0000000E+00   0.0000000E+00   0.0000000E+00   0.0000000E+00   0.0000000E+00   0.0000000E+00
   5.7971014E-01   0.0000000E+00   0.0000000E+00   0.0000000E+00   0.0000000E+00   0.0000000E+00   0.0000000E+00
   5.9420290E-01   0.0000000E+00   0.0000000E+00   0.0000000E+00   0.0000000E+00   0.0000000E+00   0.0000000E+00
   6.0869565E-01   0.0000000E+00   0.0000000E+00   0.0000000E+00   0.0000000E+00   0.0000000E+00   0.0000000E+00
   6.2318841E-01   0.0000000E+00   0.0000000E+00   0.0000000E+00   0.0000000E+00   0.0000000E+00   0.0000000E+00
   6.3768116E-01   0.0000000E+00   0.0000000E+00   0.0000000E+00   0.0000000E+00   0.0000000E+00   0.0000000E+00
   6.5217391E-01   0.0000000E+00   0.0000000E+00   0.0000000E+00   0.0000000E+00   0.0000000E+00   0.0000000E+00
   6.6666667E-01   0.0000000E+00   0.0000000E+00   0.0000000E+00   0.0000000E+00   0.0000000E+00   0.0000000E+00
   6.8115942E-01   0.0000000E+00   0.0000000E+00   0.0000000E+00   0.0000000E+00   0.0000000E+00   0.0000000E+00
   6.9565217E-01   0.0000000E+00   0.0000000E+00   0.0000000E+00   0.0000000E+00   0.0000000E+00   0.0000000E+00
   7.1014493E-01   0.0000000E+00   0.0000000E+00   0.0000000E+00   0.0000000E+00   0.0000000E+00   0.0000000E+00
   7.2463768E-01   0.0000000E+00   0.0000000E+00   0.0000000E+00   0.0000000E+00   0.0000000E+00   0.0000000E+00
   7.3913043E-01   0.0000000E+00   0.0000000E+00   0.0000000E+00   0.0000000E+00   0.0000000E+00   0.0000000E+00
   7.5362319E-01   0.0000000E+00   0.0000000E+00   0.0000000E+00   0.0000000E+00   0.0000000E+00   0.0000000E+00
   7.6811594E-01   0.0000000E+00   0.0000000E+00   0.0000000E+00   0.0000000E+00   0.0000000E+00   0.0000000E+00
   7.8260870E-01   0.0000000E+00   0.0000000E+00   0.0000000E+00   0.0000000E+00   0.0000000E+00   0.0000000E+00
   7.9710145E-01   0.0000000E+00   0.0000000E+00   0.0000000E+00   0.0000000E+00   0.0000000E+00   0.0000000E+00
   8.1159420E-01   0.0000000E+00   0.0000000E+00   0.0000000E+00   0.0000000E+00   0.0000000E+00   0.0000000E+00
   8.2608696E-01   0.0000000E+00   0.0000000E+00   0.0000000E+00   0.0000000E+00   0.0000000E+00   0.0000000E+00
   8.4057971E-01   0.0000000E+00   0.0000000E+00   0.0000000E+00   0.0000000E+00   0.0000000E+00   0.0000000E+00
   8.5507246E-01   0.0000000E+00   0.0000000E+00   0.0000000E+00   0.0000000E+00   0.0000000E+00   0.0000000E+00
   8.6956522E-01   0.0000000E+00   0.0000000E+00   0.0000000E+00   0.0000000E+00   0.0000000E+00   0.0000000E+00
   8.8405797E-01   0.0000000E+00   0.0000000E+00   0.0000000E+00   0.0000000E+00   0.0000000E+00   0.0000000E+00
   8.9855072E-01   0.0000000E+00   0.0000000E+00   0.0000000E+00   0.0000000E+00   0.0000000E+00   0.0000000E+00
   9.1304348E-01   0.0000000E+00   0.0000000E+00   0.0000000E+00   0.0000000E+00   0.0000000E+00   0.0000000E+00
   9.2753623E-01   0.0000000E+00   0.0000000E+00   0.0000000E+00   0.0000000E+00   0.0000000E+00   0.0000000E+00
   9.4202899E-01   0.0000000E+00   0.0000000E+00   0.0000000E+00   0.0000000E+00   0.0000000E+00   0.0000000E+00
   9.5652174E-01   0.0000000E+00   0.0000000E+00   0.0000000E+00   0.0000000E+00   0.0000000E+00   0.0000000E+00
   9.7101449E-01   0.0000000E+00   0.0000000E+00   0.0000000E+00   0.0000000E+00   0.0000000E+00   0.0000000E+00
   9.8550725E-01   0.0000000E+00   0.0000000E+00   0.0000000E+00   0.0000000E+00   0.0000000E+00   0.0000000E+00
   1.0000000E+00   0.0000000E+00   0.0000000E+00   0.0000000E+00   0.0000000E+00   0.0000000E+00   0.0000000E+00
