   0.0000000E+00   2.2429006E+05   1.0305219E+05   3.2734225E+05   4.5502720E-03   6.6320413E-06   3.1178396E-03
   1.4492754E-02   1.9473833E+05   9.8505769E+04   2.9324410E+05   1.8347458E-02   4.0973550E-06   1.2183915E-02
   2.8985507E-02   1.9360172E+05   1.0040011E+05   2.9400183E+05   4.1427118E-03   4.6228170E-06   2.7289535E-03
   4.3478261E-02   1.7301654E+05   9.2191297E+04   2.6520784E+05   5.5684714E-03   1.0993536E-06   3.6325066E-03
   5.7971014E-02   1.6064018E+05   9.1117836E+04   2.5175801E+05   1.6336698E-03   7.4554255E-06   1.0397826E-03
   7.2463768E-02   1.5200198E+05   8.5472698E+04   2.3747468E+05   8.3767372E-03   1.4400392E-06   5.3612400E-03
   8.6956522E-02   1.4775865E+05   6.9585485E+04   2.1734414E+05   1.9141047E-02   3.2033460E-06   1.3012080E-02
   1.0144928E-01   1.1723269E+05   6.1268423E+04   1.7850111E+05   2.0688840E-02   7.4386992E-07   1.3587383E-02
   1.1594203E-01   7.5394800E+04   3.4382302E+04   1.0977710E+05   2.3466890E-02   1.8538369E-06   1.6117119E-02
   1.3043478E-01   6.3986653E+03   1.4312804E+03   7.8299457E+03   1.3878387E-01   7.3973815E-04   1.1354418E-01
   1.4492754E-01   3.4098151E+03   1.0608314E+03   4.4706464E+03   1.7332945E-01   1.7917641E-05   1.3220101E-01
   1.5942029E-01   1.7221288E+03   5.5108122E+02   2.2732101E+03   1.9990816E-01   3.5163668E-05   1.5143974E-01
   1.7391304E-01   1.6417628E+03   1.8943417E+02   1.8311970E+03   2.4013034E-01   6.0841035E-06   2.1528891E-01
   1.8840580E-01   9.9088643E+02   5.8287437E+01   1.0491739E+03   3.0861628E-01   1.7950487E-05   2.9147193E-01
   2.0289855E-01   7.0361264E+02   5.4124049E+01   7.5773668E+02   2.4392919E-01   1.9325127E-06   2.2650579E-01
   2.1739130E-01   4.0412623E+02   1.5154734E+02   5.5567357E+02   2.9754300E-01   3.6796984E-05   2.1640494E-01
   2.3188406E-01   5.2094397E+02   9.4717086E+01   6.1566106E+02   2.7247217E-01   6.3240872E-05   2.3054443E-01
   2.4637681E-01   1.3371824E+02   8.9145492E+01   2.2286373E+02   3.1021378E-01   1.0490292E-04   1.8608684E-01
   2.6086957E-01   1.2628945E+02   8.4192965E+01   2.1048241E+02   3.7031609E-01   2.3560943E-06   2.2219028E-01
   2.7536232E-01   3.9880878E+01   7.9761756E+01   1.1964263E+02   4.7712571E-01   1.0718040E-05   1.5904851E-01
   2.8985507E-01   7.5773668E+01   3.7886834E+01   1.1366050E+02   3.4979394E-01   1.2044852E-05   2.3319200E-01
   3.0434783E-01   1.4433080E+02   0.0000000E+00   1.4433080E+02   2.4618886E-01   0.0000000E+00   2.4618886E-01
   3.1884058E-01   3.4442577E+01   6.8885153E+01   1.0332773E+02   3.7399495E-01   4.9624358E-06   1.2466766E-01
   3.3333333E-01   0.0000000E+00   6.5890146E+01   6.5890146E+01   0.0000000E+00   3.1524695E-05   3.1524695E-05
   3.4782609E-01   0.0000000E+00   0.0000000E+00   0.0000000E+00   0.0000000E+00   0.0000000E+00   0.0000000E+00
   3.6231884E-01   3.0309467E+01   0.0000000E+00   3.0309467E+01   4.7778046E-01   0.0000000E+00   4.7778046E-01
   3.7681159E-01   0.0000000E+00   0.0000000E+00   0.0000000E+00   0.0000000E+00   0.0000000E+00   0.0000000E+00
   3.9130435E-01   2.8064322E+01   0.0000000E+00   2.8064322E+01   4.4977020E-01   0.0000000E+00   4.4977020E-01
   4.0579710E-01   5.4124049E+01   0.0000000E+00   5.4124049E+01   4.6587818E-01   0.0000000E+00   4.6587818E-01
   4.2028986E-01   2.6128851E+01   0.0000000E+00   2.6128851E+01   4.2599099E-01   0.0000000E+00   4.2599099E-01
   4.3478261E-01   2.5257889E+01   0.0000000E+00   2.5257889E+01   4.7200779E-01   0.0000000E+00   4.7200779E-01
   4.4927536E-01   2.4443119E+01   0.0000000E+00   2.4443119E+01   3.8860666E-01   0.0000000E+00   3.8860666E-01
   4.6376812E-01   2.3679271E+01   0.0000000E+00   2.3679271E+01   4.4773314E-01   0.0000000E+00   4.4773314E-01
   4.7826087E-01   2.2961718E+01   0.0000000E+00   2.2961718E+01   4.7864200E-01   0.0000000E+00   4.7864200E-01
   4.9275362E-01   0.0000000E+00   0.0000000E+00   0.0000000E+00   0.0000000E+00   0.0000000E+00   0.0000000E+00
   5.0724638E-01   0.0000000E+00   0.0000000E+00   0.0000000E+00   0.0000000E+00   0.0000000E+00   0.0000000E+00
   5.2173913E-01   0.0000000E+00   0.0000000E+00   0.0000000E+00   0.0000000E+00   0.0000000E+00   0.0000000E+00
   5.3623188E-01   0.0000000E+00   0.0000000E+00   0.0000000E+00   0.0000000E+00   0.0000000E+00   0.0000000E+00
   5.5072464E-01   0.0000000E+00   0.0000000E+00   0.0000000E+00   0.0000000E+00   0.0000000E+00   0.0000000E+00
   5.6521739E-01   0.0000000E+00   0.0000000E+00   0.0000000E+00   0.0000000E+00   0.0000000E+00   0.0000000E+00
   5.7971014E-01   1.8943417E+01   0.0000000E+00   1.8943417E+01   2.7863734E-01   0.0000000E+00   2.7863734E-01
   5.9420290E-01   0.0000000E+00   0.0000000E+00   0.0000000E+00   0.0000000E+00   0.0000000E+00   0.0000000E+00
   6.0869565E-01   1.8041350E+01   0.0000000E+00   1.8041350E+01   4.3542011E-01   0.0000000E+00   4.3542011E-01
   6.2318841E-01   0.0000000E+00   0.0000000E+00   0.0000000E+00   0.0000000E+00   0.0000000E+00   0.0000000E+00
   6.3768116E-01   0.0000000E+00   0.0000000E+00   0.0000000E+00   0.0000000E+00   0.0000000E+00   0.0000000E+00
   6.5217391E-01   1.6838593E+01   0.0000000E+00   1.6838593E+01   1.0172765E-01   0.0000000E+00   1.0172765E-01
   6.6666667E-01   0.0000000E+00   0.0000000E+00   0.0000000E+00   0.0000000E+00   0.0000000E+00   0.0000000E+00
   6.8115942E-01   0.0000000E+00   0.0000000E+00   0.0000000E+00   0.0000000E+00   0.0000000E+00   0.0000000E+00
   6.9565217E-01   0.0000000E+00   0.0000000E+00   0.0000000E+00   0.0000000E+00   0.0000000E+00   0.0000000E+00
   7.1014493E-01   0.0000000E+00   0.0000000E+00   0.0000000E+00   0.0000000E+00   0.0000000E+00   0.0000000E+00
   7.2463768E-01   0.0000000E+00   0.0000000E+00   0.0000000E+00   0.0000000E+00   0.0000000E+00   0.0000000E+00
   7.3913043E-01   0.0000000E+00   0.0000000E+00   0.0000000E+00   0.0000000E+00   0.0000000E+00   0.0000000E+00
   7.5362319E-01   0.0000000E+00   0.0000000E+00   0.0000000E+00   0.0000000E+00   0.0000000E+00   0.0000000E+00
   7.6811594E-01   0.0000000E+00   0.0000000E+00   0.0000000E+00   0.0000000E+00   0.0000000E+00   0.0000000E+00
   7.8260870E-01   0.0000000E+00   0.0000000E+00   0.0000000E+00   0.0000000E+00   0.0000000E+00   0.0000000E+00
   7.9710145E-01   0.0000000E+00   0.0000000E+00   0.0000000E+00   0.0000000E+00   0.0000000E+00   0.0000000E+00
   8.1159420E-01   1.3531012E+01   0.0000000E+00   1.3531012E+01   3.0722003E-01   0.0000000E+00   3.0722003E-01
   8.2608696E-01   0.0000000E+00   0.0000000E+00   0.0000000E+00   0.0000000E+00   0.0000000E+00   0.0000000E+00
   8.4057971E-01   0.0000000E+00   0.0000000E+00   0.0000000E+00   0.0000000E+00   0.0000000E+00   0.0000000E+00
   8.5507246E-01   0.0000000E+00   0.0000000E+00   0.0000000E+00   0.0000000E+00   0.0000000E+00   0.0000000E+00
   8.6956522E-01   0.0000000E+00   0.0000000E+00   0.0000000E+00   0.0000000E+00   0.0000000E+00   0.0000000E+00
   8.8405797E-01   0.0000000E+00   0.0000000E+00   0.0000000E+00   0.0000000E+00   0.0000000E+00   0.0000000E+00
   8.9855072E-01   0.0000000E+00   0.0000000E+00   0.0000000E+00   0.0000000E+00   0.0000000E+00   0.0000000E+00
   9.1304348E-01   0.0000000E+00   0.0000000E+00   0.0000000E+00   0.0000000E+00   0.0000000E+00   0.0000000E+00
   9.2753623E-01   0.0000000E+00   0.0000000E+00   0.0000000E+00   0.0000000E+00   0.0000000E+00   0.0000000E+00
   9.4202899E-01   0.0000000E+00   0.0000000E+00   0.0000000E+00   0.0000000E+00   0.0000000E+00   0.0000000E+00
   9.5652174E-01   0.0000000E+00   0.0000000E+00   0.0000000E+00   0.0000000E+00   0.0000000E+00   0.0000000E+00
   9.7101449E-01   0.0000000E+00   0.0000000E+00   0.0000000E+00   0.0000000E+00   0.0000000E+00   0.0000000E+00
   9.8550725E-01   0.0000000E+00   0.0000000E+00   0.0000000E+00   0.0000000E+00   0.0000000E+00   0.0000000E+00
   1.0000000E+00   0.0000000E+00   0.0000000E+00   0.0000000E+00   0.0000000E+00   0.0000000E+00   0.0000000E+00
