   0.0000000E+00   6.9590537E+06   4.1705827E+06   1.1129636E+07   1.2705014E-05   8.9417259E-05   4.0025999E-05
   1.4492754E-02   6.8900997E+06   4.1190566E+06   1.1009156E+07   8.3511985E-05   1.2011431E-06   5.2685846E-05
   2.8985507E-02   6.7798490E+06   4.1023864E+06   1.0881857E+07   5.5509410E-05   2.6410297E-05   3.3994648E-05
   4.3478261E-02   6.7352688E+06   4.0799069E+06   1.0814671E+07   1.7769779E-05   3.4015477E-05   2.1176782E-05
   5.7971014E-02   6.5210819E+06   3.8561220E+06   1.0377204E+07   1.1393587E-05   2.8300112E-05   1.5377323E-05
   7.2463768E-02   6.2511761E+06   3.6466836E+06   9.8972535E+06   7.9293521E-06   1.3355281E-05   6.4217949E-06
   8.6956522E-02   5.8136084E+06   3.2054788E+06   9.0184557E+06   9.1475943E-06   1.9468727E-05   1.0716212E-05
   1.0144928E-01   5.3051310E+06   2.7709348E+06   8.0749833E+06   2.8694823E-05   3.3234841E-05   1.1759647E-05
   1.1594203E-01   4.6928527E+06   2.3487943E+06   7.0414576E+06   2.2505335E-05   4.7601393E-05   4.6735563E-06
   1.3043478E-01   3.9900730E+06   1.9435946E+06   5.9330782E+06   4.2045248E-05   1.6400809E-05   2.6798544E-05
   1.4492754E-01   3.3275249E+06   1.5847305E+06   4.9121796E+06   2.2269537E-05   3.5783849E-05   8.6629940E-06
   1.5942029E-01   2.7580238E+06   1.2873946E+06   4.0447295E+06   2.8313438E-05   4.0469046E-05   6.7130383E-06
   1.7391304E-01   2.2548349E+06   1.0365206E+06   3.2911661E+06   6.2055242E-05   2.2012725E-05   4.7132565E-05
   1.8840580E-01   1.8070854E+06   8.1806418E+05   2.6250330E+06   1.0508750E-05   9.0754266E-05   2.7813788E-05
   2.0289855E-01   1.4490090E+06   6.7021810E+05   2.1191189E+06   1.4524888E-05   4.1143090E-05   1.8125731E-05
   2.1739130E-01   1.1674702E+06   5.2410121E+05   1.6915209E+06   7.2825161E-05   1.0595014E-04   2.9336655E-05
   2.3188406E-01   9.4196142E+05   4.2755292E+05   1.3694196E+06   7.3874540E-05   8.8533825E-05   2.3173592E-05
   2.4637681E-01   7.5697895E+05   3.4044663E+05   1.0974256E+06   1.2152557E-04   1.3622082E-04   7.1968025E-05
   2.6086957E-01   6.1730282E+05   2.8179385E+05   8.9909667E+05   1.1772252E-04   5.1556551E-05   6.6338032E-05
   2.7536232E-01   4.9017587E+05   2.2544660E+05   7.1562248E+05   8.8501304E-05   8.8011443E-05   8.1308317E-05
   2.8985507E-01   4.1186777E+05   1.8018978E+05   5.9205756E+05   7.8243445E-05   3.0124643E-04   1.4154238E-04
   3.0434783E-01   3.2514120E+05   1.4992362E+05   4.7506482E+05   1.5010291E-04   5.2753323E-05   8.8238940E-05
   3.1884058E-01   2.5849154E+05   1.2027348E+05   3.7876501E+05   2.0697089E-04   4.1517558E-04   2.2245383E-04
   3.3333333E-01   2.1961186E+05   1.0104254E+05   3.2065440E+05   1.8454450E-04   3.6566405E-04   7.9237620E-05
   3.4782609E-01   1.8210938E+05   8.5971541E+04   2.6808092E+05   1.4232998E-04   1.6838774E-04   1.4811706E-04
   3.6231884E-01   1.4975908E+05   6.9469299E+04   2.1922838E+05   1.4519807E-04   3.9392005E-04   1.2829243E-04
   3.7681159E-01   1.2319050E+05   5.6509670E+04   1.7970017E+05   2.2208734E-04   2.2203195E-04   1.4888267E-04
   3.9130435E-01   1.0350122E+05   4.5211622E+04   1.4871284E+05   2.8609739E-04   1.5066046E-04   1.7212761E-04
   4.0579710E-01   8.3946400E+04   3.9050501E+04   1.2299690E+05   1.1282157E-03   8.3250255E-04   7.3337501E-04
   4.2028986E-01   7.1201119E+04   3.0335596E+04   1.0153672E+05   3.9354256E-04   1.3695856E-03   3.7493985E-04
   4.3478261E-01   6.0442129E+04   2.6924910E+04   8.7367040E+04   3.9027366E-04   6.6843466E-04   1.3954059E-04
   4.4927536E-01   5.2894909E+04   2.3489837E+04   7.6384746E+04   6.4658632E-04   9.1856404E-04   6.2157343E-04
   4.6376812E-01   4.3285708E+04   1.8611907E+04   6.1897615E+04   1.4816080E-03   6.3356260E-04   8.5425113E-04
   4.7826087E-01   3.6210629E+04   1.7037595E+04   5.3248223E+04   4.8458054E-04   1.1267900E-03   4.8745676E-04
   4.9275362E-01   3.1936373E+04   1.3104387E+04   4.5040760E+04   1.1392040E-03   6.3588723E-04   7.2041870E-04
   5.0724638E-01   2.7559966E+04   1.1604196E+04   3.9164162E+04   5.8118579E-04   4.6241264E-04   5.4416762E-04
   5.2173913E-01   2.3847657E+04   1.0629362E+04   3.4477019E+04   3.7886524E-04   7.0372087E-04   4.7846645E-04
   5.3623188E-01   2.0827519E+04   7.5364081E+03   2.8363927E+04   1.5108267E-03   1.8339692E-03   6.2250537E-04
   5.5072464E-01   1.8046097E+04   7.5175455E+03   2.5563643E+04   7.7528680E-04   1.3504683E-03   9.3075452E-04
   5.6521739E-01   1.6048474E+04   6.6059096E+03   2.2654384E+04   1.8958547E-03   2.1308440E-03   1.0751598E-03
   5.7971014E-01   1.2919410E+04   6.0240066E+03   1.8943417E+04   3.9841091E-03   1.3928002E-03   2.9202025E-03
   5.9420290E-01   1.1735678E+04   5.1378243E+03   1.6873502E+04   1.3468884E-03   8.1615182E-04   8.2115682E-04
   6.0869565E-01   1.0229445E+04   3.8067248E+03   1.4036170E+04   2.0852652E-03   3.9580503E-03   1.2595624E-03
   6.2318841E-01   8.7932699E+03   4.1058755E+03   1.2899145E+04   2.1333920E-03   3.8746181E-03   2.6571552E-03
   6.3768116E-01   7.2673837E+03   3.4787002E+03   1.0746084E+04   1.7077022E-03   3.1799876E-03   4.5063043E-04
   6.5217391E-01   7.1395634E+03   2.7615292E+03   9.9010927E+03   2.7513451E-03   1.8522565E-03   2.0144217E-03
   6.6666667E-01   5.5841899E+03   2.7509136E+03   8.3351035E+03   1.5503812E-03   4.8517341E-03   2.2720579E-03
   6.8115942E-01   5.1751803E+03   2.4183086E+03   7.5934889E+03   3.3212125E-03   1.0481282E-02   5.4374562E-03
   6.9565217E-01   4.3885583E+03   2.0522035E+03   6.4407618E+03   5.7747212E-03   9.9916333E-03   6.8699909E-03
   7.1014493E-01   3.6649713E+03   1.3917613E+03   5.0567326E+03   6.2199376E-03   1.2750560E-02   2.1619442E-03
   7.2463768E-01   3.3491961E+03   1.5003186E+03   4.8495148E+03   6.9628385E-03   3.2594066E-03   3.8412706E-03
   7.3913043E-01   3.0606619E+03   1.3668975E+03   4.4275594E+03   7.0075817E-03   3.5929675E-03   3.9227041E-03
   7.5362319E-01   2.6375065E+03   1.3260392E+03   3.9635457E+03   3.1751721E-03   5.0215099E-03   4.6186287E-04
   7.6811594E-01   2.0444594E+03   8.4351820E+02   2.8879776E+03   5.2739280E-03   7.0329033E-03   5.7772517E-03
   7.8260870E-01   1.9504704E+03   7.5773668E+02   2.7082070E+03   1.5159274E-02   1.3690833E-02   1.3092551E-02
   7.9710145E-01   2.3007641E+03   7.7151371E+02   3.0722778E+03   2.1755971E-03   8.1562709E-03   3.5429290E-03
   8.1159420E-01   1.6101905E+03   7.0361264E+02   2.3138031E+03   1.6645313E-02   2.1673907E-02   1.6870649E-02
   8.2608696E-01   1.7148778E+03   5.3174504E+02   2.2466228E+03   1.6281415E-02   1.3031254E-02   9.5284699E-03
   8.4057971E-01   1.0843473E+03   5.7483473E+02   1.6591820E+03   3.1042428E-02   6.2637434E-03   2.1766136E-02
   8.5507246E-01   1.0274396E+03   4.2381882E+02   1.4512584E+03   1.2473481E-02   2.8192398E-02   2.3474132E-03
   8.6956522E-01   1.1113471E+03   3.9149729E+02   1.5028444E+03   1.3760940E-02   4.7665527E-03   9.5118574E-03
   8.8405797E-01   7.8258051E+02   3.7265739E+02   1.1552379E+03   2.0147070E-02   1.6477498E-02   1.3052895E-02
   8.9855072E-01   6.8440733E+02   2.4443119E+02   9.2883852E+02   3.0040724E-02   2.3391801E-02   2.3793852E-02
   9.1304348E-01   4.9313022E+02   2.7663403E+02   7.6976425E+02   2.4531942E-02   2.8894978E-02   1.5139961E-02
   9.2753623E-01   4.1438725E+02   1.1839636E+02   5.3278361E+02   1.7001519E-02   2.2118405E-02   8.9947536E-03
   9.4202899E-01   3.6138211E+02   1.2823236E+02   4.8961447E+02   3.5051578E-02   4.8198636E-02   3.8368655E-02
   9.5652174E-01   2.0665546E+02   1.0332773E+02   3.0998319E+02   5.8617552E-02   4.2778529E-02   4.7858661E-02
   9.7101449E-01   3.3928508E+02   6.7857016E+01   4.0714210E+02   2.5320634E-02   1.0527536E-01   2.5367538E-02
   9.8550725E-01   3.3429560E+01   5.5715933E+01   8.9145492E+01   9.8139654E-02   4.7063487E-02   4.6695332E-02
   1.0000000E+00   0.0000000E+00   0.0000000E+00   0.0000000E+00   0.0000000E+00   0.0000000E+00   0.0000000E+00
