   0.0000000E+00   2.4853763E+05   1.1517598E+05   3.6371361E+05   0.0000000E+00   0.0000000E+00   0.0000000E+00
   1.4492754E-02   2.8036257E+05   1.4927413E+05   4.2963670E+05   0.0000000E+00   0.0000000E+00   0.0000000E+00
   2.8985507E-02   2.9248636E+05   1.3866581E+05   4.3115217E+05   0.0000000E+00   0.0000000E+00   0.0000000E+00
   4.3478261E-02   2.7278521E+05   1.5407313E+05   4.2685833E+05   0.0000000E+00   0.0000000E+00   0.0000000E+00
   5.7971014E-02   3.0138977E+05   1.4037072E+05   4.4176049E+05   0.0000000E+00   0.0000000E+00   0.0000000E+00
   7.2463768E-02   2.9097089E+05   1.5700304E+05   4.4797393E+05   0.0000000E+00   0.0000000E+00   0.0000000E+00
   8.6956522E-02   3.0903028E+05   1.4700092E+05   4.5603119E+05   0.0000000E+00   0.0000000E+00   0.0000000E+00
   1.0144928E-01   3.0331117E+05   1.5078960E+05   4.5410077E+05   0.0000000E+00   0.0000000E+00   0.0000000E+00
   1.1594203E-01   3.1152449E+05   1.5334696E+05   4.6487146E+05   0.0000000E+00   0.0000000E+00   0.0000000E+00
   1.3043478E-01   3.1420814E+05   1.5668311E+05   4.7089125E+05   0.0000000E+00   0.0000000E+00   0.0000000E+00
   1.4492754E-01   3.1567310E+05   1.5882161E+05   4.7449471E+05   0.0000000E+00   0.0000000E+00   0.0000000E+00
   1.5942029E-01   3.1694059E+05   1.6339558E+05   4.8033617E+05   0.0000000E+00   0.0000000E+00   0.0000000E+00
   1.7391304E-01   3.1673393E+05   1.6171364E+05   4.7844757E+05   0.0000000E+00   0.0000000E+00   0.0000000E+00
   1.8840580E-01   3.2611821E+05   1.6495345E+05   4.9107166E+05   0.0000000E+00   0.0000000E+00   0.0000000E+00
   2.0289855E-01   3.3026495E+05   1.6778455E+05   4.9794125E+05   0.0000000E+00   0.0000000E+00   0.0000000E+00
   2.1739130E-01   3.2981752E+05   1.6735878E+05   4.9712578E+05   0.0000000E+00   0.0000000E+00   0.0000000E+00
   2.3188406E-01   3.3591414E+05   1.6741245E+05   5.0327923E+05   0.0000000E+00   0.0000000E+00   0.0000000E+00
   2.4637681E-01   3.3853001E+05   1.6527574E+05   5.0380575E+05   0.0000000E+00   0.0000000E+00   0.0000000E+00
   2.6086957E-01   3.4906403E+05   1.7124849E+05   5.2031252E+05   0.0000000E+00   0.0000000E+00   0.0000000E+00
   2.7536232E-01   3.4504936E+05   1.7280384E+05   5.1777344E+05   0.0000000E+00   0.0000000E+00   0.0000000E+00
   2.8985507E-01   3.4746016E+05   1.7522661E+05   5.2268676E+05   0.0000000E+00   0.0000000E+00   0.0000000E+00
   3.0434783E-01   3.5101250E+05   1.7399078E+05   5.2493111E+05   0.0000000E+00   0.0000000E+00   0.0000000E+00
   3.1884058E-01   3.5269198E+05   1.7934250E+05   5.3203448E+05   0.0000000E+00   0.0000000E+00   0.0000000E+00
   3.3333333E-01   3.5577385E+05   1.7671737E+05   5.3249122E+05   0.0000000E+00   0.0000000E+00   0.0000000E+00
   3.4782609E-01   3.5635725E+05   1.7911001E+05   5.3546726E+05   0.0000000E+00   0.0000000E+00   0.0000000E+00
   3.6231884E-01   3.5616655E+05   1.8043226E+05   5.3659881E+05   0.0000000E+00   0.0000000E+00   0.0000000E+00
   3.7681159E-01   3.6415076E+05   1.8375115E+05   5.4787277E+05   0.0000000E+00   0.0000000E+00   0.0000000E+00
   3.9130435E-01   3.5801655E+05   1.8185680E+05   5.3981723E+05   0.0000000E+00   0.0000000E+00   0.0000000E+00
   4.0579710E-01   3.5497257E+05   1.7717507E+05   5.3209352E+05   0.0000000E+00   0.0000000E+00   0.0000000E+00
   4.2028986E-01   3.6060428E+05   1.8049810E+05   5.4107625E+05   0.0000000E+00   0.0000000E+00   0.0000000E+00
   4.3478261E-01   3.6146566E+05   1.7998772E+05   5.4142812E+05   0.0000000E+00   0.0000000E+00   0.0000000E+00
   4.4927536E-01   3.6109819E+05   1.7870364E+05   5.3970406E+05   0.0000000E+00   0.0000000E+00   0.0000000E+00
   4.6376812E-01   3.5786483E+05   1.7664736E+05   5.3448851E+05   0.0000000E+00   0.0000000E+00   0.0000000E+00
   4.7826087E-01   3.5544739E+05   1.7554233E+05   5.3096676E+05   0.0000000E+00   0.0000000E+00   0.0000000E+00
   4.9275362E-01   3.5121095E+05   1.7797898E+05   5.2916764E+05   0.0000000E+00   0.0000000E+00   0.0000000E+00
   5.0724638E-01   3.4585267E+05   1.7200623E+05   5.1783725E+05   0.0000000E+00   0.0000000E+00   0.0000000E+00
   5.2173913E-01   3.4630671E+05   1.7240614E+05   5.1862866E+05   0.0000000E+00   0.0000000E+00   0.0000000E+00
   5.3623188E-01   3.3547256E+05   1.6891384E+05   5.0438640E+05   0.0000000E+00   0.0000000E+00   0.0000000E+00
   5.5072464E-01   3.3154968E+05   1.6492737E+05   4.9643717E+05   0.0000000E+00   0.0000000E+00   0.0000000E+00
   5.6521739E-01   3.2102778E+05   1.5869726E+05   4.7972504E+05   0.0000000E+00   0.0000000E+00   0.0000000E+00
   5.7971014E-01   3.2059839E+05   1.5389632E+05   4.7447577E+05   0.0000000E+00   0.0000000E+00   0.0000000E+00
   5.9420290E-01   3.0847276E+05   1.5247141E+05   4.6090720E+05   0.0000000E+00   0.0000000E+00   0.0000000E+00
   6.0869565E-01   2.9317193E+05   1.5033857E+05   4.4349246E+05   0.0000000E+00   0.0000000E+00   0.0000000E+00
   6.2318841E-01   2.8790470E+05   1.4100951E+05   4.2889658E+05   0.0000000E+00   0.0000000E+00   0.0000000E+00
   6.3768116E-01   2.7715941E+05   1.3467047E+05   4.1181267E+05   0.0000000E+00   0.0000000E+00   0.0000000E+00
   6.5217391E-01   2.6131812E+05   1.3129051E+05   3.9252444E+05   0.0000000E+00   0.0000000E+00   0.0000000E+00
   6.6666667E-01   2.4740103E+05   1.2263804E+05   3.6998964E+05   0.0000000E+00   0.0000000E+00   0.0000000E+00
   6.8115942E-01   2.3921908E+05   1.2375291E+05   3.6292363E+05   0.0000000E+00   0.0000000E+00   0.0000000E+00
   6.9565217E-01   2.3082554E+05   1.1700717E+05   3.4776957E+05   0.0000000E+00   0.0000000E+00   0.0000000E+00
   7.1014493E-01   2.2094983E+05   1.1095430E+05   3.3188867E+05   0.0000000E+00   0.0000000E+00   0.0000000E+00
   7.2463768E-01   2.0969605E+05   1.0653778E+05   3.1623383E+05   0.0000000E+00   0.0000000E+00   0.0000000E+00
   7.3913043E-01   1.9800700E+05   1.0201216E+05   3.0001915E+05   0.0000000E+00   0.0000000E+00   0.0000000E+00
   7.5362319E-01   1.8694238E+05   9.3886490E+04   2.8081430E+05   0.0000000E+00   0.0000000E+00   0.0000000E+00
   7.6811594E-01   1.7266389E+05   8.7325579E+04   2.5996087E+05   0.0000000E+00   0.0000000E+00   0.0000000E+00
   7.8260870E-01   1.6259065E+05   8.2340720E+04   2.4490330E+05   0.0000000E+00   0.0000000E+00   0.0000000E+00
   7.9710145E-01   1.4983899E+05   7.6930939E+04   2.2674237E+05   0.0000000E+00   0.0000000E+00   0.0000000E+00
   8.1159420E-01   1.4007304E+05   6.8724011E+04   2.0878352E+05   0.0000000E+00   0.0000000E+00   0.0000000E+00
   8.2608696E-01   1.2844301E+05   6.5869917E+04   1.9429964E+05   0.0000000E+00   0.0000000E+00   0.0000000E+00
   8.4057971E-01   1.1781499E+05   5.9403943E+04   1.7721893E+05   0.0000000E+00   0.0000000E+00   0.0000000E+00
   8.5507246E-01   1.0994888E+05   5.4467140E+04   1.6440317E+05   0.0000000E+00   0.0000000E+00   0.0000000E+00
   8.6956522E-01   1.0064006E+05   4.9454948E+04   1.5009501E+05   0.0000000E+00   0.0000000E+00   0.0000000E+00
   8.8405797E-01   9.0145822E+04   4.5004590E+04   1.3513799E+05   0.0000000E+00   0.0000000E+00   0.0000000E+00
   8.9855072E-01   7.9709011E+04   4.0490026E+04   1.2019904E+05   0.0000000E+00   0.0000000E+00   0.0000000E+00
   9.1304348E-01   7.1082918E+04   3.4495060E+04   1.0557798E+05   0.0000000E+00   0.0000000E+00   0.0000000E+00
   9.2753623E-01   5.9849358E+04   2.9350457E+04   8.9199815E+04   0.0000000E+00   0.0000000E+00   0.0000000E+00
   9.4202899E-01   4.9451062E+04   2.4329176E+04   7.3780238E+04   0.0000000E+00   0.0000000E+00   0.0000000E+00
   9.5652174E-01   3.8150894E+04   1.9965214E+04   5.8116107E+04   0.0000000E+00   0.0000000E+00   0.0000000E+00
   9.7101449E-01   2.7097569E+04   1.3209499E+04   4.0295758E+04   0.0000000E+00   0.0000000E+00   0.0000000E+00
   9.8550725E-01   9.2488448E+03   4.5575633E+03   1.3806408E+04   0.0000000E+00   0.0000000E+00   0.0000000E+00
   1.0000000E+00   0.0000000E+00   0.0000000E+00   0.0000000E+00   0.0000000E+00   0.0000000E+00   0.0000000E+00
