   0.0000000E+00   9.1534591E+05   9.8202674E+05   1.8973727E+06   6.5956543E-03   4.6810386E-06   3.1831927E-03
   1.4492754E-02   1.0782593E+06   1.2093477E+06   2.2876070E+06   2.2714001E-03   9.3236495E-07   1.0706533E-03
   2.8985507E-02   1.0691665E+06   1.2415516E+06   2.3103391E+06   2.1391221E-03   4.8106727E-07   9.8972089E-04
   4.3478261E-02   1.1244812E+06   1.3136628E+06   2.4381441E+06   2.5494970E-03   8.7854370E-07   1.1757019E-03
   5.7971014E-02   1.2087794E+06   1.4131789E+06   2.6217689E+06   8.3133261E-04   3.6110697E-06   3.8388998E-04
   7.2463768E-02   1.1884342E+06   1.4413667E+06   2.6298009E+06   5.8792633E-04   1.8793551E-06   2.6586388E-04
   8.6956522E-02   1.1996235E+06   1.3990345E+06   2.5986580E+06   8.9417581E-04   9.6514801E-06   4.1081994E-04
   1.0144928E-01   1.1440741E+06   1.3311269E+06   2.4748763E+06   6.7418419E-04   4.4319417E-07   3.1189703E-04
   1.1594203E-01   1.0811008E+06   1.2536753E+06   2.3344920E+06   1.2552657E-03   1.6427956E-06   5.8188765E-04
   1.3043478E-01   1.0254703E+06   1.1374470E+06   2.1628331E+06   4.1043747E-04   4.7568743E-06   1.9314206E-04
   1.4492754E-01   9.7672259E+05   1.0425699E+06   2.0192925E+06   4.4348986E-04   8.0008679E-07   2.1433402E-04
   1.5942029E-01   8.9419817E+05   9.4269332E+05   1.8368226E+06   2.2836523E-03   1.0186730E-06   1.1114273E-03
   1.7391304E-01   8.4146659E+05   8.3445752E+05   1.6759241E+06   9.1144747E-04   3.1043406E-06   4.5729937E-04
   1.8840580E-01   7.9521551E+05   7.6234139E+05   1.5574403E+06   7.5426718E-04   1.3408917E-06   3.8521783E-04
   2.0289855E-01   7.4193246E+05   6.8964863E+05   1.4315270E+06   1.3023762E-03   6.1563488E-07   6.7514603E-04
   2.1739130E-01   6.9444041E+05   6.2361729E+05   1.3180072E+06   1.1303079E-03   5.3182112E-07   5.9056681E-04
   2.3188406E-01   6.5672091E+05   5.5944647E+05   1.2160727E+06   1.9535227E-03   1.4400019E-06   1.0555958E-03
   2.4637681E-01   6.2384015E+05   5.0006164E+05   1.1239018E+06   1.6881684E-03   2.2731624E-06   9.3501729E-04
   2.6086957E-01   5.9629667E+05   4.4474934E+05   1.0410039E+06   3.0543290E-03   5.3166109E-07   1.7327265E-03
   2.7536232E-01   5.6000729E+05   3.9856950E+05   9.5853691E+05   2.0658493E-03   3.9312707E-06   1.2165077E-03
   2.8985507E-01   5.3803093E+05   3.5965972E+05   8.9761488E+05   2.5128880E-03   2.4360541E-06   1.5053120E-03
   3.0434783E-01   5.2002386E+05   3.2658451E+05   8.4657229E+05   2.0047361E-03   1.0731612E-06   1.2315329E-03
   3.1884058E-01   4.8154166E+05   2.8249801E+05   7.6393635E+05   9.3264875E-04   2.6438280E-05   5.7249799E-04
   3.3333333E-01   4.7790123E+05   2.6191333E+05   7.3978162E+05   2.1767374E-03   3.8579740E-07   1.3990783E-03
   3.4782609E-01   4.5025345E+05   2.3669800E+05   6.8695145E+05   2.6905329E-03   8.7372848E-06   1.7639662E-03
   3.6231884E-01   4.3869923E+05   2.0871099E+05   6.4734960E+05   9.8726274E-04   1.1015216E-05   6.6784218E-04
   3.7681159E-01   4.2290450E+05   1.8672381E+05   6.0962831E+05   1.5645736E-03   3.1494923E-07   1.0852628E-03
   3.9130435E-01   4.0241431E+05   1.6701078E+05   5.6939702E+05   9.2825869E-04   8.4458116E-06   6.5755144E-04
   4.0579710E-01   4.0206050E+05   1.5371230E+05   5.5574573E+05   1.3162317E-03   3.3299924E-06   9.5279698E-04
   4.2028986E-01   3.8694216E+05   1.3662776E+05   5.2356992E+05   1.6522133E-03   1.1499785E-06   1.2208836E-03
   4.3478261E-01   3.7833793E+05   1.2010126E+05   4.9838867E+05   5.2096391E-04   1.1521218E-06   3.9543653E-04
   4.4927536E-01   3.6320030E+05   1.0806303E+05   4.7123889E+05   1.5387832E-03   3.8290541E-06   1.1859866E-03
   4.6376812E-01   3.5182661E+05   9.9713412E+04   4.5154003E+05   1.6207367E-03   2.5595521E-06   1.2622648E-03
   4.7826087E-01   3.3928234E+05   9.0951364E+04   4.3021074E+05   9.4804017E-05   3.4814861E-05   8.1754782E-05
   4.9275362E-01   3.2830056E+05   7.7846301E+04   4.0612458E+05   1.5042701E-03   1.8644600E-06   1.2157407E-03
   5.0724638E-01   3.1381124E+05   7.1638591E+04   3.8542818E+05   1.5565305E-04   4.3275228E-05   1.2415815E-04
   5.2173913E-01   2.9659077E+05   6.4891728E+04   3.6148249E+05   1.7024580E-03   5.3359456E-06   1.3974439E-03
   5.3623188E-01   2.8294297E+05   5.7198880E+04   3.4012137E+05   7.6535248E-04   5.5461487E-06   6.3602009E-04
   5.5072464E-01   2.7009325E+05   5.3719543E+04   3.2381279E+05   7.1316640E-04   2.2291900E-04   5.6430433E-04
   5.6521739E-01   2.5623157E+05   4.7873415E+04   3.0410499E+05   6.4969525E-04   8.7935670E-07   5.4735452E-04
   5.7971014E-01   2.4632125E+05   4.2490085E+04   2.8881134E+05   7.0897736E-04   3.4250466E-06   6.0487058E-04
   5.9420290E-01   2.3229250E+05   3.8164055E+04   2.7045655E+05   1.2897487E-03   1.0355725E-05   1.1069075E-03
   6.0869565E-01   2.1685702E+05   3.4855887E+04   2.5171291E+05   7.2348542E-04   6.1210560E-06   6.2260800E-04
   6.2318841E-01   2.0235094E+05   3.2159755E+04   2.3449307E+05   3.3934783E-04   4.7012488E-06   2.9227107E-04
   6.3768116E-01   1.8831479E+05   2.9792829E+04   2.1812484E+05   8.2072292E-04   5.0681609E-06   7.0900102E-04
   6.5217391E-01   1.7547498E+05   2.5106342E+04   2.0054764E+05   1.1350788E-03   1.2731670E-06   9.9332679E-04
   6.6666667E-01   1.6255099E+05   2.2517958E+04   1.8505248E+05   1.1591824E-03   2.9220036E-05   1.0150383E-03
   6.8115942E-01   1.4924188E+05   2.1136017E+04   1.7037790E+05   1.2323289E-03   6.9692750E-06   1.0786006E-03
   6.9565217E-01   1.3707141E+05   1.9369644E+04   1.5644105E+05   9.0047997E-04   9.2434826E-06   7.8999275E-04
   7.1014493E-01   1.2589254E+05   1.7984648E+04   1.4387719E+05   1.1428444E-03   1.7539246E-06   9.9978243E-04
   7.2463768E-01   1.1599433E+05   1.6882373E+04   1.3287670E+05   9.1385092E-04   5.7901289E-07   7.9770888E-04
   7.3913043E-01   1.0404765E+05   1.4396997E+04   1.1844464E+05   7.7629639E-04   5.3638373E-07   6.8187643E-04
   7.5362319E-01   9.4469364E+04   1.2910667E+04   1.0738003E+05   8.8304939E-04   1.1385903E-06   7.7690374E-04
   7.6811594E-01   8.4280335E+04   1.1752067E+04   9.6032402E+04   1.5156519E-03   4.6679010E-07   1.3302295E-03
   7.8260870E-01   7.6840113E+04   1.1267825E+04   8.8107938E+04   7.3741442E-04   8.4508832E-07   6.4306132E-04
   7.9710145E-01   6.7163024E+04   9.0790632E+03   7.6242087E+04   3.0358271E-04   8.1441983E-06   2.6660814E-04
   8.1159420E-01   6.2337373E+04   8.8492820E+03   7.1186655E+04   4.5138687E-04   1.8652968E-06   3.9526993E-04
   8.2608696E-01   5.5912991E+04   7.5906605E+03   6.3503652E+04   2.4244724E-03   1.7384223E-06   2.1346286E-03
   8.4057971E-01   4.7789669E+04   7.0417254E+03   5.4831394E+04   3.9850986E-04   1.1363117E-05   3.4660040E-04
   8.5507246E-01   4.4154216E+04   6.2930674E+03   5.0447283E+04   2.2847311E-03   1.5562599E-06   1.9995275E-03
   8.6956522E-01   3.9048697E+04   5.5314778E+03   4.4580175E+04   3.0106231E-04   9.6916097E-07   2.6360043E-04
   8.8405797E-01   3.3762759E+04   4.8818118E+03   3.8644571E+04   1.6635826E-03   4.9059815E-06   1.4535714E-03
   8.9855072E-01   2.8354018E+04   3.9964499E+03   3.2350468E+04   2.7005236E-03   2.0176859E-06   2.3671515E-03
   9.1304348E-01   2.4812870E+04   3.7285456E+03   2.8541415E+04   1.8563895E-03   1.8244863E-06   1.6139998E-03
   9.2753623E-01   2.1548137E+04   2.8770315E+03   2.4425168E+04   1.1016800E-03   7.8885531E-07   9.7200340E-04
   9.4202899E-01   1.7124849E+04   2.7045371E+03   1.9829386E+04   2.7522735E-03   3.2113773E-06   2.3764708E-03
   9.5652174E-01   1.3765550E+04   2.1584015E+03   1.5923951E+04   2.0139801E-03   5.6954847E-06   1.7417682E-03
   9.7101449E-01   1.0042838E+04   1.5267829E+03   1.1569621E+04   4.3499030E-03   4.2231139E-06   3.7761997E-03
   9.8550725E-01   4.9030021E+03   6.7973438E+02   5.5827365E+03   7.6033445E-03   2.6596323E-07   6.6776198E-03
   1.0000000E+00   4.3768184E+02   0.0000000E+00   4.3768184E+02   3.5973822E-02   0.0000000E+00   3.5973822E-02
