   0.0000000E+00   1.1093265E+06   1.0972027E+06   2.2065292E+06   3.3216847E-03   1.8837508E-03   7.7249532E-04
   1.4492754E-02   1.2032859E+06   1.0638623E+06   2.2671482E+06   1.9228719E-03   5.8970778E-04   8.1448089E-04
   2.8985507E-02   1.2279123E+06   1.0972027E+06   2.3251150E+06   1.0147881E-03   4.3170093E-04   6.5961517E-04
   4.3478261E-02   1.3103793E+06   1.1204400E+06   2.4308193E+06   2.0589675E-03   4.9385985E-04   1.1225925E-03
   5.7971014E-02   1.3216822E+06   1.1977923E+06   2.5194745E+06   1.0265953E-03   6.6523937E-05   5.1824425E-04
   7.2463768E-02   1.3490744E+06   1.2376871E+06   2.5866099E+06   1.4763771E-03   5.6686820E-04   5.0627274E-04
   8.6956522E-02   1.3173252E+06   1.2088426E+06   2.5261678E+06   7.9385730E-04   2.8092815E-04   5.3968645E-04
   1.0144928E-01   1.2895596E+06   1.1504608E+06   2.4399121E+06   4.5111544E-04   1.1216691E-04   1.8568986E-04
   1.1594203E-01   1.2254497E+06   1.0862155E+06   2.3113810E+06   1.5359988E-04   2.7688728E-04   1.7001488E-04
   1.3043478E-01   1.1634626E+06   9.9810760E+05   2.1614860E+06   2.1635112E-03   2.0141669E-04   1.2351838E-03
   1.4492754E-01   1.0902315E+06   9.0920825E+05   1.9991367E+06   2.9112630E-03   1.9674838E-04   1.6513288E-03
   1.5942029E-01   1.0406480E+06   8.3495694E+05   1.8753983E+06   2.5105591E-03   3.3970774E-04   1.2865694E-03
   1.7391304E-01   9.6744031E+05   7.6758726E+05   1.7347118E+06   2.2278550E-03   2.6543093E-04   1.2426223E-03
   1.8840580E-01   9.2257356E+05   6.9204674E+05   1.6144454E+06   3.9670218E-03   1.3004406E-04   2.2495396E-03
   2.0289855E-01   8.6371157E+05   6.3400911E+05   1.4977207E+06   3.7546045E-03   2.2238793E-04   2.2487946E-03
   2.1739130E-01   8.2760001E+05   5.9012533E+05   1.4176748E+06   5.9073419E-03   1.8044756E-04   3.5082907E-03
   2.3188406E-01   7.8913540E+05   5.2691115E+05   1.3160465E+06   7.4227021E-03   1.4207956E-04   4.5074559E-03
   2.4637681E-01   7.4249280E+05   4.7719582E+05   1.2195103E+06   6.0881532E-03   3.0450132E-04   3.6469632E-03
   2.6086957E-01   7.0949412E+05   4.3401473E+05   1.1434668E+06   6.4649181E-03   4.2835963E-04   4.0807968E-03
   2.7536232E-01   6.7059697E+05   3.9924747E+05   1.0698444E+06   6.6299410E-03   3.1924433E-04   4.2629388E-03
   2.8985507E-01   6.3002017E+05   3.5973549E+05   9.8975566E+05   6.9080427E-03   2.9962778E-04   4.3987773E-03
   3.0434783E-01   6.1430795E+05   3.2470821E+05   9.3901617E+05   7.0138905E-03   3.1311433E-04   4.6264243E-03
   3.1884058E-01   5.7067905E+05   2.9100533E+05   8.6164994E+05   7.4678887E-03   3.3899047E-04   5.0439696E-03
   3.3333333E-01   5.3384197E+05   2.6893063E+05   8.0277260E+05   8.5202218E-03   2.6653240E-04   5.6937105E-03
   3.4782609E-01   5.0960949E+05   2.4216002E+05   7.5176951E+05   9.1085258E-03   5.2978847E-04   6.3066243E-03
   3.6231884E-01   4.8073846E+05   2.2489625E+05   7.0560440E+05   9.0811929E-03   5.5362387E-04   6.3321517E-03
   3.7681159E-01   4.5729409E+05   2.0289857E+05   6.6013437E+05   8.7377086E-03   4.9338134E-04   6.2042134E-03
   3.9130435E-01   4.2896316E+05   1.8645935E+05   6.1542251E+05   1.0643240E-02   4.8769636E-04   7.3870332E-03
   4.0579710E-01   4.1147808E+05   1.6762218E+05   5.7907320E+05   1.0003982E-02   4.2165983E-04   7.2306796E-03
   4.2028986E-01   3.8884956E+05   1.5324571E+05   5.4206915E+05   1.0939818E-02   3.7033466E-04   7.9410166E-03
   4.3478261E-01   3.6474918E+05   1.3646838E+05   5.0119230E+05   9.5342669E-03   2.6559275E-04   6.8851554E-03
   4.4927536E-01   3.4103039E+05   1.2480656E+05   4.6583696E+05   9.5046191E-03   9.6452155E-04   7.1998658E-03
   4.6376812E-01   3.2357724E+05   1.1635994E+05   4.3986615E+05   1.0785951E-02   5.4836111E-04   8.0568178E-03
   4.7826087E-01   3.0906472E+05   1.0413139E+05   4.1319611E+05   1.0733563E-02   8.4730434E-04   8.0268576E-03
   4.9275362E-01   2.8473070E+05   9.7502882E+04   3.8223358E+05   9.6381533E-03   3.9764187E-04   7.2544512E-03
   5.0724638E-01   2.6899652E+05   8.9218082E+04   3.5821460E+05   1.1612612E-02   8.2187677E-04   8.7904876E-03
   5.2173913E-01   2.5596766E+05   7.9036146E+04   3.3498276E+05   9.3045480E-03   8.8357236E-04   7.3180227E-03
   5.3623188E-01   2.4067355E+05   7.2927036E+04   3.1360059E+05   1.0612603E-02   1.3459757E-03   8.4451850E-03
   5.5072464E-01   2.2167786E+05   6.5265057E+04   2.8694292E+05   1.2844884E-02   1.0488690E-03   1.0153865E-02
   5.6521739E-01   2.1263257E+05   6.1959546E+04   2.7459212E+05   1.0622990E-02   5.9914029E-04   8.3553169E-03
   5.7971014E-01   1.9180210E+05   5.3856135E+04   2.4565823E+05   1.1704395E-02   1.0489095E-03   9.3486324E-03
   5.9420290E-01   1.8194921E+05   4.8957182E+04   2.3090639E+05   1.2031392E-02   5.6098293E-04   9.5990136E-03
   6.0869565E-01   1.7283613E+05   4.5969359E+04   2.1880549E+05   1.1243855E-02   1.0194692E-03   8.9705648E-03
   6.2318841E-01   1.5797929E+05   4.0953025E+04   1.9893231E+05   1.3358178E-02   1.6394412E-03   1.0886021E-02
   6.3768116E-01   1.4453827E+05   3.7456302E+04   1.8197735E+05   1.1253854E-02   2.7239506E-03   9.4359070E-03
   6.5217391E-01   1.3711666E+05   3.3542477E+04   1.7065914E+05   8.1129527E-03   1.5691027E-03   6.8246963E-03
   6.6666667E-01   1.2713504E+05   3.0342412E+04   1.5747745E+05   1.3076561E-02   1.6926298E-03   1.0799648E-02
   6.8115942E-01   1.1443436E+05   2.8310332E+04   1.4274469E+05   1.2720495E-02   1.8425115E-03   1.0560633E-02
   6.9565217E-01   1.0680930E+05   2.5952481E+04   1.3276178E+05   1.1421552E-02   6.5262021E-04   9.3069802E-03
   7.1014493E-01   1.0037691E+05   2.2469212E+04   1.2284613E+05   1.3460226E-02   1.0590008E-03   1.1075053E-02
   7.2463768E-01   9.0746545E+04   2.1565186E+04   1.1231173E+05   1.1017008E-02   8.8264617E-04   9.0285162E-03
   7.3913043E-01   8.2756732E+04   1.8557120E+04   1.0131385E+05   1.3542944E-02   7.9605124E-04   1.1187988E-02
   7.5362319E-01   8.1267259E+04   1.7092791E+04   9.8360050E+04   1.3243619E-02   2.5847194E-03   1.1370398E-02
   7.6811594E-01   7.0841232E+04   1.5726610E+04   8.6539248E+04   1.2010026E-02   1.1826163E-03   1.0046349E-02
   7.8260870E-01   6.6259863E+04   1.3456842E+04   7.9716706E+04   1.4748724E-02   2.5213304E-03   1.2653437E-02
   7.9710145E-01   6.0591381E+04   1.2785084E+04   7.3376465E+04   1.4045877E-02   1.4027210E-03   1.1798835E-02
   8.1159420E-01   5.4800599E+04   1.2177911E+04   6.6978510E+04   1.3736361E-02   3.8415234E-03   1.1924851E-02
   8.2608696E-01   5.1167167E+04   1.0595020E+04   6.1762187E+04   1.5940677E-02   8.3822686E-04   1.3304601E-02
   8.4057971E-01   4.6744515E+04   9.9158990E+03   5.6660414E+04   1.4833939E-02   2.5262643E-03   1.2649335E-02
   8.5507246E-01   4.0969153E+04   8.1553016E+03   4.9124455E+04   1.4198286E-02   1.3586273E-04   1.1824627E-02
   8.6956522E-01   3.6358732E+04   7.5773668E+03   4.3936099E+04   1.7068540E-02   2.6367537E-03   1.4401626E-02
   8.8405797E-01   3.3824869E+04   6.1488469E+03   3.9973716E+04   1.9031152E-02   5.0706720E-03   1.6883682E-02
   8.9855072E-01   2.9185084E+04   5.5608095E+03   3.4745893E+04   1.8862028E-02   1.2890135E-03   1.5899157E-02
   9.1304348E-01   2.6412536E+04   5.0275228E+03   3.1440059E+04   2.0879270E-02   9.5044827E-04   1.7591969E-02
   9.2753623E-01   2.2021722E+04   4.3451463E+03   2.6366869E+04   2.1632566E-02   4.4052726E-03   1.8629004E-02
   9.4202899E-01   1.8290598E+04   3.3690139E+03   2.1659612E+04   2.3599085E-02   4.9714022E-03   2.0537927E-02
   9.5652174E-01   1.5717296E+04   3.0424276E+03   1.8759723E+04   1.6489265E-02   4.6409928E-03   1.4308680E-02
   9.7101449E-01   1.1230336E+04   2.1148770E+03   1.3345213E+04   2.5054611E-02   1.5617569E-03   2.1232958E-02
   9.8550725E-01   6.4073323E+03   1.0363163E+03   7.4436486E+03   2.9956509E-02   3.8025464E-03   2.6270207E-02
   1.0000000E+00   4.8145002E+02   4.3768184E+01   5.2521821E+02   3.1056907E-02   9.0337713E-05   2.8469330E-02
