   0.0000000E+00   3.3946603E+05   1.0305219E+05   4.4251822E+05   0.0000000E+00   0.0000000E+00   0.0000000E+00
   1.4492754E-02   2.9779052E+05   1.5003186E+05   4.4782238E+05   0.0000000E+00   0.0000000E+00   0.0000000E+00
   2.8985507E-02   2.8869768E+05   1.5647263E+05   4.4517030E+05   0.0000000E+00   0.0000000E+00   0.0000000E+00
   4.3478261E-02   2.9627504E+05   1.4498029E+05   4.4125533E+05   0.0000000E+00   0.0000000E+00   0.0000000E+00
   5.7971014E-02   2.9570674E+05   1.5060017E+05   4.4630691E+05   0.0000000E+00   0.0000000E+00   0.0000000E+00
   7.2463768E-02   2.9900290E+05   1.5033496E+05   4.4933785E+05   0.0000000E+00   0.0000000E+00   0.0000000E+00
   8.6956522E-02   3.1244009E+05   1.5306281E+05   4.6550290E+05   0.0000000E+00   0.0000000E+00   0.0000000E+00
   1.0144928E-01   2.9865650E+05   1.5154734E+05   4.5020384E+05   0.0000000E+00   0.0000000E+00   0.0000000E+00
   1.1594203E-01   2.9996901E+05   1.5249451E+05   4.5246352E+05   0.0000000E+00   0.0000000E+00   0.0000000E+00
   1.3043478E-01   3.1479750E+05   1.5592537E+05   4.7072287E+05   0.0000000E+00   0.0000000E+00   0.0000000E+00
   1.4492754E-01   3.1824941E+05   1.5132002E+05   4.6956942E+05   0.0000000E+00   0.0000000E+00   0.0000000E+00
   1.5942029E-01   3.1411630E+05   1.6036464E+05   4.7448093E+05   0.0000000E+00   0.0000000E+00   0.0000000E+00
   1.7391304E-01   3.2570048E+05   1.6512345E+05   4.9082394E+05   0.0000000E+00   0.0000000E+00   0.0000000E+00
   1.8840580E-01   3.2471931E+05   1.6501173E+05   4.8973105E+05   0.0000000E+00   0.0000000E+00   0.0000000E+00
   2.0289855E-01   3.3167217E+05   1.6101905E+05   4.9269122E+05   0.0000000E+00   0.0000000E+00   0.0000000E+00
   2.1739130E-01   3.2799895E+05   1.6745981E+05   4.9545876E+05   0.0000000E+00   0.0000000E+00   0.0000000E+00
   2.3188406E-01   3.3141508E+05   1.7063283E+05   5.0204791E+05   0.0000000E+00   0.0000000E+00   0.0000000E+00
   2.4637681E-01   3.3910945E+05   1.7240738E+05   5.1151683E+05   0.0000000E+00   0.0000000E+00   0.0000000E+00
   2.6086957E-01   3.4325472E+05   1.7162736E+05   5.1488208E+05   0.0000000E+00   0.0000000E+00   0.0000000E+00
   2.7536232E-01   3.4736245E+05   1.7025147E+05   5.1757404E+05   0.0000000E+00   0.0000000E+00   0.0000000E+00
   2.8985507E-01   3.5696975E+05   1.7674208E+05   5.3371183E+05   0.0000000E+00   0.0000000E+00   0.0000000E+00
   3.0434783E-01   3.5314138E+05   1.7406294E+05   5.2720432E+05   0.0000000E+00   0.0000000E+00   0.0000000E+00
   3.1884058E-01   3.5830612E+05   1.7799924E+05   5.3627092E+05   0.0000000E+00   0.0000000E+00   0.0000000E+00
   3.3333333E-01   3.5422543E+05   1.7556430E+05   5.2978972E+05   0.0000000E+00   0.0000000E+00   0.0000000E+00
   3.4782609E-01   3.6169298E+05   1.7822598E+05   5.3991896E+05   0.0000000E+00   0.0000000E+00   0.0000000E+00
   3.6231884E-01   3.5743955E+05   1.7682543E+05   5.3426498E+05   0.0000000E+00   0.0000000E+00   0.0000000E+00
   3.7681159E-01   3.6359703E+05   1.8308084E+05   5.4667787E+05   0.0000000E+00   0.0000000E+00   0.0000000E+00
   3.9130435E-01   3.5972847E+05   1.7955553E+05   5.3919981E+05   0.0000000E+00   0.0000000E+00   0.0000000E+00
   4.0579710E-01   3.6162983E+05   1.8407589E+05   5.4567866E+05   0.0000000E+00   0.0000000E+00   0.0000000E+00
   4.2028986E-01   3.5838332E+05   1.7785909E+05   5.3616403E+05   0.0000000E+00   0.0000000E+00   0.0000000E+00
   4.3478261E-01   3.6037957E+05   1.7746193E+05   5.3776572E+05   0.0000000E+00   0.0000000E+00   0.0000000E+00
   4.4927536E-01   3.6016936E+05   1.8041466E+05   5.4051069E+05   0.0000000E+00   0.0000000E+00   0.0000000E+00
   4.6376812E-01   3.4976652E+05   1.7889690E+05   5.2866341E+05   0.0000000E+00   0.0000000E+00   0.0000000E+00
   4.7826087E-01   3.5730729E+05   1.8424482E+05   5.4152915E+05   0.0000000E+00   0.0000000E+00   0.0000000E+00
   4.9275362E-01   3.5121095E+05   1.7695380E+05   5.2814247E+05   0.0000000E+00   0.0000000E+00   0.0000000E+00
   5.0724638E-01   3.4790939E+05   1.7098870E+05   5.1883313E+05   0.0000000E+00   0.0000000E+00   0.0000000E+00
   5.2173913E-01   3.3670871E+05   1.7009084E+05   5.0675746E+05   0.0000000E+00   0.0000000E+00   0.0000000E+00
   5.3623188E-01   3.3516537E+05   1.7014260E+05   5.0520557E+05   0.0000000E+00   0.0000000E+00   0.0000000E+00
   5.5072464E-01   3.3204819E+05   1.6785862E+05   4.9984699E+05   0.0000000E+00   0.0000000E+00   0.0000000E+00
   5.6521739E-01   3.2267925E+05   1.6139791E+05   4.8407717E+05   0.0000000E+00   0.0000000E+00   0.0000000E+00
   5.7971014E-01   3.1177076E+05   1.5810176E+05   4.6987252E+05   0.0000000E+00   0.0000000E+00   0.0000000E+00
   5.9420290E-01   3.0294682E+05   1.4923716E+05   4.5218399E+05   0.0000000E+00   0.0000000E+00   0.0000000E+00
   6.0869565E-01   2.9894516E+05   1.4786690E+05   4.4679402E+05   0.0000000E+00   0.0000000E+00   0.0000000E+00
   6.2318841E-01   2.8450369E+05   1.4294791E+05   4.2734587E+05   0.0000000E+00   0.0000000E+00   0.0000000E+00
   6.3768116E-01   2.7476565E+05   1.3859693E+05   4.1334536E+05   0.0000000E+00   0.0000000E+00   0.0000000E+00
   6.5217391E-01   2.5944904E+05   1.3085271E+05   3.9025123E+05   0.0000000E+00   0.0000000E+00   0.0000000E+00
   6.6666667E-01   2.5120618E+05   1.2487830E+05   3.7605154E+05   0.0000000E+00   0.0000000E+00   0.0000000E+00
   6.8115942E-01   2.3846135E+05   1.2128624E+05   3.5973146E+05   0.0000000E+00   0.0000000E+00   0.0000000E+00
   6.9565217E-01   2.2905749E+05   1.1602843E+05   3.4507013E+05   0.0000000E+00   0.0000000E+00   0.0000000E+00
   7.1014493E-01   2.1957353E+05   1.1086152E+05   3.3038866E+05   0.0000000E+00   0.0000000E+00   0.0000000E+00
   7.2463768E-01   2.1174194E+05   1.0709850E+05   3.1882529E+05   0.0000000E+00   0.0000000E+00   0.0000000E+00
   7.3913043E-01   1.9910646E+05   1.0027382E+05   2.9938028E+05   0.0000000E+00   0.0000000E+00   0.0000000E+00
   7.5362319E-01   1.8484404E+05   9.3653340E+04   2.7845366E+05   0.0000000E+00   0.0000000E+00   0.0000000E+00
   7.6811594E-01   1.7479413E+05   8.7854565E+04   2.6259150E+05   0.0000000E+00   0.0000000E+00   0.0000000E+00
   7.8260870E-01   1.6040163E+05   8.1526854E+04   2.4191445E+05   0.0000000E+00   0.0000000E+00   0.0000000E+00
   7.9710145E-01   1.5375166E+05   7.6131871E+04   2.2988353E+05   0.0000000E+00   0.0000000E+00   0.0000000E+00
   8.1159420E-01   1.4233272E+05   7.1863206E+04   2.1418239E+05   0.0000000E+00   0.0000000E+00   0.0000000E+00
   8.2608696E-01   1.2833667E+05   6.6242139E+04   1.9457880E+05   0.0000000E+00   0.0000000E+00   0.0000000E+00
   8.4057971E-01   1.1901692E+05   6.0370711E+04   1.7937456E+05   0.0000000E+00   0.0000000E+00   0.0000000E+00
   8.5507246E-01   1.0807380E+05   5.5533109E+04   1.6360691E+05   0.0000000E+00   0.0000000E+00   0.0000000E+00
   8.6956522E-01   9.9553971E+04   5.0187426E+04   1.4974140E+05   0.0000000E+00   0.0000000E+00   0.0000000E+00
   8.8405797E-01   8.8357066E+04   4.4433182E+04   1.3277783E+05   0.0000000E+00   0.0000000E+00   0.0000000E+00
   8.9855072E-01   7.8706843E+04   3.9940056E+04   1.1864690E+05   0.0000000E+00   0.0000000E+00   0.0000000E+00
   9.1304348E-01   6.9435141E+04   3.5012246E+04   1.0443536E+05   0.0000000E+00   0.0000000E+00   0.0000000E+00
   9.2753623E-01   5.8452281E+04   2.9658287E+04   8.8110569E+04   0.0000000E+00   0.0000000E+00   0.0000000E+00
   9.4202899E-01   4.7434316E+04   2.4667243E+04   7.2101560E+04   0.0000000E+00   0.0000000E+00   0.0000000E+00
   9.5652174E-01   3.8541243E+04   1.9758558E+04   5.8299801E+04   0.0000000E+00   0.0000000E+00   0.0000000E+00
   9.7101449E-01   2.7346378E+04   1.3921998E+04   4.1268376E+04   0.0000000E+00   0.0000000E+00   0.0000000E+00
   9.8550725E-01   9.3714199E+03   4.3012700E+03   1.3672690E+04   0.0000000E+00   0.0000000E+00   0.0000000E+00
   1.0000000E+00   0.0000000E+00   0.0000000E+00   0.0000000E+00   0.0000000E+00   0.0000000E+00   0.0000000E+00
