   0.0000000E+00   1.3518022E+06   1.2487501E+06   2.6005523E+06   7.1689812E-03   4.6082656E-06   3.7287437E-03
   1.4492754E-02   1.4351533E+06   1.1176616E+06   2.5528149E+06   1.9481125E-03   1.2191630E-06   1.0951416E-03
   2.8985507E-02   1.4563699E+06   1.1578217E+06   2.6138127E+06   5.2110977E-03   2.0161740E-04   2.8255143E-03
   4.3478261E-02   1.5063805E+06   1.2409201E+06   2.7470481E+06   1.2276791E-03   9.8572841E-05   7.1188903E-04
   5.7971014E-02   1.5041073E+06   1.3120211E+06   2.8161284E+06   6.8674012E-04   1.2672652E-04   3.1447797E-04
   7.2463768E-02   1.5224445E+06   1.3563487E+06   2.8786417E+06   1.3054666E-03   9.5775188E-05   7.0154291E-04
   8.6956522E-02   1.5219141E+06   1.2971189E+06   2.8189068E+06   1.6913303E-03   1.0741332E-04   9.4550527E-04
   1.0144928E-01   1.4742308E+06   1.2644460E+06   2.7384604E+06   9.6128453E-04   6.9069235E-05   5.3828102E-04
   1.1594203E-01   1.4020023E+06   1.1506232E+06   2.5524360E+06   1.1652340E-03   1.0216595E-04   6.0548839E-04
   1.3043478E-01   1.3027177E+06   1.0873521E+06   2.3899857E+06   1.6414647E-03   1.7056877E-05   8.8767825E-04
   1.4492754E-01   1.2432186E+06   9.7414628E+05   2.2172891E+06   2.4763131E-03   1.2937114E-04   1.3522520E-03
   1.5942029E-01   1.1611970E+06   8.8765408E+05   2.0487822E+06   2.6252697E-03   4.8512883E-05   1.4854455E-03
   1.7391304E-01   1.0753546E+06   8.1791361E+05   1.8932051E+06   2.4541433E-03   8.8263925E-05   1.4081579E-03
   1.8840580E-01   1.0262669E+06   7.3296452E+05   1.7590566E+06   2.9750932E-03   7.0830868E-05   1.7514183E-03
   2.0289855E-01   9.4868633E+05   6.7092171E+05   1.6194457E+06   3.5079782E-03   1.0891264E-04   2.0997986E-03
   2.1739130E-01   9.0296955E+05   6.0664399E+05   1.5094620E+06   4.2257742E-03   1.1601268E-04   2.4818864E-03
   2.3188406E-01   8.5070150E+05   5.5134815E+05   1.4019549E+06   6.7820426E-03   6.6353614E-05   4.0873519E-03
   2.4637681E-01   8.0382490E+05   4.9462376E+05   1.2983595E+06   4.5855664E-03   2.8240324E-04   2.9354505E-03
   2.6086957E-01   7.5188527E+05   4.5207413E+05   1.2038752E+06   5.5097108E-03   1.4337946E-04   3.3872753E-03
   2.7536232E-01   7.1510403E+05   3.9789152E+05   1.1129158E+06   5.6228361E-03   3.9682433E-05   3.6102861E-03
   2.8985507E-01   6.6487605E+05   3.6261489E+05   1.0273773E+06   6.8117571E-03   1.6887572E-04   4.3655836E-03
   3.0434783E-01   6.3765346E+05   3.2701750E+05   9.6456272E+05   6.6901133E-03   1.6673705E-04   4.4502513E-03
   3.1884058E-01   5.9764759E+05   2.9489734E+05   8.9254493E+05   5.9804264E-03   1.2861077E-04   3.9810857E-03
   3.3333333E-01   5.6688587E+05   2.6820584E+05   8.3509172E+05   7.4319276E-03   1.1753039E-04   5.0555618E-03
   3.4782609E-01   5.3117342E+05   2.3815033E+05   7.6922902E+05   7.4309094E-03   3.1275864E-04   5.1876096E-03
   3.6231884E-01   4.9856043E+05   2.1692486E+05   7.1548529E+05   4.6257738E-03   1.7552059E-04   3.1920917E-03
   3.7681159E-01   4.7953075E+05   1.9333943E+05   6.7284103E+05   8.4339011E-03   1.1283417E-04   5.9810815E-03
   3.9130435E-01   4.4190081E+05   1.7905037E+05   6.2089505E+05   6.1611586E-03   3.6720745E-04   4.3353384E-03
   4.0579710E-01   4.2222171E+05   1.5982832E+05   5.8205002E+05   6.7287078E-03   6.1435943E-04   5.0486836E-03
   4.2028986E-01   3.8694216E+05   1.4595576E+05   5.3287179E+05   8.0900569E-03   3.0362205E-04   5.7917131E-03
   4.3478261E-01   3.6512805E+05   1.3048226E+05   4.9558505E+05   6.6433114E-03   1.7311609E-04   4.8911095E-03
   4.4927536E-01   3.4447687E+05   1.1830470E+05   4.6278157E+05   5.6312197E-03   8.3000239E-05   4.2128813E-03
   4.6376812E-01   3.1862828E+05   1.0669880E+05   4.2530339E+05   6.0251170E-03   2.6041790E-04   4.5741967E-03
   4.7826087E-01   2.9937488E+05   9.5337052E+04   3.9471193E+05   7.7476095E-03   2.7933926E-04   5.8107069E-03
   4.9275362E-01   2.7405553E+05   8.4911081E+04   3.5894432E+05   6.0994661E-03   4.9519686E-04   4.5950068E-03
   5.0724638E-01   2.5895110E+05   8.0298439E+04   3.3924954E+05   5.8749100E-03   2.4637848E-04   4.4925248E-03
   5.2173913E-01   2.3752940E+05   6.9627582E+04   3.0715698E+05   6.5324533E-03   7.8579504E-05   5.0347678E-03
   5.3623188E-01   2.1794145E+05   6.2011532E+04   2.7991203E+05   6.6240721E-03   3.4820900E-04   5.1974853E-03
   5.5072464E-01   2.0678235E+05   5.7687690E+04   2.6447004E+05   5.8850716E-03   4.5850887E-05   4.5997286E-03
   5.6521739E-01   1.9089136E+05   5.1584382E+04   2.4245631E+05   6.6101992E-03   3.2798479E-04   5.1893652E-03
   5.7971014E-01   1.7615484E+05   4.7225939E+04   2.2338077E+05   7.2479577E-03   3.2157217E-04   5.6533014E-03
   5.9420290E-01   1.6161969E+05   4.1730962E+04   2.0335065E+05   7.4658224E-03   6.4204156E-04   6.0394814E-03
   6.0869565E-01   1.5198033E+05   3.8915191E+04   1.9089552E+05   5.1101591E-03   8.8794578E-04   4.1329377E-03
   6.2318841E-01   1.3961739E+05   3.5278810E+04   1.7489620E+05   7.2731622E-03   1.5420552E-04   5.8339219E-03
   6.3768116E-01   1.2516432E+05   3.1962711E+04   1.5712703E+05   6.6044391E-03   3.1983220E-04   5.1959960E-03
   6.5217391E-01   1.1736499E+05   2.8524577E+04   1.4588957E+05   6.5009128E-03   6.8142735E-04   5.2824076E-03
   6.6666667E-01   1.0606666E+05   2.6306641E+04   1.3237330E+05   6.5147646E-03   3.3144927E-04   5.1826612E-03
   6.8115942E-01   9.9360238E+04   2.3102908E+04   1.2246315E+05   6.0096235E-03   9.2255206E-04   4.7030808E-03
   6.9565217E-01   8.8576261E+04   2.0285242E+04   1.0886150E+05   8.3806581E-03   3.2715122E-04   6.8104052E-03
   7.1014493E-01   7.9918024E+04   1.9732082E+04   9.9650106E+04   8.6257889E-03   2.3645089E-04   6.9365601E-03
   7.2463768E-01   7.3197364E+04   1.8276609E+04   9.1473972E+04   8.9835104E-03   4.2607237E-04   7.1359957E-03
   7.3913043E-01   6.9459196E+04   1.5258737E+04   8.4717933E+04   7.6614465E-03   6.9311804E-04   6.2407280E-03
   7.5362319E-01   6.1566106E+04   1.4746722E+04   7.6312827E+04   7.6894204E-03   1.3097069E-03   6.4372564E-03
   7.6811594E-01   5.5929545E+04   1.1766364E+04   6.7695909E+04   4.8992949E-03   5.3755259E-04   4.0896725E-03
   7.8260870E-01   5.0024653E+04   1.1478308E+04   6.1502961E+04   8.2369559E-03   2.3577458E-04   6.7256350E-03
   7.9710145E-01   4.6965897E+04   1.0649645E+04   5.7615542E+04   8.2729030E-03   5.6098619E-04   6.6603882E-03
   8.1159420E-01   4.1012498E+04   9.5934877E+03   5.0605986E+04   7.0354672E-03   1.8059956E-03   6.0047599E-03
   8.2608696E-01   3.5866203E+04   8.8402613E+03   4.4706464E+04   7.0757126E-03   7.7411078E-04   5.8141407E-03
   8.4057971E-01   3.5260885E+04   8.1391371E+03   4.3400022E+04   5.1769956E-03   9.5626757E-04   4.1982569E-03
   8.5507246E-01   2.8845366E+04   7.1150190E+03   3.5960385E+04   8.3486455E-03   7.3310390E-04   6.5585447E-03
   8.6956522E-01   2.6040884E+04   6.0997803E+03   3.2140664E+04   7.9699234E-03   5.0844611E-04   6.4927706E-03
   8.8405797E-01   2.3725854E+04   5.2793130E+03   2.9005167E+04   6.1281994E-03   5.7962311E-04   4.9700398E-03
   8.9855072E-01   2.0348896E+04   4.4608692E+03   2.4809766E+04   5.1123193E-03   1.3610917E-03   4.0206996E-03
   9.1304348E-01   1.8209736E+04   4.3058688E+03   2.2515604E+04   1.3295685E-02   2.0644542E-03   1.0392192E-02
   9.2753623E-01   1.4764026E+04   3.6821267E+03   1.8446152E+04   1.0113378E-02   1.2783741E-03   8.0328790E-03
   9.4202899E-01   1.2578429E+04   2.8793994E+03   1.5457828E+04   1.4448598E-02   1.5169051E-03   1.1764946E-02
   9.5652174E-01   1.0470543E+04   2.1698823E+03   1.2640426E+04   5.9374413E-03   1.7969652E-03   5.1280051E-03
   9.7101449E-01   7.4755813E+03   1.8434489E+03   9.3190303E+03   8.1106845E-03   2.1492242E-03   6.4041306E-03
   9.8550725E-01   4.6467088E+03   7.8002306E+02   5.4267318E+03   1.3107787E-02   5.5934978E-03   1.1661509E-02
   1.0000000E+00   1.9695683E+02   2.1884092E+01   2.1884092E+02   4.9584097E-02   3.5850532E-06   4.4625822E-02
