   0.0000000E+00   8.5005932E+07   4.3651695E+07   1.2865763E+08   6.0694656E-04   8.3624661E-05   3.9664636E-04
   1.4492754E-02   8.1673406E+07   4.0828368E+07   1.2250177E+08   9.6385267E-04   5.1554337E-05   6.5367056E-04
   2.8985507E-02   6.5711683E+07   3.3039214E+07   9.8750139E+07   5.2242980E-04   1.0591054E-04   3.1310805E-04
   4.3478261E-02   4.1884653E+07   2.0984255E+07   6.2868402E+07   2.2723901E-03   3.5659421E-04   1.6335787E-03
   5.7971014E-02   2.3137490E+07   1.1564009E+07   3.4701309E+07   3.0194364E-03   6.1368441E-04   2.2169926E-03
   7.2463768E-02   7.9339577E+06   3.9856950E+06   1.1919653E+07   5.0332429E-03   1.3666596E-03   3.8068111E-03
   8.6956522E-02   2.4579715E+06   1.2626419E+06   3.7206134E+06   1.1476654E-02   2.5332393E-03   8.4278552E-03
   1.0144928E-01   8.3470108E+05   4.4176049E+05   1.2764616E+06   1.8769809E-02   3.5991175E-03   1.3509527E-02
   1.1594203E-01   1.8441417E+05   1.0390464E+05   2.8831881E+05   1.5948589E-02   1.7596774E-03   1.0814894E-02
   1.3043478E-01   1.9616961E+04   7.9141387E+03   2.7531100E+04   1.0159403E-01   1.1003420E-06   7.2389825E-02
   1.4492754E-01   1.4245450E+04   5.5314778E+03   1.9776927E+04   1.7000251E-01   1.6502882E-05   1.2244976E-01
   1.5942029E-01   9.9883472E+03   3.5820280E+03   1.3570375E+04   1.9756806E-01   3.5318799E-03   1.4634523E-01
   1.7391304E-01   8.1456694E+03   2.1469206E+03   1.0292590E+04   2.4734132E-01   1.0863455E-05   1.9575092E-01
   1.8840580E-01   5.4790191E+03   2.3314975E+03   7.8105166E+03   2.6756444E-01   8.6298422E-06   1.8769359E-01
   2.0289855E-01   3.9510556E+03   1.8402177E+03   5.7912732E+03   2.9642653E-01   4.9888726E-06   2.0223588E-01
   2.1739130E-01   2.6773363E+03   9.5979980E+02   3.6371361E+03   3.3171520E-01   4.8954614E-06   2.4417796E-01
   2.3188406E-01   2.4152857E+03   4.2622688E+02   2.8415126E+03   3.2227638E-01   1.1839148E-05   2.7393326E-01
   2.4637681E-01   1.0251732E+03   3.5658197E+02   1.3817551E+03   3.4492944E-01   5.6125931E-06   2.5591407E-01
   2.6086957E-01   9.2612261E+02   4.2096482E+01   9.6821910E+02   3.3184996E-01   1.5982731E-05   3.1742240E-01
   2.7536232E-01   3.9880878E+02   7.9761756E+01   4.7857054E+02   3.7461547E-01   1.4628632E-05   3.1218199E-01
   2.8985507E-01   4.9252884E+02   3.7886834E+01   5.3041568E+02   4.0529937E-01   1.8926686E-05   3.7635076E-01
   3.0434783E-01   1.8041350E+02   0.0000000E+00   1.8041350E+02   3.5627396E-01   0.0000000E+00   3.5627396E-01
   3.1884058E-01   3.4442577E+01   0.0000000E+00   3.4442577E+01   4.2040419E-01   0.0000000E+00   4.2040419E-01
   3.3333333E-01   3.2945073E+01   0.0000000E+00   3.2945073E+01   4.1173733E-01   0.0000000E+00   4.1173733E-01
   3.4782609E-01   3.1572362E+01   0.0000000E+00   3.1572362E+01   3.8078006E-01   0.0000000E+00   3.8078006E-01
   3.6231884E-01   3.0309467E+01   0.0000000E+00   3.0309467E+01   4.5127123E-01   0.0000000E+00   4.5127123E-01
   3.7681159E-01   2.9143719E+01   2.9143719E+01   5.8287437E+01   5.2950146E-01   6.2888686E-06   2.6474761E-01
   3.9130435E-01   0.0000000E+00   0.0000000E+00   0.0000000E+00   0.0000000E+00   0.0000000E+00   0.0000000E+00
   4.0579710E-01   0.0000000E+00   0.0000000E+00   0.0000000E+00   0.0000000E+00   0.0000000E+00   0.0000000E+00
   4.2028986E-01   0.0000000E+00   0.0000000E+00   0.0000000E+00   0.0000000E+00   0.0000000E+00   0.0000000E+00
   4.3478261E-01   0.0000000E+00   0.0000000E+00   0.0000000E+00   0.0000000E+00   0.0000000E+00   0.0000000E+00
   4.4927536E-01   0.0000000E+00   0.0000000E+00   0.0000000E+00   0.0000000E+00   0.0000000E+00   0.0000000E+00
   4.6376812E-01   0.0000000E+00   0.0000000E+00   0.0000000E+00   0.0000000E+00   0.0000000E+00   0.0000000E+00
   4.7826087E-01   0.0000000E+00   0.0000000E+00   0.0000000E+00   0.0000000E+00   0.0000000E+00   0.0000000E+00
   4.9275362E-01   0.0000000E+00   0.0000000E+00   0.0000000E+00   0.0000000E+00   0.0000000E+00   0.0000000E+00
   5.0724638E-01   0.0000000E+00   0.0000000E+00   0.0000000E+00   0.0000000E+00   0.0000000E+00   0.0000000E+00
   5.2173913E-01   0.0000000E+00   0.0000000E+00   0.0000000E+00   0.0000000E+00   0.0000000E+00   0.0000000E+00
   5.3623188E-01   0.0000000E+00   0.0000000E+00   0.0000000E+00   0.0000000E+00   0.0000000E+00   0.0000000E+00
   5.5072464E-01   0.0000000E+00   0.0000000E+00   0.0000000E+00   0.0000000E+00   0.0000000E+00   0.0000000E+00
   5.6521739E-01   0.0000000E+00   0.0000000E+00   0.0000000E+00   0.0000000E+00   0.0000000E+00   0.0000000E+00
   5.7971014E-01   0.0000000E+00   0.0000000E+00   0.0000000E+00   0.0000000E+00   0.0000000E+00   0.0000000E+00
   5.9420290E-01   0.0000000E+00   0.0000000E+00   0.0000000E+00   0.0000000E+00   0.0000000E+00   0.0000000E+00
   6.0869565E-01   0.0000000E+00   0.0000000E+00   0.0000000E+00   0.0000000E+00   0.0000000E+00   0.0000000E+00
   6.2318841E-01   0.0000000E+00   0.0000000E+00   0.0000000E+00   0.0000000E+00   0.0000000E+00   0.0000000E+00
   6.3768116E-01   0.0000000E+00   0.0000000E+00   0.0000000E+00   0.0000000E+00   0.0000000E+00   0.0000000E+00
   6.5217391E-01   0.0000000E+00   0.0000000E+00   0.0000000E+00   0.0000000E+00   0.0000000E+00   0.0000000E+00
   6.6666667E-01   0.0000000E+00   0.0000000E+00   0.0000000E+00   0.0000000E+00   0.0000000E+00   0.0000000E+00
   6.8115942E-01   0.0000000E+00   0.0000000E+00   0.0000000E+00   0.0000000E+00   0.0000000E+00   0.0000000E+00
   6.9565217E-01   0.0000000E+00   0.0000000E+00   0.0000000E+00   0.0000000E+00   0.0000000E+00   0.0000000E+00
   7.1014493E-01   0.0000000E+00   0.0000000E+00   0.0000000E+00   0.0000000E+00   0.0000000E+00   0.0000000E+00
   7.2463768E-01   0.0000000E+00   0.0000000E+00   0.0000000E+00   0.0000000E+00   0.0000000E+00   0.0000000E+00
   7.3913043E-01   0.0000000E+00   0.0000000E+00   0.0000000E+00   0.0000000E+00   0.0000000E+00   0.0000000E+00
   7.5362319E-01   0.0000000E+00   0.0000000E+00   0.0000000E+00   0.0000000E+00   0.0000000E+00   0.0000000E+00
   7.6811594E-01   0.0000000E+00   0.0000000E+00   0.0000000E+00   0.0000000E+00   0.0000000E+00   0.0000000E+00
   7.8260870E-01   0.0000000E+00   0.0000000E+00   0.0000000E+00   0.0000000E+00   0.0000000E+00   0.0000000E+00
   7.9710145E-01   0.0000000E+00   0.0000000E+00   0.0000000E+00   0.0000000E+00   0.0000000E+00   0.0000000E+00
   8.1159420E-01   0.0000000E+00   0.0000000E+00   0.0000000E+00   0.0000000E+00   0.0000000E+00   0.0000000E+00
   8.2608696E-01   0.0000000E+00   0.0000000E+00   0.0000000E+00   0.0000000E+00   0.0000000E+00   0.0000000E+00
   8.4057971E-01   0.0000000E+00   0.0000000E+00   0.0000000E+00   0.0000000E+00   0.0000000E+00   0.0000000E+00
   8.5507246E-01   0.0000000E+00   0.0000000E+00   0.0000000E+00   0.0000000E+00   0.0000000E+00   0.0000000E+00
   8.6956522E-01   0.0000000E+00   0.0000000E+00   0.0000000E+00   0.0000000E+00   0.0000000E+00   0.0000000E+00
   8.8405797E-01   0.0000000E+00   0.0000000E+00   0.0000000E+00   0.0000000E+00   0.0000000E+00   0.0000000E+00
   8.9855072E-01   0.0000000E+00   0.0000000E+00   0.0000000E+00   0.0000000E+00   0.0000000E+00   0.0000000E+00
   9.1304348E-01   0.0000000E+00   0.0000000E+00   0.0000000E+00   0.0000000E+00   0.0000000E+00   0.0000000E+00
   9.2753623E-01   0.0000000E+00   0.0000000E+00   0.0000000E+00   0.0000000E+00   0.0000000E+00   0.0000000E+00
   9.4202899E-01   0.0000000E+00   0.0000000E+00   0.0000000E+00   0.0000000E+00   0.0000000E+00   0.0000000E+00
   9.5652174E-01   0.0000000E+00   0.0000000E+00   0.0000000E+00   0.0000000E+00   0.0000000E+00   0.0000000E+00
   9.7101449E-01   0.0000000E+00   0.0000000E+00   0.0000000E+00   0.0000000E+00   0.0000000E+00   0.0000000E+00
   9.8550725E-01   0.0000000E+00   0.0000000E+00   0.0000000E+00   0.0000000E+00   0.0000000E+00   0.0000000E+00
   1.0000000E+00   0.0000000E+00   0.0000000E+00   0.0000000E+00   0.0000000E+00   0.0000000E+00   0.0000000E+00
