   0.0000000E+00   4.0644996E+07   2.0616500E+07   6.1261495E+07   2.2900365E-03   2.7245552E-03   2.3826071E-03
   1.4492754E-02   4.2047566E+07   2.0967332E+07   6.3014898E+07   1.6656429E-03   1.0563149E-03   9.9737553E-04
   2.8985507E-02   4.2199871E+07   2.1166238E+07   6.3366488E+07   7.9797248E-04   5.2297105E-04   4.9144232E-04
   4.3478261E-02   3.6552207E+07   1.8327882E+07   5.4879837E+07   3.0891564E-04   8.9927596E-04   5.0552351E-04
   5.7971014E-02   2.5455027E+07   1.2794384E+07   3.8249032E+07   9.1966700E-04   2.7958202E-04   6.9971572E-04
   7.2463768E-02   1.4197258E+07   7.0869597E+06   2.1284066E+07   9.2001506E-04   1.2507840E-03   7.4790131E-04
   8.6956522E-02   7.9640651E+06   3.9841795E+06   1.1948118E+07   2.8809456E-03   4.1118693E-03   3.2851268E-03
   1.0144928E-01   4.3775531E+06   2.1648537E+06   6.5424068E+06   6.4734741E-03   7.0621134E-03   6.6665236E-03
   1.1594203E-01   1.4724718E+06   7.2875326E+05   2.2012251E+06   1.9953609E-02   1.7956217E-02   1.9279087E-02
   1.3043478E-01   2.7025942E+04   1.3386681E+04   4.0412623E+04   7.7168107E-02   8.5318493E-02   7.8216271E-02
   1.4492754E-01   1.2805750E+04   6.2892145E+03   1.9094964E+04   1.1374846E-01   1.0089243E-01   1.0932040E-01
   1.5942029E-01   8.0595629E+03   4.2019943E+03   1.2261557E+04   1.4406701E-01   1.2426746E-01   1.3709364E-01
   1.7391304E-01   5.3673015E+03   2.2100653E+03   7.5773668E+03   1.4546842E-01   1.9430696E-01   1.5971277E-01
   1.8840580E-01   3.7886834E+03   1.2240362E+03   5.0127196E+03   1.5000565E-01   1.6875279E-01   1.5448182E-01
   2.0289855E-01   2.3814581E+03   1.2989772E+03   3.6804353E+03   1.7798813E-01   1.7387885E-01   1.7641387E-01
   2.1739130E-01   1.2628945E+03   7.5773668E+02   2.0206312E+03   1.6673643E-01   1.5885714E-01   1.6286800E-01
   2.3188406E-01   1.2313221E+03   8.0509523E+02   2.0364173E+03   1.7107333E-01   2.0727955E-01   1.8063466E-01
   2.4637681E-01   1.2034641E+03   3.1200922E+02   1.5154734E+03   1.3824608E-01   2.7564259E-01   1.6618241E-01
   2.6086957E-01   9.2612261E+02   3.3677186E+02   1.2628945E+03   2.4569703E-01   2.3317929E-01   2.3895222E-01
   2.7536232E-01   6.3809405E+02   3.1904702E+02   9.5714107E+02   2.5194027E-01   2.9881039E-01   2.6592420E-01
   2.8985507E-01   7.1984985E+02   1.1366050E+02   8.3351035E+02   2.8110907E-01   2.0070245E-01   2.6863137E-01
   3.0434783E-01   4.6907509E+02   2.1649620E+02   6.8557129E+02   1.5468504E-01   2.1856205E-01   1.7349317E-01
   3.1884058E-01   4.4775350E+02   1.7221288E+02   6.1996638E+02   2.2569212E-01   7.2454512E-02   1.8242293E-01
   3.3333333E-01   1.6472537E+02   2.6356059E+02   4.2828595E+02   2.0587600E-01   2.1516634E-01   2.1147102E-01
   3.4782609E-01   1.8943417E+02   9.4717086E+01   2.8415126E+02   2.1960287E-01   2.6058960E-01   2.3023038E-01
   3.6231884E-01   9.0928402E+01   1.5154734E+02   2.4247574E+02   7.0833307E-02   2.3586436E-01   1.7331248E-01
   3.7681159E-01   8.7431156E+01   5.8287437E+01   1.4571859E+02   1.8467740E-01   1.5717412E-02   1.0772431E-01
   3.9130435E-01   1.4032161E+02   8.4192965E+01   2.2451457E+02   2.7921527E-01   2.5265337E-01   2.6921376E-01
   4.0579710E-01   1.3531012E+02   5.4124049E+01   1.8943417E+02   2.5023964E-01   1.0650980E-01   2.0449549E-01
   4.2028986E-01   5.2257702E+01   1.8290196E+02   2.3515966E+02   2.4589607E-01   5.6448777E-02   9.7824716E-02
   4.3478261E-01   1.7680523E+02   7.5773668E+01   2.5257889E+02   3.0136681E-01   1.9363110E-01   2.6621569E-01
   4.4927536E-01   9.7772475E+01   2.4443119E+01   1.2221559E+02   2.8064379E-01   4.2148606E-01   3.0600748E-01
   4.6376812E-01   9.4717086E+01   0.0000000E+00   9.4717086E+01   2.3874165E-01   0.0000000E+00   2.3874165E-01
   4.7826087E-01   4.5923435E+01   4.5923435E+01   9.1846871E+01   3.0981437E-01   3.4757898E-01   3.2476475E-01
   4.9275362E-01   1.1143187E+02   2.2286373E+01   1.3371824E+02   3.2928295E-01   3.3627525E-01   3.3044774E-01
   5.0724638E-01   0.0000000E+00   2.1649620E+01   2.1649620E+01   0.0000000E+00   2.9876767E-01   2.9876767E-01
   5.2173913E-01   2.1048241E+01   4.2096482E+01   6.3144724E+01   3.2166636E-01   2.1631295E-01   2.3471920E-01
   5.3623188E-01   2.0479370E+01   6.1438110E+01   8.1917479E+01   2.8888847E-04   1.9391598E-01   1.4536478E-01
   5.5072464E-01   5.9821317E+01   1.9940439E+01   7.9761756E+01   2.6915127E-01   3.1435828E-01   2.7897854E-01
   5.6521739E-01   1.9429146E+01   1.9429146E+01   3.8858291E+01   3.5479637E-01   2.5979699E-01   3.0512799E-01
   5.7971014E-01   1.8943417E+01   0.0000000E+00   1.8943417E+01   1.7758279E-01   0.0000000E+00   1.7758279E-01
   5.9420290E-01   5.5444148E+01   1.8481383E+01   7.3925530E+01   2.5053207E-01   2.4949419E-01   2.5013089E-01
   6.0869565E-01   0.0000000E+00   3.6082699E+01   3.6082699E+01   0.0000000E+00   2.7578765E-01   2.7578765E-01
   6.2318841E-01   3.5243567E+01   0.0000000E+00   3.5243567E+01   2.3221967E-01   0.0000000E+00   2.3221967E-01
   6.3768116E-01   1.7221288E+01   0.0000000E+00   1.7221288E+01   3.7105034E-01   0.0000000E+00   3.7105034E-01
   6.5217391E-01   3.3677186E+01   0.0000000E+00   3.3677186E+01   4.0837672E-01   0.0000000E+00   4.0837672E-01
   6.6666667E-01   0.0000000E+00   1.6472537E+01   1.6472537E+01   0.0000000E+00   4.5255594E-01   4.5255594E-01
   6.8115942E-01   0.0000000E+00   0.0000000E+00   0.0000000E+00   0.0000000E+00   0.0000000E+00   0.0000000E+00
   6.9565217E-01   1.5786181E+01   0.0000000E+00   1.5786181E+01   2.5187871E-05   0.0000000E+00   2.5187871E-05
   7.1014493E-01   1.5464014E+01   0.0000000E+00   1.5464014E+01   4.1609543E-01   0.0000000E+00   4.1609543E-01
   7.2463768E-01   1.5154734E+01   1.5154734E+01   3.0309467E+01   4.6475196E-01   2.8713329E-01   3.7568099E-01
   7.3913043E-01   0.0000000E+00   0.0000000E+00   0.0000000E+00   0.0000000E+00   0.0000000E+00   0.0000000E+00
   7.5362319E-01   1.4571859E+01   1.4571859E+01   2.9143719E+01   3.2457420E-01   4.8649256E-01   4.0130638E-01
   7.6811594E-01   0.0000000E+00   0.0000000E+00   0.0000000E+00   0.0000000E+00   0.0000000E+00   0.0000000E+00
   7.8260870E-01   1.4032161E+01   0.0000000E+00   1.4032161E+01   4.7044296E-01   0.0000000E+00   4.7044296E-01
   7.9710145E-01   0.0000000E+00   0.0000000E+00   0.0000000E+00   0.0000000E+00   0.0000000E+00   0.0000000E+00
   8.1159420E-01   0.0000000E+00   1.3531012E+01   1.3531012E+01   0.0000000E+00   3.6577129E-01   3.6577129E-01
   8.2608696E-01   0.0000000E+00   0.0000000E+00   0.0000000E+00   0.0000000E+00   0.0000000E+00   0.0000000E+00
   8.4057971E-01   2.6128851E+01   0.0000000E+00   2.6128851E+01   1.6209050E-01   0.0000000E+00   1.6209050E-01
   8.5507246E-01   0.0000000E+00   1.2842995E+01   1.2842995E+01   0.0000000E+00   1.0398993E-01   1.0398993E-01
   8.6956522E-01   0.0000000E+00   0.0000000E+00   0.0000000E+00   0.0000000E+00   0.0000000E+00   0.0000000E+00
   8.8405797E-01   0.0000000E+00   0.0000000E+00   0.0000000E+00   0.0000000E+00   0.0000000E+00   0.0000000E+00
   8.9855072E-01   0.0000000E+00   1.2221559E+01   1.2221559E+01   0.0000000E+00   3.9403316E-01   3.9403316E-01
   9.1304348E-01   1.2027566E+01   0.0000000E+00   1.2027566E+01   4.1828047E-01   0.0000000E+00   4.1828047E-01
   9.2753623E-01   0.0000000E+00   0.0000000E+00   0.0000000E+00   0.0000000E+00   0.0000000E+00   0.0000000E+00
   9.4202899E-01   0.0000000E+00   0.0000000E+00   0.0000000E+00   0.0000000E+00   0.0000000E+00   0.0000000E+00
   9.5652174E-01   0.0000000E+00   0.0000000E+00   0.0000000E+00   0.0000000E+00   0.0000000E+00   0.0000000E+00
   9.7101449E-01   1.1309503E+01   0.0000000E+00   1.1309503E+01   3.7493275E-01   0.0000000E+00   3.7493275E-01
   9.8550725E-01   0.0000000E+00   0.0000000E+00   0.0000000E+00   0.0000000E+00   0.0000000E+00   0.0000000E+00
   1.0000000E+00   0.0000000E+00   0.0000000E+00   0.0000000E+00   0.0000000E+00   0.0000000E+00   0.0000000E+00
