   0.0000000E+00   3.9432617E+07   2.0258848E+07   5.9691465E+07   1.9793625E-03   2.4281610E-03   9.9761863E-04
   1.4492754E-02   4.1808879E+07   2.0893074E+07   6.2701953E+07   2.7230856E-04   3.4340863E-04   2.0680655E-04
   2.8985507E-02   4.2330202E+07   2.1100693E+07   6.3430517E+07   3.6031598E-04   1.3109288E-03   3.0773623E-04
   4.3478261E-02   3.6348881E+07   1.8340511E+07   5.4688130E+07   5.0003289E-04   3.4239793E-04   2.6056092E-04
   5.7971014E-02   2.5311436E+07   1.2700614E+07   3.8011671E+07   5.3855009E-05   2.8952216E-04   6.3389637E-05
   7.2463768E-02   1.4195591E+07   7.0674101E+06   2.1262546E+07   1.4709323E-03   1.5224316E-03   1.4863753E-03
   8.6956522E-02   7.9237788E+06   3.9653624E+06   1.1889141E+07   2.1600035E-03   3.1184579E-03   2.4796247E-03
   1.0144928E-01   4.4189038E+06   2.2228747E+06   6.6417785E+06   6.1760548E-03   4.4831124E-03   5.6050921E-03
   1.1594203E-01   1.5813965E+06   7.9117182E+05   2.3725683E+06   1.9675281E-02   1.9838321E-02   1.9685062E-02
   1.3043478E-01   3.3340414E+04   1.6417628E+04   4.9758042E+04   7.9153501E-02   9.8801421E-02   8.5175769E-02
   1.4492754E-01   1.5533602E+04   8.0320089E+03   2.3565611E+04   1.1655727E-01   8.5271292E-02   1.0560482E-01
   1.5942029E-01   1.0677199E+04   4.5464201E+03   1.5223619E+04   1.4363909E-01   1.2137773E-01   1.3576309E-01
   1.7391304E-01   6.8196302E+03   3.9149729E+03   1.0734603E+04   1.3373138E-01   1.2706663E-01   1.3088017E-01
   1.8840580E-01   5.0127196E+03   2.2732101E+03   7.2859297E+03   1.6262136E-01   1.7686473E-01   1.6697396E-01
   2.0289855E-01   3.0309467E+03   1.3531012E+03   4.3840480E+03   1.5071951E-01   1.4669727E-01   1.4898938E-01
   2.1739130E-01   2.3237258E+03   1.2123787E+03   3.5361045E+03   2.0181574E-01   1.6362489E-01   1.8773052E-01
   2.3188406E-01   1.7522661E+03   8.0509523E+02   2.5573613E+03   2.0264416E-01   1.1623075E-01   1.7463628E-01
   2.4637681E-01   1.3817551E+03   6.6859119E+02   2.0503463E+03   1.4964490E-01   1.7428383E-01   1.5654140E-01
   2.6086957E-01   7.5773668E+02   8.4192965E+02   1.5996663E+03   2.4757451E-01   1.2580218E-01   1.8215156E-01
   2.7536232E-01   8.3749844E+02   4.7857054E+02   1.3160690E+03   1.7396606E-01   2.1972780E-01   1.9005686E-01
   2.8985507E-01   5.3041568E+02   3.4098151E+02   8.7139719E+02   1.6623943E-01   2.6637552E-01   1.9897807E-01
   3.0434783E-01   3.9690969E+02   3.2474429E+02   7.2165398E+02   2.0452608E-01   1.5596317E-01   1.8063667E-01
   3.1884058E-01   2.7554061E+02   2.7554061E+02   5.5108122E+02   2.2935555E-01   1.4980068E-01   1.8938244E-01
   3.3333333E-01   1.3178029E+02   1.9767044E+02   3.2945073E+02   2.8829984E-01   1.8387654E-01   2.2368376E-01
   3.4782609E-01   9.4717086E+01   1.2628945E+02   2.2100653E+02   2.5976992E-01   3.0596872E-01   2.8195777E-01
   3.6231884E-01   1.2123787E+02   1.2123787E+02   2.4247574E+02   1.9388234E-01   1.1334985E-01   1.5276292E-01
   3.7681159E-01   8.7431156E+01   1.4571859E+02   2.3314975E+02   1.9345570E-01   2.4264730E-01   2.2417174E-01
   3.9130435E-01   2.2451457E+02   8.4192965E+01   3.0870754E+02   1.9146933E-01   4.2942300E-01   2.5437766E-01
   4.0579710E-01   8.1186073E+01   1.0824810E+02   1.8943417E+02   2.7554561E-01   1.3479578E-01   1.9135204E-01
   4.2028986E-01   1.8290196E+02   0.0000000E+00   1.8290196E+02   3.0473606E-01   0.0000000E+00   3.0473606E-01
   4.3478261E-01   1.7680523E+02   1.0103156E+02   2.7783678E+02   1.6864984E-01   2.6539113E-01   2.0315487E-01
   4.4927536E-01   7.3329357E+01   0.0000000E+00   7.3329357E+01   2.5936601E-01   0.0000000E+00   2.5936601E-01
   4.6376812E-01   1.1839636E+02   7.1037814E+01   1.8943417E+02   2.9265296E-01   1.7497579E-01   2.4550693E-01
   4.7826087E-01   6.8885153E+01   2.2961718E+01   9.1846871E+01   2.7021780E-01   2.6856734E-01   2.6677712E-01
   4.9275362E-01   6.6859119E+01   4.4572746E+01   1.1143187E+02   3.0092933E-01   3.5276773E-01   3.2128492E-01
   5.0724638E-01   4.3299239E+01   2.1649620E+01   6.4948859E+01   1.6047428E-01   4.4156087E-01   2.4704663E-01
   5.2173913E-01   6.3144724E+01   2.1048241E+01   8.4192965E+01   1.2410454E-01   1.3902904E-01   1.2363152E-01
   5.3623188E-01   2.0479370E+01   0.0000000E+00   2.0479370E+01   4.0603810E-01   0.0000000E+00   4.0603810E-01
   5.5072464E-01   3.9880878E+01   3.9880878E+01   7.9761756E+01   2.3650902E-01   3.1987466E-01   2.7555539E-01
   5.6521739E-01   7.7716583E+01   0.0000000E+00   7.7716583E+01   9.8060761E-02   0.0000000E+00   9.8060761E-02
   5.7971014E-01   0.0000000E+00   0.0000000E+00   0.0000000E+00   0.0000000E+00   0.0000000E+00   0.0000000E+00
   5.9420290E-01   7.3925530E+01   1.8481383E+01   9.2406913E+01   2.2229141E-01   4.5563971E-01   2.6896107E-01
   6.0869565E-01   3.6082699E+01   1.8041350E+01   5.4124049E+01   3.2057307E-01   4.6421723E-01   3.4332686E-01
   6.2318841E-01   0.0000000E+00   1.7621783E+01   1.7621783E+01   0.0000000E+00   3.0008791E-01   3.0008791E-01
   6.3768116E-01   1.7221288E+01   0.0000000E+00   1.7221288E+01   3.8737509E-01   0.0000000E+00   3.8737509E-01
   6.5217391E-01   1.6838593E+01   0.0000000E+00   1.6838593E+01   3.8378778E-01   0.0000000E+00   3.8378778E-01
   6.6666667E-01   0.0000000E+00   0.0000000E+00   0.0000000E+00   0.0000000E+00   0.0000000E+00   0.0000000E+00
   6.8115942E-01   1.6122057E+01   0.0000000E+00   1.6122057E+01   4.0307192E-01   0.0000000E+00   4.0307192E-01
   6.9565217E-01   0.0000000E+00   0.0000000E+00   0.0000000E+00   0.0000000E+00   0.0000000E+00   0.0000000E+00
   7.1014493E-01   1.5464014E+01   3.0928028E+01   4.6392042E+01   2.4922093E-01   2.3064212E-01   2.2526240E-01
   7.2463768E-01   1.5154734E+01   1.5154734E+01   3.0309467E+01   2.4581255E-01   3.8011652E-01   3.1069025E-01
   7.3913043E-01   0.0000000E+00   0.0000000E+00   0.0000000E+00   0.0000000E+00   0.0000000E+00   0.0000000E+00
   7.5362319E-01   0.0000000E+00   0.0000000E+00   0.0000000E+00   0.0000000E+00   0.0000000E+00   0.0000000E+00
   7.6811594E-01   2.8593837E+01   0.0000000E+00   2.8593837E+01   2.5913998E-01   0.0000000E+00   2.5913998E-01
   7.8260870E-01   0.0000000E+00   1.4032161E+01   1.4032161E+01   0.0000000E+00   1.9792111E-01   1.9792111E-01
   7.9710145E-01   0.0000000E+00   0.0000000E+00   0.0000000E+00   0.0000000E+00   0.0000000E+00   0.0000000E+00
   8.1159420E-01   0.0000000E+00   0.0000000E+00   0.0000000E+00   0.0000000E+00   0.0000000E+00   0.0000000E+00
   8.2608696E-01   2.6587252E+01   1.3293626E+01   3.9880878E+01   2.4187348E-01   6.4359169E-06   1.6125110E-01
   8.4057971E-01   0.0000000E+00   0.0000000E+00   0.0000000E+00   0.0000000E+00   0.0000000E+00   0.0000000E+00
   8.5507246E-01   0.0000000E+00   0.0000000E+00   0.0000000E+00   0.0000000E+00   0.0000000E+00   0.0000000E+00
   8.6956522E-01   1.2628945E+01   0.0000000E+00   1.2628945E+01   3.5865769E-01   0.0000000E+00   3.5865769E-01
   8.8405797E-01   1.2421913E+01   0.0000000E+00   1.2421913E+01   3.9293833E-01   0.0000000E+00   3.9293833E-01
   8.9855072E-01   0.0000000E+00   1.2221559E+01   1.2221559E+01   0.0000000E+00   3.5885380E-01   3.5885380E-01
   9.1304348E-01   1.2027566E+01   0.0000000E+00   1.2027566E+01   5.1122932E-01   0.0000000E+00   5.1122932E-01
   9.2753623E-01   1.1839636E+01   0.0000000E+00   1.1839636E+01   3.1434833E-01   0.0000000E+00   3.1434833E-01
   9.4202899E-01   0.0000000E+00   0.0000000E+00   0.0000000E+00   0.0000000E+00   0.0000000E+00   0.0000000E+00
   9.5652174E-01   0.0000000E+00   0.0000000E+00   0.0000000E+00   0.0000000E+00   0.0000000E+00   0.0000000E+00
   9.7101449E-01   0.0000000E+00   0.0000000E+00   0.0000000E+00   0.0000000E+00   0.0000000E+00   0.0000000E+00
   9.8550725E-01   0.0000000E+00   0.0000000E+00   0.0000000E+00   0.0000000E+00   0.0000000E+00   0.0000000E+00
   1.0000000E+00   0.0000000E+00   0.0000000E+00   0.0000000E+00   0.0000000E+00   0.0000000E+00   0.0000000E+00
