   0.0000000E+00   4.4076027E+07   2.1780383E+07   6.5856411E+07   2.9012567E-03   4.0872877E-03   1.8414035E-03
   1.4492754E-02   4.4684490E+07   2.3037468E+07   6.7721958E+07   8.5159027E-04   1.5459877E-03   2.9502127E-04
   2.8985507E-02   4.3693749E+07   2.2454011E+07   6.6148139E+07   6.0220079E-04   8.0207935E-04   6.4466350E-04
   4.3478261E-02   3.6645156E+07   1.8379408E+07   5.5024060E+07   4.3096454E-04   3.1707185E-04   1.9184708E-04
   5.7971014E-02   2.5308595E+07   1.2736038E+07   3.8044254E+07   2.1114598E-04   3.8804350E-04   1.8582157E-04
   7.2463768E-02   1.3660477E+07   6.6315599E+06   2.0291885E+07   1.1018247E-03   6.1501422E-04   7.2183373E-04
   8.6956522E-02   7.5656219E+06   3.6860101E+06   1.1251506E+07   1.9463862E-03   3.0772672E-03   2.3144589E-03
   1.0144928E-01   4.2063046E+06   2.0413426E+06   6.2476472E+06   5.2322970E-03   5.4482223E-03   5.2317241E-03
   1.1594203E-01   1.5258922E+06   7.3945629E+05   2.2653485E+06   1.6182778E-02   1.8813464E-02   1.7019310E-02
   1.3043478E-01   3.3845572E+04   1.6249242E+04   5.0094814E+04   7.4423419E-02   8.6119921E-02   7.5241661E-02
   1.4492754E-01   1.3260392E+04   7.4258195E+03   2.0686211E+04   1.2503418E-01   1.2682095E-01   1.2460372E-01
   1.5942029E-01   9.2306105E+03   3.8575686E+03   1.3088179E+04   1.1748783E-01   9.6781155E-02   1.1132341E-01
   1.7391304E-01   7.1984985E+03   2.5889337E+03   9.7874322E+03   1.4509659E-01   1.7684113E-01   1.5349342E-01
   1.8840580E-01   4.0801206E+03   2.7395096E+03   6.8196302E+03   1.4831514E-01   1.3484097E-01   1.4092056E-01
   2.0289855E-01   2.7062024E+03   9.2010883E+02   3.6263113E+03   1.7223774E-01   1.7886885E-01   1.7351292E-01
   2.1739130E-01   1.9195996E+03   9.5979980E+02   2.8793994E+03   1.3689434E-01   2.4194894E-01   1.7189018E-01
   2.3188406E-01   1.3733977E+03   4.2622688E+02   1.7996246E+03   1.1199460E-01   1.8138034E-01   1.2523508E-01
   2.4637681E-01   1.3371824E+03   7.1316394E+02   2.0503463E+03   2.0319350E-01   1.5737838E-01   1.8496374E-01
   2.6086957E-01   1.3049910E+03   2.9467538E+02   1.5996663E+03   2.2053037E-01   1.6276875E-01   2.0919450E-01
   2.7536232E-01   7.9761756E+02   5.5833229E+02   1.3559499E+03   2.3160256E-01   2.4397238E-01   2.3653573E-01
   2.8985507E-01   6.0618935E+02   1.5154734E+02   7.5773668E+02   1.8111947E-01   1.1147682E-01   1.6330966E-01
   3.0434783E-01   4.3299239E+02   1.8041350E+02   6.1340589E+02   2.7476849E-01   1.0953293E-01   2.2210983E-01
   3.1884058E-01   3.4442577E+02   2.7554061E+02   6.1996638E+02   1.5343610E-01   1.9799528E-01   1.7321664E-01
   3.3333333E-01   2.9650566E+02   2.6356059E+02   5.6006624E+02   2.2164844E-01   2.1821657E-01   2.1985158E-01
   3.4782609E-01   2.8415126E+02   1.5786181E+02   4.4201307E+02   1.3897186E-01   9.9811503E-02   1.2495353E-01
   3.6231884E-01   3.3340414E+02   6.0618935E+01   3.9402308E+02   2.3927173E-01   2.2448447E-01   2.3650325E-01
   3.7681159E-01   3.7886834E+02   8.7431156E+01   4.6629950E+02   2.1786636E-01   2.3610968E-01   2.1996756E-01
   3.9130435E-01   2.8064322E+02   2.8064322E+01   3.0870754E+02   2.0207842E-01   2.4287169E-05   1.8370949E-01
   4.0579710E-01   8.1186073E+01   1.6237215E+02   2.4355822E+02   3.5797156E-01   2.2024623E-01   2.6591381E-01
   4.2028986E-01   1.3064426E+02   7.8386554E+01   2.0903081E+02   2.9513255E-01   3.3167196E-01   3.0833480E-01
   4.3478261E-01   5.0515779E+01   5.0515779E+01   1.0103156E+02   2.1408469E-01   1.4871186E-01   1.7981271E-01
   4.4927536E-01   2.1998807E+02   2.4443119E+01   2.4443119E+02   1.7035813E-01   4.7985811E-06   1.5332272E-01
   4.6376812E-01   1.1839636E+02   2.3679271E+01   1.4207563E+02   1.9947311E-01   2.1981585E-01   2.0270228E-01
   4.7826087E-01   9.1846871E+01   4.5923435E+01   1.3777031E+02   2.4928022E-01   6.0400436E-06   1.6618481E-01
   4.9275362E-01   1.1143187E+02   4.4572746E+01   1.5600461E+02   2.9112344E-01   2.2955970E-01   2.7100401E-01
   5.0724638E-01   4.3299239E+01   1.2989772E+02   1.7319696E+02   6.9347341E-02   1.6607688E-01   1.4182139E-01
   5.2173913E-01   6.3144724E+01   2.1048241E+01   8.4192965E+01   6.2667759E-02   2.1474598E-01   6.5355736E-02
   5.3623188E-01   6.1438110E+01   2.0479370E+01   8.1917479E+01   2.6886833E-01   3.3487622E-01   2.8119526E-01
   5.5072464E-01   3.9880878E+01   5.9821317E+01   9.9702195E+01   3.1512732E-01   2.1502663E-01   2.5066443E-01
   5.6521739E-01   3.8858291E+01   0.0000000E+00   3.8858291E+01   6.4353774E-02   0.0000000E+00   6.4353774E-02
   5.7971014E-01   3.7886834E+01   3.7886834E+01   7.5773668E+01   4.2126572E-01   1.6201429E-01   2.9057175E-01
   5.9420290E-01   1.8481383E+01   0.0000000E+00   1.8481383E+01   2.9697777E-01   0.0000000E+00   2.9697777E-01
   6.0869565E-01   3.6082699E+01   1.8041350E+01   5.4124049E+01   4.8839187E-01   2.2750356E-06   3.2559528E-01
   6.2318841E-01   0.0000000E+00   1.7621783E+01   1.7621783E+01   0.0000000E+00   3.4458521E-01   3.4458521E-01
   6.3768116E-01   3.4442577E+01   1.7221288E+01   5.1663865E+01   2.4881871E-01   1.8281757E-05   1.6588521E-01
   6.5217391E-01   3.3677186E+01   0.0000000E+00   3.3677186E+01   2.5429159E-01   0.0000000E+00   2.5429159E-01
   6.6666667E-01   6.5890146E+01   0.0000000E+00   6.5890146E+01   2.4558092E-01   0.0000000E+00   2.4558092E-01
   6.8115942E-01   3.2244114E+01   0.0000000E+00   3.2244114E+01   4.0218236E-01   0.0000000E+00   4.0218236E-01
   6.9565217E-01   3.1572362E+01   0.0000000E+00   3.1572362E+01   4.0019262E-01   0.0000000E+00   4.0019262E-01
   7.1014493E-01   1.5464014E+01   0.0000000E+00   1.5464014E+01   2.6586321E-01   0.0000000E+00   2.6586321E-01
   7.2463768E-01   3.0309467E+01   1.5154734E+01   4.5464201E+01   4.0849659E-01   2.3374620E-05   2.7233535E-01
   7.3913043E-01   2.9715164E+01   2.9715164E+01   5.9430328E+01   2.1960241E-01   1.9766919E-01   2.0813888E-01
   7.5362319E-01   1.4571859E+01   0.0000000E+00   1.4571859E+01   3.8755435E-01   0.0000000E+00   3.8755435E-01
   7.6811594E-01   0.0000000E+00   2.8593837E+01   2.8593837E+01   0.0000000E+00   3.1141578E-01   3.1141578E-01
   7.8260870E-01   2.8064322E+01   1.4032161E+01   4.2096482E+01   1.7761543E-01   3.8073737E-01   2.4518522E-01
   7.9710145E-01   2.7554061E+01   0.0000000E+00   2.7554061E+01   1.4170318E-01   0.0000000E+00   1.4170318E-01
   8.1159420E-01   0.0000000E+00   0.0000000E+00   0.0000000E+00   0.0000000E+00   0.0000000E+00   0.0000000E+00
   8.2608696E-01   2.6587252E+01   0.0000000E+00   2.6587252E+01   4.3869441E-01   0.0000000E+00   4.3869441E-01
   8.4057971E-01   1.3064426E+01   0.0000000E+00   1.3064426E+01   4.4021288E-01   0.0000000E+00   4.4021288E-01
   8.5507246E-01   2.5685989E+01   0.0000000E+00   2.5685989E+01   2.4625942E-01   0.0000000E+00   2.4625942E-01
   8.6956522E-01   0.0000000E+00   0.0000000E+00   0.0000000E+00   0.0000000E+00   0.0000000E+00   0.0000000E+00
   8.8405797E-01   0.0000000E+00   0.0000000E+00   0.0000000E+00   0.0000000E+00   0.0000000E+00   0.0000000E+00
   8.9855072E-01   0.0000000E+00   0.0000000E+00   0.0000000E+00   0.0000000E+00   0.0000000E+00   0.0000000E+00
   9.1304348E-01   0.0000000E+00   1.2027566E+01   1.2027566E+01   0.0000000E+00   3.2609854E-06   3.2609854E-06
   9.2753623E-01   0.0000000E+00   0.0000000E+00   0.0000000E+00   0.0000000E+00   0.0000000E+00   0.0000000E+00
   9.4202899E-01   0.0000000E+00   0.0000000E+00   0.0000000E+00   0.0000000E+00   0.0000000E+00   0.0000000E+00
   9.5652174E-01   1.1480859E+01   0.0000000E+00   1.1480859E+01   4.9264443E-01   0.0000000E+00   4.9264443E-01
   9.7101449E-01   0.0000000E+00   0.0000000E+00   0.0000000E+00   0.0000000E+00   0.0000000E+00   0.0000000E+00
   9.8550725E-01   0.0000000E+00   0.0000000E+00   0.0000000E+00   0.0000000E+00   0.0000000E+00   0.0000000E+00
   1.0000000E+00   0.0000000E+00   0.0000000E+00   0.0000000E+00   0.0000000E+00   0.0000000E+00   0.0000000E+00
