   0.0000000E+00   4.1778570E+07   2.1162070E+07   6.2940640E+07   1.0518516E-03   3.5389240E-04   7.2885599E-04
   1.4492754E-02   4.3587287E+07   2.1640202E+07   6.5227489E+07   1.0666855E-03   5.8199848E-05   7.3133021E-04
   2.8985507E-02   4.4363589E+07   2.2045970E+07   6.6409558E+07   5.5612514E-04   2.5790123E-05   3.7822431E-04
   4.3478261E-02   3.7918407E+07   1.9052026E+07   5.6970433E+07   2.4298678E-04   3.6581494E-05   1.6586257E-04
   5.7971014E-02   2.6091526E+07   1.3059023E+07   3.9149792E+07   5.8056565E-04   1.1026010E-04   4.1922723E-04
   7.2463768E-02   1.3787322E+07   6.9664795E+06   2.0753650E+07   1.7589741E-03   7.4495457E-05   1.1648262E-03
   8.6956522E-02   7.2644216E+06   3.7111417E+06   1.0975563E+07   2.1599658E-03   2.6633996E-05   1.4345411E-03
   1.0144928E-01   3.6695023E+06   1.8822179E+06   5.5517202E+06   4.5633589E-03   8.1566401E-05   3.0415916E-03
   1.1594203E-01   1.0554325E+06   5.7720592E+05   1.6326384E+06   1.5162448E-02   4.6169135E-05   9.7859410E-03
   1.3043478E-01   6.3565688E+04   2.4836925E+04   8.8402613E+04   1.1174730E-01   1.6438004E-06   8.0351189E-02
   1.4492754E-01   3.3416188E+04   1.2351108E+04   4.5767296E+04   1.6058627E-01   1.3021703E-06   1.1724890E-01
   1.5942029E-01   2.2181019E+04   7.7151371E+03   2.9896156E+04   1.8568367E-01   3.6678147E-06   1.3776500E-01
   1.7391304E-01   1.3891839E+04   4.9884332E+03   1.8880272E+04   1.9391843E-01   2.3040632E-05   1.4268832E-01
   1.8840580E-01   9.6757146E+03   3.0892342E+03   1.2764949E+04   2.4234936E-01   2.6967130E-06   1.8369881E-01
   2.0289855E-01   6.7113821E+03   3.0309467E+03   9.7423288E+03   2.3697320E-01   7.1485599E-05   1.6323702E-01
   2.1739130E-01   4.2938412E+03   2.2226943E+03   6.5165355E+03   2.6653316E-01   1.3665614E-05   1.7561800E-01
   2.3188406E-01   4.5464201E+03   7.1037814E+02   5.2567982E+03   2.5939796E-01   6.9177810E-06   2.2434441E-01
   2.4637681E-01   2.7189375E+03   8.9145492E+02   3.6103924E+03   2.4064984E-01   4.3241606E-06   1.8122906E-01
   2.6086957E-01   2.7783678E+03   8.4192965E+02   3.6202975E+03   2.5196102E-01   1.2385507E-05   1.9336330E-01
   2.7536232E-01   1.9142821E+03   3.9880878E+02   2.3130909E+03   2.7293406E-01   7.9675450E-06   2.2587509E-01
   2.8985507E-01   1.1366050E+03   4.1675518E+02   1.5533602E+03   2.8322202E-01   1.5593485E-05   2.0723957E-01
   3.0434783E-01   1.4433080E+03   3.9690969E+02   1.8402177E+03   3.1475860E-01   9.0491501E-06   2.4686761E-01
   3.1884058E-01   8.6106441E+02   2.4109804E+02   1.1021624E+03   2.2715020E-01   4.3078072E-05   1.7746965E-01
   3.3333333E-01   6.9184654E+02   1.3178029E+02   8.2362683E+02   2.5354551E-01   8.3638030E-06   2.1297694E-01
   3.4782609E-01   5.3673015E+02   4.4201307E+02   9.7874322E+02   2.7667804E-01   1.4112517E-06   1.5172657E-01
   3.6231884E-01   6.3649881E+02   1.8185680E+02   8.1835562E+02   3.1199155E-01   7.5687498E-06   2.4265843E-01
   3.7681159E-01   4.3715578E+02   8.7431156E+01   5.2458694E+02   2.7265323E-01   7.2661413E-06   2.2720981E-01
   3.9130435E-01   1.4032161E+02   1.1225729E+02   2.5257889E+02   3.7479457E-01   3.1056392E-06   2.0821783E-01
   4.0579710E-01   2.9768227E+02   1.0824810E+02   4.0593037E+02   2.5883269E-01   1.4945454E-05   1.8980711E-01
   4.2028986E-01   3.9193277E+02   1.5677311E+02   5.4870587E+02   2.6465923E-01   1.2609182E-04   1.8900644E-01
   4.3478261E-01   2.2732101E+02   1.7680523E+02   4.0412623E+02   3.8236327E-01   6.9099315E-07   2.1507905E-01
   4.4927536E-01   1.4665871E+02   4.8886238E+01   1.9554495E+02   3.5738868E-01   3.9151233E-05   2.6803196E-01
   4.6376812E-01   1.1839636E+02   7.1037814E+01   1.8943417E+02   3.0651007E-01   3.4936241E-06   1.9156749E-01
   4.7826087E-01   6.8885153E+01   4.5923435E+01   1.1480859E+02   2.7923568E-01   1.4370195E-05   1.6754692E-01
   4.9275362E-01   1.7829098E+02   4.4572746E+01   2.2286373E+02   3.0891363E-01   6.3100212E-06   2.4712966E-01
   5.0724638E-01   8.6598478E+01   6.4948859E+01   1.5154734E+02   3.7951667E-01   7.3662160E-06   2.1686980E-01
   5.2173913E-01   8.4192965E+01   8.4192965E+01   1.6838593E+02   4.2742139E-01   1.8682578E-05   2.1371979E-01
   5.3623188E-01   6.1438110E+01   2.0479370E+01   8.1917479E+01   2.5584582E-01   1.9200782E-04   1.9183713E-01
   5.5072464E-01   1.9940439E+01   0.0000000E+00   1.9940439E+01   2.9541625E-01   0.0000000E+00   2.9541625E-01
   5.6521739E-01   1.9429146E+01   3.8858291E+01   5.8287437E+01   3.5103999E-01   1.0723334E-06   1.1701262E-01
   5.7971014E-01   9.4717086E+01   0.0000000E+00   9.4717086E+01   3.6739570E-01   0.0000000E+00   3.6739570E-01
   5.9420290E-01   9.2406913E+01   3.6962765E+01   1.2936968E+02   3.8810658E-01   2.2540605E-06   2.7721956E-01
   6.0869565E-01   3.6082699E+01   0.0000000E+00   3.6082699E+01   1.2184201E-01   0.0000000E+00   1.2184201E-01
   6.2318841E-01   5.2865350E+01   1.7621783E+01   7.0487133E+01   2.8169904E-01   1.8779286E-05   2.1126969E-01
   6.3768116E-01   3.4442577E+01   1.7221288E+01   5.1663865E+01   1.3481001E-01   9.1474665E-08   8.9873362E-02
   6.5217391E-01   5.0515779E+01   0.0000000E+00   5.0515779E+01   3.8760210E-01   0.0000000E+00   3.8760210E-01
   6.6666667E-01   3.2945073E+01   1.6472537E+01   4.9417610E+01   3.6396947E-01   2.6979435E-05   2.4265471E-01
   6.8115942E-01   3.2244114E+01   1.6122057E+01   4.8366171E+01   3.5675070E-01   4.9678111E-05   2.3785009E-01
   6.9565217E-01   3.1572362E+01   0.0000000E+00   3.1572362E+01   3.5871912E-01   0.0000000E+00   3.5871912E-01
   7.1014493E-01   3.0928028E+01   0.0000000E+00   3.0928028E+01   3.4841244E-01   0.0000000E+00   3.4841244E-01
   7.2463768E-01   1.5154734E+01   3.0309467E+01   4.5464201E+01   2.5732598E-01   1.0003483E-05   8.5781417E-02
   7.3913043E-01   1.4857582E+01   0.0000000E+00   1.4857582E+01   3.7245464E-01   0.0000000E+00   3.7245464E-01
   7.5362319E-01   0.0000000E+00   1.4571859E+01   1.4571859E+01   0.0000000E+00   8.3343613E-06   8.3343613E-06
   7.6811594E-01   1.4296919E+01   0.0000000E+00   1.4296919E+01   3.4776128E-01   0.0000000E+00   3.4776128E-01
   7.8260870E-01   0.0000000E+00   0.0000000E+00   0.0000000E+00   0.0000000E+00   0.0000000E+00   0.0000000E+00
   7.9710145E-01   1.3777031E+01   2.7554061E+01   4.1331092E+01   2.8869902E-01   9.5159642E-06   9.6226894E-02
   8.1159420E-01   1.3531012E+01   0.0000000E+00   1.3531012E+01   4.0899127E-01   0.0000000E+00   4.0899127E-01
   8.2608696E-01   1.3293626E+01   0.0000000E+00   1.3293626E+01   2.1823051E-01   0.0000000E+00   2.1823051E-01
   8.4057971E-01   0.0000000E+00   0.0000000E+00   0.0000000E+00   0.0000000E+00   0.0000000E+00   0.0000000E+00
   8.5507246E-01   1.2842995E+01   0.0000000E+00   1.2842995E+01   3.9476132E-01   0.0000000E+00   3.9476132E-01
   8.6956522E-01   2.5257889E+01   0.0000000E+00   2.5257889E+01   2.5685913E-01   0.0000000E+00   2.5685913E-01
   8.8405797E-01   0.0000000E+00   0.0000000E+00   0.0000000E+00   0.0000000E+00   0.0000000E+00   0.0000000E+00
   8.9855072E-01   1.2221559E+01   0.0000000E+00   1.2221559E+01   2.3065731E-01   0.0000000E+00   2.3065731E-01
   9.1304348E-01   0.0000000E+00   0.0000000E+00   0.0000000E+00   0.0000000E+00   0.0000000E+00   0.0000000E+00
   9.2753623E-01   1.1839636E+01   0.0000000E+00   1.1839636E+01   2.5292692E-01   0.0000000E+00   2.5292692E-01
   9.4202899E-01   2.3314975E+01   0.0000000E+00   2.3314975E+01   4.1382686E-01   0.0000000E+00   4.1382686E-01
   9.5652174E-01   0.0000000E+00   0.0000000E+00   0.0000000E+00   0.0000000E+00   0.0000000E+00   0.0000000E+00
   9.7101449E-01   0.0000000E+00   0.0000000E+00   0.0000000E+00   0.0000000E+00   0.0000000E+00   0.0000000E+00
   9.8550725E-01   0.0000000E+00   0.0000000E+00   0.0000000E+00   0.0000000E+00   0.0000000E+00   0.0000000E+00
   1.0000000E+00   0.0000000E+00   0.0000000E+00   0.0000000E+00   0.0000000E+00   0.0000000E+00   0.0000000E+00
