   0.0000000E+00   7.8822801E+07   3.9456865E+07   1.1827967E+08   3.3656062E-03   1.1100918E-04   2.2262352E-03
   1.4492754E-02   8.5128686E+07   4.3341023E+07   1.2846895E+08   8.7225397E-04   1.5369122E-05   5.8247243E-04
   2.8985507E-02   7.0479362E+07   3.5534062E+07   1.0601229E+08   3.1575907E-04   4.9176326E-05   2.0341060E-04
   4.3478261E-02   4.1264319E+07   2.0616247E+07   6.1879809E+07   2.9174017E-04   7.6763044E-05   1.9259466E-04
   5.7971014E-02   2.4180514E+07   1.2134964E+07   3.6315478E+07   1.0752346E-03   2.6255745E-04   8.0201943E-04
   7.2463768E-02   5.3043083E+06   2.6457134E+06   7.9500217E+06   1.6158254E-03   9.8956747E-04   1.3643673E-03
   8.6956522E-02   1.6656315E+06   8.3641501E+05   2.5020465E+06   8.2882581E-03   1.2510711E-03   5.9356413E-03
   1.0144928E-01   8.8785090E+05   4.1437372E+05   1.3022246E+06   1.0221599E-02   9.9487147E-04   7.2737807E-03
   1.1594203E-01   2.6265048E+05   1.2123787E+05   3.8388835E+05   3.3576088E-02   4.4687785E-04   2.3004378E-02
   1.3043478E-01   5.7503795E+04   1.7343751E+04   7.4847546E+04   1.7282917E-01   1.5709114E-05   1.3278460E-01
   1.4492754E-01   5.7209120E+04   1.3790808E+04   7.0999927E+04   2.3417408E-01   1.7524081E-05   1.8868556E-01
   1.5942029E-01   4.9872851E+04   1.4672538E+04   6.4545388E+04   2.6973851E-01   3.4451635E-06   2.0842044E-01
   1.7391304E-01   4.3001557E+04   1.0987182E+04   5.3988739E+04   3.0212319E-01   7.1140955E-04   2.4077993E-01
   1.8840580E-01   3.0659192E+04   7.5190794E+03   3.8178271E+04   3.1009237E-01   3.8213507E-05   2.4901356E-01
   2.0289855E-01   1.8835169E+04   5.5747770E+03   2.4409946E+04   3.1942436E-01   6.1067185E-06   2.4647239E-01
   2.1739130E-01   1.2982555E+04   3.9907465E+03   1.6973302E+04   3.2185826E-01   5.9647186E-06   2.4618459E-01
   2.3188406E-01   8.9507646E+03   2.0837759E+03   1.1034540E+04   3.2938429E-01   3.1364170E-05   2.6718830E-01
   2.4637681E-01   5.5715933E+03   1.8274826E+03   7.3990759E+03   3.3378424E-01   1.1013915E-05   2.5134089E-01
   2.6086957E-01   4.5043236E+03   1.2207980E+03   5.7251216E+03   3.2564409E-01   9.9973706E-06   2.5620314E-01
   2.7536232E-01   2.6720188E+03   9.1726020E+02   3.5892790E+03   3.1781593E-01   6.4602006E-06   2.3659465E-01
   2.8985507E-01   1.9701154E+03   4.1675518E+02   2.3868706E+03   3.3943430E-01   4.0694770E-06   2.8016855E-01
   3.0434783E-01   1.2989772E+03   2.8866159E+02   1.5876388E+03   3.3784884E-01   1.5655254E-06   2.7642154E-01
   3.1884058E-01   1.3432605E+03   4.1331092E+02   1.7565714E+03   3.1183083E-01   2.7851028E-06   2.3845822E-01
   3.3333333E-01   6.9184654E+02   1.6472537E+02   8.5657190E+02   3.5178391E-01   2.5718084E-06   2.8413267E-01
   3.4782609E-01   4.4201307E+02   2.2100653E+02   6.6301960E+02   2.7950597E-01   2.6544584E-06   1.8633648E-01
   3.6231884E-01   3.6371361E+02   1.2123787E+02   4.8495148E+02   2.8590836E-01   2.2644673E-06   2.1443181E-01
   3.7681159E-01   3.7886834E+02   1.1657487E+02   4.9544322E+02   2.6760480E-01   1.0348934E-05   2.0464140E-01
   3.9130435E-01   4.4902915E+02   5.6128643E+01   5.0515779E+02   3.0156640E-01   8.0103168E-06   2.6805990E-01
   4.0579710E-01   2.7062024E+02   8.1186073E+01   3.5180632E+02   2.4365596E-01   1.2995978E-06   1.8742768E-01
   4.2028986E-01   1.0451540E+02   5.2257702E+01   1.5677311E+02   1.9433821E-01   3.0089924E-04   1.2965429E-01
   4.3478261E-01   1.2628945E+02   2.5257889E+01   1.5154734E+02   2.1373551E-01   7.8786239E-06   1.7811421E-01
   4.4927536E-01   1.2221559E+02   2.4443119E+01   1.4665871E+02   1.6312160E-01   9.4383739E-06   1.3593310E-01
   4.6376812E-01   1.8943417E+02   0.0000000E+00   1.8943417E+02   1.5967223E-01   0.0000000E+00   1.5967223E-01
   4.7826087E-01   6.8885153E+01   0.0000000E+00   6.8885153E+01   2.8102618E-01   0.0000000E+00   2.8102618E-01
   4.9275362E-01   4.4572746E+01   0.0000000E+00   4.4572746E+01   8.7333479E-06   0.0000000E+00   8.7333479E-06
   5.0724638E-01   4.3299239E+01   0.0000000E+00   4.3299239E+01   2.1427813E-01   0.0000000E+00   2.1427813E-01
   5.2173913E-01   8.4192965E+01   0.0000000E+00   8.4192965E+01   1.7111991E-01   0.0000000E+00   1.7111991E-01
   5.3623188E-01   6.1438110E+01   0.0000000E+00   6.1438110E+01   5.6318229E-05   0.0000000E+00   5.6318229E-05
   5.5072464E-01   5.9821317E+01   0.0000000E+00   5.9821317E+01   1.4141124E-01   0.0000000E+00   1.4141124E-01
   5.6521739E-01   0.0000000E+00   0.0000000E+00   0.0000000E+00   0.0000000E+00   0.0000000E+00   0.0000000E+00
   5.7971014E-01   5.6830251E+01   0.0000000E+00   5.6830251E+01   1.1653161E-01   0.0000000E+00   1.1653161E-01
   5.9420290E-01   5.5444148E+01   0.0000000E+00   5.5444148E+01   1.3835019E-01   0.0000000E+00   1.3835019E-01
   6.0869565E-01   3.6082699E+01   0.0000000E+00   3.6082699E+01   4.2840602E-05   0.0000000E+00   4.2840602E-05
   6.2318841E-01   5.2865350E+01   0.0000000E+00   5.2865350E+01   2.1813599E-05   0.0000000E+00   2.1813599E-05
   6.3768116E-01   1.0332773E+02   0.0000000E+00   1.0332773E+02   6.7343066E-07   0.0000000E+00   6.7343066E-07
   6.5217391E-01   3.3677186E+01   0.0000000E+00   3.3677186E+01   8.1038212E-07   0.0000000E+00   8.1038212E-07
   6.6666667E-01   0.0000000E+00   0.0000000E+00   0.0000000E+00   0.0000000E+00   0.0000000E+00   0.0000000E+00
   6.8115942E-01   1.6122057E+01   0.0000000E+00   1.6122057E+01   1.1309747E-05   0.0000000E+00   1.1309747E-05
   6.9565217E-01   1.5786181E+01   0.0000000E+00   1.5786181E+01   5.5248227E-06   0.0000000E+00   5.5248227E-06
   7.1014493E-01   4.6392042E+01   0.0000000E+00   4.6392042E+01   3.0098109E-05   0.0000000E+00   3.0098109E-05
   7.2463768E-01   0.0000000E+00   0.0000000E+00   0.0000000E+00   0.0000000E+00   0.0000000E+00   0.0000000E+00
   7.3913043E-01   8.9145492E+01   0.0000000E+00   8.9145492E+01   1.8741047E-05   0.0000000E+00   1.8741047E-05
   7.5362319E-01   0.0000000E+00   0.0000000E+00   0.0000000E+00   0.0000000E+00   0.0000000E+00   0.0000000E+00
   7.6811594E-01   1.4296919E+01   0.0000000E+00   1.4296919E+01   7.1776310E-06   0.0000000E+00   7.1776310E-06
   7.8260870E-01   0.0000000E+00   0.0000000E+00   0.0000000E+00   0.0000000E+00   0.0000000E+00   0.0000000E+00
   7.9710145E-01   2.7554061E+01   0.0000000E+00   2.7554061E+01   5.5862816E-06   0.0000000E+00   5.5862816E-06
   8.1159420E-01   6.7655061E+01   0.0000000E+00   6.7655061E+01   1.2339177E-05   0.0000000E+00   1.2339177E-05
   8.2608696E-01   2.6587252E+01   0.0000000E+00   2.6587252E+01   1.7331534E-04   0.0000000E+00   1.7331534E-04
   8.4057971E-01   7.8386554E+01   0.0000000E+00   7.8386554E+01   2.9759067E-07   0.0000000E+00   2.9759067E-07
   8.5507246E-01   2.5685989E+01   0.0000000E+00   2.5685989E+01   2.0505402E-05   0.0000000E+00   2.0505402E-05
   8.6956522E-01   7.5773668E+01   0.0000000E+00   7.5773668E+01   1.0013151E-05   0.0000000E+00   1.0013151E-05
   8.8405797E-01   2.4843826E+01   0.0000000E+00   2.4843826E+01   1.3647822E-05   0.0000000E+00   1.3647822E-05
   8.9855072E-01   3.6664678E+01   0.0000000E+00   3.6664678E+01   7.5578083E-06   0.0000000E+00   7.5578083E-06
   9.1304348E-01   1.2027566E+01   0.0000000E+00   1.2027566E+01   1.4720242E-05   0.0000000E+00   1.4720242E-05
   9.2753623E-01   2.3679271E+01   0.0000000E+00   2.3679271E+01   2.3450318E-05   0.0000000E+00   2.3450318E-05
   9.4202899E-01   4.6629950E+01   0.0000000E+00   4.6629950E+01   7.6415319E-06   0.0000000E+00   7.6415319E-06
   9.5652174E-01   2.2961718E+01   0.0000000E+00   2.2961718E+01   1.0924189E-05   0.0000000E+00   1.0924189E-05
   9.7101449E-01   2.2619005E+01   0.0000000E+00   2.2619005E+01   1.6611055E-05   0.0000000E+00   1.6611055E-05
   9.8550725E-01   0.0000000E+00   0.0000000E+00   0.0000000E+00   0.0000000E+00   0.0000000E+00   0.0000000E+00
   1.0000000E+00   0.0000000E+00   0.0000000E+00   0.0000000E+00   0.0000000E+00   0.0000000E+00   0.0000000E+00
