   0.0000000E+00   9.6990296E+05   1.2123787E+06   2.1822817E+06   9.5037677E-03   3.9864239E-06   4.2258048E-03
   1.4492754E-02   1.0714397E+06   1.1297854E+06   2.2012251E+06   1.3705866E-04   1.2140791E-07   6.6655290E-05
   2.8985507E-02   1.1267544E+06   1.2070745E+06   2.3338290E+06   1.3334586E-03   4.3060879E-07   6.4365003E-04
   4.3478261E-02   1.1209451E+06   1.3217454E+06   2.4426905E+06   2.6379038E-03   9.9414386E-07   1.2110240E-03
   5.7971014E-02   1.1606632E+06   1.3917729E+06   2.5522466E+06   4.0688006E-03   1.8822089E-06   1.8498959E-03
   7.2463768E-02   1.1716125E+06   1.4248481E+06   2.5961574E+06   1.3123390E-03   1.6651437E-06   5.9201944E-04
   8.6956522E-02   1.1339529E+06   1.3851427E+06   2.5190956E+06   1.9087827E-03   2.2839893E-06   8.6003150E-04
   1.0144928E-01   1.1002337E+06   1.3345908E+06   2.4347162E+06   1.0113663E-03   1.8832947E-06   4.5319780E-04
   1.1594203E-01   1.0601683E+06   1.2519704E+06   2.3119493E+06   1.7242753E-03   3.4161501E-06   7.8375015E-04
   1.3043478E-01   9.9953888E+05   1.1476343E+06   2.1469206E+06   9.0712275E-04   1.6626383E-06   4.2267207E-04
   1.4492754E-01   9.2231709E+05   1.0629530E+06   1.9850428E+06   1.8217515E-03   1.3488812E-06   8.4223631E-04
   1.5942029E-01   8.5582914E+05   9.6680312E+05   1.8224256E+06   3.1888153E-03   4.8416322E-06   1.4999319E-03
   1.7391304E-01   7.9821245E+05   8.5138031E+05   1.6495296E+06   2.0962902E-03   8.4605528E-06   1.0128755E-03
   1.8840580E-01   7.6030133E+05   7.6817014E+05   1.5281800E+06   3.1325682E-03   3.1395101E-06   1.5492256E-03
   2.0289855E-01   6.9522341E+05   6.9636001E+05   1.3915293E+06   5.4370829E-04   1.0797585E-06   2.7180333E-04
   2.1739130E-01   6.4730919E+05   6.2775958E+05   1.2750183E+06   2.3025279E-03   9.1866920E-06   1.1650531E-03
   2.3188406E-01   6.0405821E+05   5.5418967E+05   1.1582005E+06   1.9175459E-03   1.4479077E-05   9.9770311E-04
   2.4637681E-01   5.5372723E+05   4.9457919E+05   1.0482618E+06   1.2653433E-03   1.9156214E-05   6.6569180E-04
   2.6086957E-01   5.2435379E+05   4.4411789E+05   9.6847168E+05   2.1595832E-03   6.4419240E-06   1.1722024E-03
   2.7536232E-01   4.9029552E+05   4.0905817E+05   8.9923404E+05   8.0481717E-04   1.9894563E-05   4.5216066E-04
   2.8985507E-01   4.6324232E+05   3.6511542E+05   8.2835774E+05   3.0627512E-03   1.0232544E-06   1.7132242E-03
   3.0434783E-01   4.3685324E+05   3.3015670E+05   7.6697386E+05   1.9231209E-03   3.5736462E-06   1.0958408E-03
   3.1884058E-01   4.1151990E+05   2.8721665E+05   6.9870211E+05   3.2601788E-03   5.8441693E-06   1.9194759E-03
   3.3333333E-01   3.9155220E+05   2.5954129E+05   6.5109348E+05   1.2441620E-03   5.3526184E-06   7.4736656E-04
   3.4782609E-01   3.7148041E+05   2.3464579E+05   6.0612620E+05   1.4418266E-03   2.2145648E-05   8.7759238E-04
   3.6231884E-01   3.5568160E+05   2.0974151E+05   5.6539280E+05   2.7972279E-03   2.7004980E-06   1.7605118E-03
   3.7681159E-01   3.2993604E+05   1.8890958E+05   5.1881648E+05   7.6195684E-04   1.3968227E-06   4.8428948E-04
   3.9130435E-01   3.2147680E+05   1.6706691E+05   4.8854371E+05   2.6602975E-03   5.3951088E-06   1.7508171E-03
   4.0579710E-01   3.0869651E+05   1.4773159E+05   4.5640104E+05   1.3154547E-03   1.5002737E-05   8.8947240E-04
   4.2028986E-01   2.9669311E+05   1.3391036E+05   4.3060347E+05   2.0329784E-03   1.0585592E-06   1.4009385E-03
   4.3478261E-01   2.8215588E+05   1.2426882E+05   4.0639944E+05   3.8614017E-04   1.3677094E-06   2.6767811E-04
   4.4927536E-01   2.7263855E+05   1.0994515E+05   3.8253481E+05   1.1949064E-03   2.3256213E-06   8.5188307E-04
   4.6376812E-01   2.6719690E+05   9.8955675E+04   3.6612889E+05   8.2327644E-04   2.4719034E-06   6.0079442E-04
   4.7826087E-01   2.5889337E+05   8.7920417E+04   3.4681378E+05   6.9522240E-04   1.8383043E-06   5.1860993E-04
   4.9275362E-01   2.5424294E+05   7.8648611E+04   3.3289155E+05   1.9593305E-03   1.5277862E-05   1.4993905E-03
   5.0724638E-01   2.4245409E+05   6.9711775E+04   3.1216586E+05   1.4905007E-04   1.8119291E-06   1.1614522E-04
   5.2173913E-01   2.3515095E+05   6.4344473E+04   2.9949542E+05   1.4676708E-03   1.3768500E-05   1.1498038E-03
   5.3623188E-01   2.2859073E+05   5.6256829E+04   2.8482708E+05   1.0733026E-03   8.3161856E-07   8.6155220E-04
   5.5072464E-01   2.2427012E+05   5.3320734E+04   2.7757091E+05   2.5088026E-03   1.3816328E-06   2.0260758E-03
   5.6521739E-01   2.2357118E+05   4.7776269E+04   2.7134745E+05   2.0792823E-03   8.7923853E-06   1.7124920E-03
   5.7971014E-01   2.1826605E+05   4.2433254E+04   2.6069931E+05   1.2101691E-03   2.9783202E-05   1.0426606E-03
   5.9420290E-01   2.1547444E+05   3.7591132E+04   2.5306557E+05   1.4004197E-03   1.9598439E-05   1.1932026E-03
   6.0869565E-01   2.0872037E+05   3.6930643E+04   2.4565102E+05   8.3100072E-04   1.0334447E-06   7.0594654E-04
   6.2318841E-01   2.0776083E+05   3.0943852E+04   2.3870468E+05   7.1451647E-04   3.6756837E-05   6.2036959E-04
   6.3768116E-01   1.9635713E+05   2.8828437E+04   2.2518557E+05   9.2809132E-04   8.8863723E-06   8.0900256E-04
   6.5217391E-01   1.9664109E+05   2.5746209E+04   2.2238730E+05   9.0467430E-04   4.0365835E-06   7.9960170E-04
   6.6666667E-01   1.8579374E+05   2.4577025E+04   2.1033782E+05   4.5064060E-04   6.3291228E-06   3.9844038E-04
   6.8115942E-01   1.8474265E+05   2.1732533E+04   2.0647519E+05   5.2399507E-04   1.3401903E-06   4.6873992E-04
   6.9565217E-01   1.7937837E+05   1.8990776E+04   1.9836915E+05   1.4238280E-03   2.5739259E-06   1.2874111E-03
   7.1014493E-01   1.7522274E+05   1.7288768E+04   1.9251151E+05   1.6811785E-03   2.5685877E-06   1.5302162E-03
   7.2463768E-01   1.6420154E+05   1.5109269E+04   1.7931081E+05   6.8091416E-04   3.3831715E-07   6.2352923E-04
   7.3913043E-01   1.5937728E+05   1.4307852E+04   1.7368513E+05   3.0105995E-04   6.0705177E-04   2.3296480E-04
   7.5362319E-01   1.5108104E+05   1.2939811E+04   1.6402085E+05   1.1626457E-03   3.1653119E-06   1.0707146E-03
   7.6811594E-01   1.4508513E+05   1.1423238E+04   1.5650837E+05   6.1228006E-04   2.2483570E-06   5.6770178E-04
   7.8260870E-01   1.3367036E+05   1.0720571E+04   1.4437690E+05   1.3488402E-03   3.3003050E-06   1.2618589E-03
   7.9710145E-01   1.2656958E+05   9.9332391E+03   1.3650282E+05   2.6815996E-04   7.3996848E-07   2.4869859E-04
   8.1159420E-01   1.1931647E+05   8.8492820E+03   1.2816575E+05   9.7747781E-04   3.9148800E-07   9.0996130E-04
   8.2608696E-01   1.1057638E+05   7.6305413E+03   1.1820692E+05   3.3125939E-04   5.9407908E-07   3.0983900E-04
   8.4057971E-01   1.0182413E+05   6.6628570E+03   1.0848699E+05   1.2816645E-03   1.5544512E-06   1.2030402E-03
   8.5507246E-01   9.3355728E+04   6.2930674E+03   9.9648795E+04   8.5119896E-04   1.6864363E-06   7.9735648E-04
   8.6956522E-01   8.4449753E+04   5.3546726E+03   8.9804426E+04   8.3977091E-04   1.3052255E-06   7.8967976E-04
   8.8405797E-01   7.5649449E+04   4.4470448E+03   8.0096494E+04   1.8388239E-03   1.5238106E-05   1.7363513E-03
   8.9855072E-01   6.8330739E+04   4.5830848E+03   7.2913824E+04   1.5053153E-03   3.2069860E-06   1.4105096E-03
   9.1304348E-01   5.7624071E+04   3.5481321E+03   6.1172203E+04   4.8113245E-04   1.8309370E-06   4.5332491E-04
   9.2753623E-01   5.0306612E+04   3.3150980E+03   5.3621710E+04   7.9336364E-04   6.1115995E-06   7.4402779E-04
   9.4202899E-01   4.1652203E+04   2.7045371E+03   4.4356740E+04   1.0446795E-03   9.8677667E-07   9.8096938E-04
   9.5652174E-01   3.2376022E+04   1.9517460E+03   3.4327768E+04   1.8004661E-03   1.4714494E-06   1.6981069E-03
   9.7101449E-01   2.3229719E+04   1.4249973E+03   2.4654716E+04   1.0916692E-03   4.1908961E-06   1.0284125E-03
   9.8550725E-01   1.1455196E+04   9.2488448E+02   1.2380080E+04   1.8110095E-03   2.7123151E-06   1.6755378E-03
   1.0000000E+00   1.0942046E+03   0.0000000E+00   1.0942046E+03   1.9130079E-02   0.0000000E+00   1.9130079E-02
