   0.0000000E+00   2.4853763E+05   1.6367112E+05   4.1220876E+05   0.0000000E+00   0.0000000E+00   0.0000000E+00
   1.4492754E-02   3.0385241E+05   1.3942355E+05   4.4327596E+05   0.0000000E+00   0.0000000E+00   0.0000000E+00
   2.8985507E-02   2.8793994E+05   1.5533602E+05   4.4327596E+05   0.0000000E+00   0.0000000E+00   0.0000000E+00
   4.3478261E-02   2.9753794E+05   1.3917097E+05   4.3670891E+05   0.0000000E+00   0.0000000E+00   0.0000000E+00
   5.7971014E-02   2.9040258E+05   1.4643261E+05   4.3683520E+05   0.0000000E+00   0.0000000E+00   0.0000000E+00
   7.2463768E-02   2.9566885E+05   1.4624318E+05   4.4191203E+05   0.0000000E+00   0.0000000E+00   0.0000000E+00
   8.6956522E-02   2.9766423E+05   1.5066331E+05   4.4832754E+05   0.0000000E+00   0.0000000E+00   0.0000000E+00
   1.0144928E-01   3.0147095E+05   1.5728449E+05   4.5875544E+05   0.0000000E+00   0.0000000E+00   0.0000000E+00
   1.1594203E-01   3.0470486E+05   1.5448357E+05   4.5918843E+05   0.0000000E+00   0.0000000E+00   0.0000000E+00
   1.3043478E-01   3.0511530E+05   1.5365216E+05   4.5876747E+05   0.0000000E+00   0.0000000E+00   0.0000000E+00
   1.4492754E-01   3.1271793E+05   1.5950357E+05   4.7214573E+05   0.0000000E+00   0.0000000E+00   0.0000000E+00
   1.5942029E-01   3.2568900E+05   1.5912470E+05   4.8481371E+05   0.0000000E+00   0.0000000E+00   0.0000000E+00
   1.7391304E-01   3.2475331E+05   1.5609376E+05   4.8084707E+05   0.0000000E+00   0.0000000E+00   0.0000000E+00
   1.8840580E-01   3.2058090E+05   1.6372941E+05   4.8431032E+05   0.0000000E+00   0.0000000E+00   0.0000000E+00
   2.0289855E-01   3.2436542E+05   1.5961182E+05   4.8397724E+05   0.0000000E+00   0.0000000E+00   0.0000000E+00
   2.1739130E-01   3.2840308E+05   1.6655052E+05   4.9495360E+05   0.0000000E+00   0.0000000E+00   0.0000000E+00
   2.3188406E-01   3.2885772E+05   1.7214830E+05   5.0100602E+05   0.0000000E+00   0.0000000E+00   0.0000000E+00
   2.4637681E-01   3.4151638E+05   1.7178336E+05   5.1325517E+05   0.0000000E+00   0.0000000E+00   0.0000000E+00
   2.6086957E-01   3.3896088E+05   1.7651055E+05   5.1547143E+05   0.0000000E+00   0.0000000E+00   0.0000000E+00
   2.7536232E-01   3.4863864E+05   1.7200623E+05   5.2064486E+05   0.0000000E+00   0.0000000E+00   0.0000000E+00
   2.8985507E-01   3.5015012E+05   1.7636321E+05   5.2647545E+05   0.0000000E+00   0.0000000E+00   0.0000000E+00
   3.0434783E-01   3.4682691E+05   1.7438769E+05   5.2117851E+05   0.0000000E+00   0.0000000E+00   0.0000000E+00
   3.1884058E-01   3.5200313E+05   1.7297062E+05   5.2490487E+05   0.0000000E+00   0.0000000E+00   0.0000000E+00
   3.3333333E-01   3.5412659E+05   1.7556430E+05   5.2959205E+05   0.0000000E+00   0.0000000E+00   0.0000000E+00
   3.4782609E-01   3.5859889E+05   1.8125693E+05   5.3985582E+05   0.0000000E+00   0.0000000E+00   0.0000000E+00
   3.6231884E-01   3.5850038E+05   1.7591615E+05   5.3435591E+05   0.0000000E+00   0.0000000E+00   0.0000000E+00
   3.7681159E-01   3.6015807E+05   1.8133222E+05   5.4149029E+05   0.0000000E+00   0.0000000E+00   0.0000000E+00
   3.9130435E-01   3.6003718E+05   1.8199713E+05   5.4203431E+05   0.0000000E+00   0.0000000E+00   0.0000000E+00
   4.0579710E-01   3.6303706E+05   1.8247923E+05   5.4546216E+05   0.0000000E+00   0.0000000E+00   0.0000000E+00
   4.2028986E-01   3.6705810E+05   1.7895650E+05   5.4593622E+05   0.0000000E+00   0.0000000E+00   0.0000000E+00
   4.3478261E-01   3.5792955E+05   1.8026556E+05   5.3819511E+05   0.0000000E+00   0.0000000E+00   0.0000000E+00
   4.4927536E-01   3.5244533E+05   1.8310340E+05   5.3547540E+05   0.0000000E+00   0.0000000E+00   0.0000000E+00
   4.6376812E-01   3.6155879E+05   1.7532133E+05   5.3680908E+05   0.0000000E+00   0.0000000E+00   0.0000000E+00
   4.7826087E-01   3.5891461E+05   1.7627711E+05   5.3514579E+05   0.0000000E+00   0.0000000E+00   0.0000000E+00
   4.9275362E-01   3.5375160E+05   1.7530461E+05   5.2905621E+05   0.0000000E+00   0.0000000E+00   0.0000000E+00
   5.0724638E-01   3.5048569E+05   1.7360830E+05   5.2402904E+05   0.0000000E+00   0.0000000E+00   0.0000000E+00
   5.2173913E-01   3.4220231E+05   1.7044866E+05   5.1256677E+05   0.0000000E+00   0.0000000E+00   0.0000000E+00
   5.3623188E-01   3.3938412E+05   1.6922103E+05   5.0858467E+05   0.0000000E+00   0.0000000E+00   0.0000000E+00
   5.5072464E-01   3.3322468E+05   1.6339196E+05   4.9655681E+05   0.0000000E+00   0.0000000E+00   0.0000000E+00
   5.6521739E-01   3.2023118E+05   1.5984358E+05   4.8001647E+05   0.0000000E+00   0.0000000E+00   0.0000000E+00
   5.7971014E-01   3.1535106E+05   1.5726825E+05   4.7258143E+05   0.0000000E+00   0.0000000E+00   0.0000000E+00
   5.9420290E-01   3.0632892E+05   1.5274863E+05   4.5907754E+05   0.0000000E+00   0.0000000E+00   0.0000000E+00
   6.0869565E-01   2.9598638E+05   1.4788494E+05   4.4385328E+05   0.0000000E+00   0.0000000E+00   0.0000000E+00
   6.2318841E-01   2.8460942E+05   1.4354705E+05   4.2813885E+05   0.0000000E+00   0.0000000E+00   0.0000000E+00
   6.3768116E-01   2.7387015E+05   1.3749477E+05   4.1133047E+05   0.0000000E+00   0.0000000E+00   0.0000000E+00
   6.5217391E-01   2.6512365E+05   1.3118948E+05   3.9627945E+05   0.0000000E+00   0.0000000E+00   0.0000000E+00
   6.6666667E-01   2.4601733E+05   1.2642672E+05   3.7239464E+05   0.0000000E+00   0.0000000E+00   0.0000000E+00
   6.8115942E-01   2.3975111E+05   1.1878732E+05   3.5850618E+05   0.0000000E+00   0.0000000E+00   0.0000000E+00
   6.9565217E-01   2.2902591E+05   1.1673881E+05   3.4574893E+05   0.0000000E+00   0.0000000E+00   0.0000000E+00
   7.1014493E-01   2.1903229E+05   1.1109348E+05   3.3009484E+05   0.0000000E+00   0.0000000E+00   0.0000000E+00
   7.2463768E-01   2.0993853E+05   1.0565880E+05   3.1559733E+05   0.0000000E+00   0.0000000E+00   0.0000000E+00
   7.3913043E-01   2.0149853E+05   1.0138814E+05   3.0287181E+05   0.0000000E+00   0.0000000E+00   0.0000000E+00
   7.5362319E-01   1.8829757E+05   9.2327301E+04   2.8059572E+05   0.0000000E+00   0.0000000E+00   0.0000000E+00
   7.6811594E-01   1.7252092E+05   8.6682217E+04   2.5918884E+05   0.0000000E+00   0.0000000E+00   0.0000000E+00
   7.8260870E-01   1.6093485E+05   8.2761684E+04   2.4366847E+05   0.0000000E+00   0.0000000E+00   0.0000000E+00
   7.9710145E-01   1.5175399E+05   7.5966547E+04   2.2770676E+05   0.0000000E+00   0.0000000E+00   0.0000000E+00
   8.1159420E-01   1.4069547E+05   6.9481748E+04   2.1017721E+05   0.0000000E+00   0.0000000E+00   0.0000000E+00
   8.2608696E-01   1.2723329E+05   6.5098887E+04   1.9233218E+05   0.0000000E+00   0.0000000E+00   0.0000000E+00
   8.4057971E-01   1.2147303E+05   5.8907495E+04   1.8036746E+05   0.0000000E+00   0.0000000E+00   0.0000000E+00
   8.5507246E-01   1.1118180E+05   5.5430365E+04   1.6661217E+05   0.0000000E+00   0.0000000E+00   0.0000000E+00
   8.6956522E-01   1.0153672E+05   4.9000306E+04   1.5053702E+05   0.0000000E+00   0.0000000E+00   0.0000000E+00
   8.8405797E-01   8.8555817E+04   4.3687868E+04   1.3224368E+05   0.0000000E+00   0.0000000E+00   0.0000000E+00
   8.9855072E-01   7.9647903E+04   4.0758901E+04   1.2040680E+05   0.0000000E+00   0.0000000E+00   0.0000000E+00
   9.1304348E-01   6.9411086E+04   3.5204687E+04   1.0460375E+05   0.0000000E+00   0.0000000E+00   0.0000000E+00
   9.2753623E-01   5.9529688E+04   3.0120033E+04   8.9649721E+04   0.0000000E+00   0.0000000E+00   0.0000000E+00
   9.4202899E-01   4.8938132E+04   2.5215145E+04   7.4153278E+04   0.0000000E+00   0.0000000E+00   0.0000000E+00
   9.5652174E-01   3.9654886E+04   1.9528941E+04   5.9183827E+04   0.0000000E+00   0.0000000E+00   0.0000000E+00
   9.7101449E-01   2.6418998E+04   1.3684498E+04   4.0092187E+04   0.0000000E+00   0.0000000E+00   0.0000000E+00
   9.8550725E-01   9.0148379E+03   4.5018474E+03   1.3516685E+04   0.0000000E+00   0.0000000E+00   0.0000000E+00
   1.0000000E+00   0.0000000E+00   0.0000000E+00   0.0000000E+00   0.0000000E+00   0.0000000E+00   0.0000000E+00
