   0.0000000E+00   2.9097089E+05   1.5760923E+05   4.4858012E+05   0.0000000E+00   0.0000000E+00   0.0000000E+00
   1.4492754E-02   2.6293463E+05   1.4700092E+05   4.0993555E+05   0.0000000E+00   0.0000000E+00   0.0000000E+00
   2.8985507E-02   3.1900714E+05   1.5609376E+05   4.7510090E+05   0.0000000E+00   0.0000000E+00   0.0000000E+00
   4.3478261E-02   2.8718220E+05   1.5003186E+05   4.3721407E+05   0.0000000E+00   0.0000000E+00   0.0000000E+00
   5.7971014E-02   2.9722221E+05   1.4662205E+05   4.4384426E+05   0.0000000E+00   0.0000000E+00   0.0000000E+00
   7.2463768E-02   3.0248848E+05   1.4745556E+05   4.4994404E+05   0.0000000E+00   0.0000000E+00   0.0000000E+00
   8.6956522E-02   3.0448386E+05   1.5407313E+05   4.5855698E+05   0.0000000E+00   0.0000000E+00   0.0000000E+00
   1.0144928E-01   2.9411008E+05   1.4905763E+05   4.4316771E+05   0.0000000E+00   0.0000000E+00   0.0000000E+00
   1.1594203E-01   3.0015844E+05   1.5135790E+05   4.5151635E+05   0.0000000E+00   0.0000000E+00   0.0000000E+00
   1.3043478E-01   3.1833360E+05   1.5929309E+05   4.7762669E+05   0.0000000E+00   0.0000000E+00   0.0000000E+00
   1.4492754E-01   3.1824941E+05   1.5745768E+05   4.7570709E+05   0.0000000E+00   0.0000000E+00   0.0000000E+00
   1.5942029E-01   3.2320914E+05   1.5340724E+05   4.7661637E+05   0.0000000E+00   0.0000000E+00   0.0000000E+00
   1.7391304E-01   3.2229067E+05   1.5451514E+05   4.7674266E+05   0.0000000E+00   0.0000000E+00   0.0000000E+00
   1.8840580E-01   3.2600164E+05   1.5242165E+05   4.7842328E+05   0.0000000E+00   0.0000000E+00   0.0000000E+00
   2.0289855E-01   3.3470312E+05   1.5885408E+05   4.9350308E+05   0.0000000E+00   0.0000000E+00   0.0000000E+00
   2.1739130E-01   3.3790005E+05   1.6523711E+05   5.0313716E+05   0.0000000E+00   0.0000000E+00   0.0000000E+00
   2.3188406E-01   3.2876300E+05   1.6315018E+05   4.9191318E+05   0.0000000E+00   0.0000000E+00   0.0000000E+00
   2.4637681E-01   3.3759398E+05   1.6977759E+05   5.0737157E+05   0.0000000E+00   0.0000000E+00   0.0000000E+00
   2.6086957E-01   3.3820314E+05   1.6825964E+05   5.0646278E+05   0.0000000E+00   0.0000000E+00   0.0000000E+00
   2.7536232E-01   3.5322494E+05   1.7045087E+05   5.2363593E+05   0.0000000E+00   0.0000000E+00   0.0000000E+00
   2.8985507E-01   3.4825578E+05   1.7579491E+05   5.2405069E+05   0.0000000E+00   0.0000000E+00   0.0000000E+00
   3.0434783E-01   3.5281663E+05   1.7601141E+05   5.2882804E+05   0.0000000E+00   0.0000000E+00   0.0000000E+00
   3.1884058E-01   3.5396636E+05   1.7448609E+05   5.2845245E+05   0.0000000E+00   0.0000000E+00   0.0000000E+00
   3.3333333E-01   3.5350064E+05   1.8208742E+05   5.3558806E+05   0.0000000E+00   0.0000000E+00   0.0000000E+00
   3.4782609E-01   3.5594681E+05   1.8059391E+05   5.3650914E+05   0.0000000E+00   0.0000000E+00   0.0000000E+00
   3.6231884E-01   3.5504510E+05   1.7909864E+05   5.3414374E+05   0.0000000E+00   0.0000000E+00   0.0000000E+00
   3.7681159E-01   3.5881746E+05   1.7812641E+05   5.3691473E+05   0.0000000E+00   0.0000000E+00   0.0000000E+00
   3.9130435E-01   3.6138427E+05   1.8255841E+05   5.4388655E+05   0.0000000E+00   0.0000000E+00   0.0000000E+00
   4.0579710E-01   3.6433603E+05   1.8185680E+05   5.4616578E+05   0.0000000E+00   0.0000000E+00   0.0000000E+00
   4.2028986E-01   3.6300813E+05   1.7793748E+05   5.4078883E+05   0.0000000E+00   0.0000000E+00   0.0000000E+00
   4.3478261E-01   3.6121308E+05   1.8218516E+05   5.4337298E+05   0.0000000E+00   0.0000000E+00   0.0000000E+00
   4.4927536E-01   3.5740728E+05   1.7616156E+05   5.3351995E+05   0.0000000E+00   0.0000000E+00   0.0000000E+00
   4.6376812E-01   3.5893040E+05   1.7596067E+05   5.3489106E+05   0.0000000E+00   0.0000000E+00   0.0000000E+00
   4.7826087E-01   3.5262310E+05   1.8158126E+05   5.3418140E+05   0.0000000E+00   0.0000000E+00   0.0000000E+00
   4.9275362E-01   3.5201326E+05   1.7967274E+05   5.3161914E+05   0.0000000E+00   0.0000000E+00   0.0000000E+00
   5.0724638E-01   3.4786609E+05   1.7107529E+05   5.1889808E+05   0.0000000E+00   0.0000000E+00   0.0000000E+00
   5.2173913E-01   3.4803267E+05   1.7030132E+05   5.1831294E+05   0.0000000E+00   0.0000000E+00   0.0000000E+00
   5.3623188E-01   3.3756145E+05   1.7102322E+05   5.0852323E+05   0.0000000E+00   0.0000000E+00   0.0000000E+00
   5.5072464E-01   3.2684374E+05   1.6093928E+05   4.8778302E+05   0.0000000E+00   0.0000000E+00   0.0000000E+00
   5.6521739E-01   3.2250439E+05   1.6215565E+05   4.8464061E+05   0.0000000E+00   0.0000000E+00   0.0000000E+00
   5.7971014E-01   3.1404397E+05   1.5993927E+05   4.7392641E+05   0.0000000E+00   0.0000000E+00   0.0000000E+00
   5.9420290E-01   3.0640284E+05   1.5470765E+05   4.6105505E+05   0.0000000E+00   0.0000000E+00   0.0000000E+00
   6.0869565E-01   2.9780856E+05   1.5212466E+05   4.4987909E+05   0.0000000E+00   0.0000000E+00   0.0000000E+00
   6.2318841E-01   2.8681215E+05   1.4534447E+05   4.3205088E+05   0.0000000E+00   0.0000000E+00   0.0000000E+00
   6.3768116E-01   2.7650500E+05   1.3551432E+05   4.1201932E+05   0.0000000E+00   0.0000000E+00   0.0000000E+00
   6.5217391E-01   2.6064458E+05   1.3154309E+05   3.9215399E+05   0.0000000E+00   0.0000000E+00   0.0000000E+00
   6.6666667E-01   2.4835643E+05   1.2711857E+05   3.7545853E+05   0.0000000E+00   0.0000000E+00   0.0000000E+00
   6.8115942E-01   2.4070231E+05   1.2085094E+05   3.6153713E+05   0.0000000E+00   0.0000000E+00   0.0000000E+00
   6.9565217E-01   2.2987837E+05   1.1367629E+05   3.4355466E+05   0.0000000E+00   0.0000000E+00   0.0000000E+00
   7.1014493E-01   2.1943436E+05   1.0905223E+05   3.2845566E+05   0.0000000E+00   0.0000000E+00   0.0000000E+00
   7.2463768E-01   2.0992337E+05   1.0353714E+05   3.1343020E+05   0.0000000E+00   0.0000000E+00   0.0000000E+00
   7.3913043E-01   1.9799214E+05   9.8312620E+04   2.9628990E+05   0.0000000E+00   0.0000000E+00   0.0000000E+00
   7.5362319E-01   1.8721925E+05   9.1700711E+04   2.7891996E+05   0.0000000E+00   0.0000000E+00   0.0000000E+00
   7.6811594E-01   1.7395061E+05   8.6239013E+04   2.6017532E+05   0.0000000E+00   0.0000000E+00   0.0000000E+00
   7.8260870E-01   1.6212759E+05   8.2354752E+04   2.4446831E+05   0.0000000E+00   0.0000000E+00   0.0000000E+00
   7.9710145E-01   1.5282860E+05   7.6090540E+04   2.2890536E+05   0.0000000E+00   0.0000000E+00   0.0000000E+00
   8.1159420E-01   1.4012716E+05   7.1524931E+04   2.1165209E+05   0.0000000E+00   0.0000000E+00   0.0000000E+00
   8.2608696E-01   1.3039718E+05   6.5191942E+04   1.9558912E+05   0.0000000E+00   0.0000000E+00   0.0000000E+00
   8.4057971E-01   1.1981385E+05   5.9913456E+04   1.7968811E+05   0.0000000E+00   0.0000000E+00   0.0000000E+00
   8.5507246E-01   1.0888291E+05   5.6252317E+04   1.6513523E+05   0.0000000E+00   0.0000000E+00   0.0000000E+00
   8.6956522E-01   1.0013490E+05   4.8962419E+04   1.4909732E+05   0.0000000E+00   0.0000000E+00   0.0000000E+00
   8.8405797E-01   9.0978090E+04   4.3427007E+04   1.3440510E+05   0.0000000E+00   0.0000000E+00   0.0000000E+00
   8.9855072E-01   7.9562352E+04   3.9255649E+04   1.1881800E+05   0.0000000E+00   0.0000000E+00   0.0000000E+00
   9.1304348E-01   6.8424825E+04   3.4254509E+04   1.0267933E+05   0.0000000E+00   0.0000000E+00   0.0000000E+00
   9.2753623E-01   6.0713652E+04   3.0262109E+04   9.0975761E+04   0.0000000E+00   0.0000000E+00   0.0000000E+00
   9.4202899E-01   4.8949790E+04   2.5040283E+04   7.3990073E+04   0.0000000E+00   0.0000000E+00   0.0000000E+00
   9.5652174E-01   3.7806468E+04   1.9655230E+04   5.7450218E+04   0.0000000E+00   0.0000000E+00   0.0000000E+00
   9.7101449E-01   2.6803522E+04   1.4148188E+04   4.0951709E+04   0.0000000E+00   0.0000000E+00   0.0000000E+00
   9.8550725E-01   8.6359696E+03   4.9030021E+03   1.3538972E+04   0.0000000E+00   0.0000000E+00   0.0000000E+00
   1.0000000E+00   0.0000000E+00   0.0000000E+00   0.0000000E+00   0.0000000E+00   0.0000000E+00   0.0000000E+00
