   0.0000000E+00   2.1822817E+05   1.2729976E+05   3.4552793E+05   0.0000000E+00   0.0000000E+00   0.0000000E+00
   1.4492754E-02   3.0006373E+05   1.3487713E+05   4.3494086E+05   0.0000000E+00   0.0000000E+00   0.0000000E+00
   2.8985507E-02   2.8945541E+05   1.4510657E+05   4.3456199E+05   0.0000000E+00   0.0000000E+00   0.0000000E+00
   4.3478261E-02   3.0814625E+05   1.4270708E+05   4.5085333E+05   0.0000000E+00   0.0000000E+00   0.0000000E+00
   5.7971014E-02   2.9987429E+05   1.6215565E+05   4.6202994E+05   0.0000000E+00   0.0000000E+00   0.0000000E+00
   7.2463768E-02   2.9142553E+05   1.5094115E+05   4.4236668E+05   0.0000000E+00   0.0000000E+00   0.0000000E+00
   8.6956522E-02   2.9387554E+05   1.4965300E+05   4.4352854E+05   0.0000000E+00   0.0000000E+00   0.0000000E+00
   1.0144928E-01   3.0417715E+05   1.4353698E+05   4.4771413E+05   0.0000000E+00   0.0000000E+00   0.0000000E+00
   1.1594203E-01   3.1266110E+05   1.6272395E+05   4.7538505E+05   0.0000000E+00   0.0000000E+00   0.0000000E+00
   1.3043478E-01   3.1218751E+05   1.5659891E+05   4.6878643E+05   0.0000000E+00   0.0000000E+00   0.0000000E+00
   1.4492754E-01   3.0832306E+05   1.5700304E+05   4.6532610E+05   0.0000000E+00   0.0000000E+00   0.0000000E+00
   1.5942029E-01   3.1673393E+05   1.5891805E+05   4.7565198E+05   0.0000000E+00   0.0000000E+00   0.0000000E+00
   1.7391304E-01   3.2178551E+05   1.6423943E+05   4.8602494E+05   0.0000000E+00   0.0000000E+00   0.0000000E+00
   1.8840580E-01   3.2401986E+05   1.6215565E+05   4.8617551E+05   0.0000000E+00   0.0000000E+00   0.0000000E+00
   2.0289855E-01   3.3037319E+05   1.6448298E+05   4.9480205E+05   0.0000000E+00   0.0000000E+00   0.0000000E+00
   2.1739130E-01   3.3658664E+05   1.6680310E+05   5.0338974E+05   0.0000000E+00   0.0000000E+00   0.0000000E+00
   2.3188406E-01   3.3634037E+05   1.6423943E+05   5.0057980E+05   0.0000000E+00   0.0000000E+00   0.0000000E+00
   2.4637681E-01   3.4552793E+05   1.7494803E+05   5.2043138E+05   0.0000000E+00   0.0000000E+00   0.0000000E+00
   2.6086957E-01   3.4304424E+05   1.7175365E+05   5.1479788E+05   0.0000000E+00   0.0000000E+00   0.0000000E+00
   2.7536232E-01   3.4002437E+05   1.6957349E+05   5.0955798E+05   0.0000000E+00   0.0000000E+00   0.0000000E+00
   2.8985507E-01   3.4465653E+05   1.7598434E+05   5.2060299E+05   0.0000000E+00   0.0000000E+00   0.0000000E+00
   3.0434783E-01   3.4347121E+05   1.7723822E+05   5.2063727E+05   0.0000000E+00   0.0000000E+00   0.0000000E+00
   3.1884058E-01   3.5148649E+05   1.7665598E+05   5.2810803E+05   0.0000000E+00   0.0000000E+00   0.0000000E+00
   3.3333333E-01   3.5172160E+05   1.7925414E+05   5.3097575E+05   0.0000000E+00   0.0000000E+00   0.0000000E+00
   3.4782609E-01   3.5433662E+05   1.7481617E+05   5.2908964E+05   0.0000000E+00   0.0000000E+00   0.0000000E+00
   3.6231884E-01   3.5804574E+05   1.8152340E+05   5.3956914E+05   0.0000000E+00   0.0000000E+00   0.0000000E+00
   3.7681159E-01   3.6135297E+05   1.8118650E+05   5.4253947E+05   0.0000000E+00   0.0000000E+00   0.0000000E+00
   3.9130435E-01   3.6250684E+05   1.8090262E+05   5.4340946E+05   0.0000000E+00   0.0000000E+00   0.0000000E+00
   4.0579710E-01   3.5735403E+05   1.8069314E+05   5.3802011E+05   0.0000000E+00   0.0000000E+00   0.0000000E+00
   4.2028986E-01   3.5731204E+05   1.7843392E+05   5.3569371E+05   0.0000000E+00   0.0000000E+00   0.0000000E+00
   4.3478261E-01   3.5964709E+05   1.7768925E+05   5.3728582E+05   0.0000000E+00   0.0000000E+00   0.0000000E+00
   4.4927536E-01   3.5865388E+05   1.7943694E+05   5.3804193E+05   0.0000000E+00   0.0000000E+00   0.0000000E+00
   4.6376812E-01   3.5511803E+05   1.8015190E+05   5.3519889E+05   0.0000000E+00   0.0000000E+00   0.0000000E+00
   4.7826087E-01   3.5282975E+05   1.7990506E+05   5.3266593E+05   0.0000000E+00   0.0000000E+00   0.0000000E+00
   4.9275362E-01   3.5268185E+05   1.7659722E+05   5.2925679E+05   0.0000000E+00   0.0000000E+00   0.0000000E+00
   5.0724638E-01   3.4935991E+05   1.7337015E+05   5.2270841E+05   0.0000000E+00   0.0000000E+00   0.0000000E+00
   5.2173913E-01   3.4081312E+05   1.7078543E+05   5.1157750E+05   0.0000000E+00   0.0000000E+00   0.0000000E+00
   5.3623188E-01   3.3762289E+05   1.7184239E+05   5.0944480E+05   0.0000000E+00   0.0000000E+00   0.0000000E+00
   5.5072464E-01   3.2794046E+05   1.6219553E+05   4.9009611E+05   0.0000000E+00   0.0000000E+00   0.0000000E+00
   5.6521739E-01   3.2436959E+05   1.5863898E+05   4.8295028E+05   0.0000000E+00   0.0000000E+00   0.0000000E+00
   5.7971014E-01   3.1703703E+05   1.5560123E+05   4.7258143E+05   0.0000000E+00   0.0000000E+00   0.0000000E+00
   5.9420290E-01   3.0751172E+05   1.5559476E+05   4.6305104E+05   0.0000000E+00   0.0000000E+00   0.0000000E+00
   6.0869565E-01   2.9871063E+05   1.5042877E+05   4.4910332E+05   0.0000000E+00   0.0000000E+00   0.0000000E+00
   6.2318841E-01   2.8698836E+05   1.4083329E+05   4.2775117E+05   0.0000000E+00   0.0000000E+00   0.0000000E+00
   6.3768116E-01   2.7722830E+05   1.3375775E+05   4.1096882E+05   0.0000000E+00   0.0000000E+00   0.0000000E+00
   6.5217391E-01   2.6468584E+05   1.3184618E+05   3.9646467E+05   0.0000000E+00   0.0000000E+00   0.0000000E+00
   6.6666667E-01   2.5036608E+05   1.2334635E+05   3.7366302E+05   0.0000000E+00   0.0000000E+00   0.0000000E+00
   6.8115942E-01   2.4225003E+05   1.2181826E+05   3.6403605E+05   0.0000000E+00   0.0000000E+00   0.0000000E+00
   6.9565217E-01   2.3073082E+05   1.1776491E+05   3.4846416E+05   0.0000000E+00   0.0000000E+00   0.0000000E+00
   7.1014493E-01   2.1934157E+05   1.1287184E+05   3.3221341E+05   0.0000000E+00   0.0000000E+00   0.0000000E+00
   7.2463768E-01   2.1187833E+05   1.0288549E+05   3.1473351E+05   0.0000000E+00   0.0000000E+00   0.0000000E+00
   7.3913043E-01   1.9976019E+05   9.6603998E+04   2.9633447E+05   0.0000000E+00   0.0000000E+00   0.0000000E+00
   7.5362319E-01   1.8742325E+05   9.2706169E+04   2.8012942E+05   0.0000000E+00   0.0000000E+00   0.0000000E+00
   7.6811594E-01   1.7352170E+05   8.6424873E+04   2.5993228E+05   0.0000000E+00   0.0000000E+00   0.0000000E+00
   7.8260870E-01   1.6260468E+05   8.0839278E+04   2.4344396E+05   0.0000000E+00   0.0000000E+00   0.0000000E+00
   7.9710145E-01   1.5194687E+05   7.5677229E+04   2.2762410E+05   0.0000000E+00   0.0000000E+00   0.0000000E+00
   8.1159420E-01   1.3889584E+05   7.0212422E+04   2.0909473E+05   0.0000000E+00   0.0000000E+00   0.0000000E+00
   8.2608696E-01   1.3076940E+05   6.5643925E+04   1.9641332E+05   0.0000000E+00   0.0000000E+00   0.0000000E+00
   8.4057971E-01   1.2223077E+05   6.0344582E+04   1.8254922E+05   0.0000000E+00   0.0000000E+00   0.0000000E+00
   8.5507246E-01   1.0902418E+05   5.4724000E+04   1.6374818E+05   0.0000000E+00   0.0000000E+00   0.0000000E+00
   8.6956522E-01   1.0062743E+05   5.0768358E+04   1.5138316E+05   0.0000000E+00   0.0000000E+00   0.0000000E+00
   8.8405797E-01   9.0468791E+04   4.3985993E+04   1.3444236E+05   0.0000000E+00   0.0000000E+00   0.0000000E+00
   8.9855072E-01   7.9709011E+04   4.0710014E+04   1.2041902E+05   0.0000000E+00   0.0000000E+00   0.0000000E+00
   9.1304348E-01   6.7727226E+04   3.4603309E+04   1.0233054E+05   0.0000000E+00   0.0000000E+00   0.0000000E+00
   9.2753623E-01   5.9719122E+04   2.9030787E+04   8.8749909E+04   0.0000000E+00   0.0000000E+00   0.0000000E+00
   9.4202899E-01   4.9789129E+04   2.4107684E+04   7.3896813E+04   0.0000000E+00   0.0000000E+00   0.0000000E+00
   9.5652174E-01   3.8541243E+04   1.9322285E+04   5.7863529E+04   0.0000000E+00   0.0000000E+00   0.0000000E+00
   9.7101449E-01   2.6837450E+04   1.3797593E+04   4.0635043E+04   0.0000000E+00   0.0000000E+00   0.0000000E+00
   9.8550725E-01   8.5579673E+03   4.3235564E+03   1.2881524E+04   0.0000000E+00   0.0000000E+00   0.0000000E+00
   1.0000000E+00   0.0000000E+00   0.0000000E+00   0.0000000E+00   0.0000000E+00   0.0000000E+00   0.0000000E+00
