   0.0000000E+00   2.9097089E+05   1.3942355E+05   4.3039444E+05   0.0000000E+00   0.0000000E+00   0.0000000E+00
   1.4492754E-02   2.9475957E+05   1.5154734E+05   4.4630691E+05   0.0000000E+00   0.0000000E+00   0.0000000E+00
   2.8985507E-02   2.7922597E+05   1.5041073E+05   4.2963670E+05   0.0000000E+00   0.0000000E+00   0.0000000E+00
   4.3478261E-02   2.8617189E+05   1.4725350E+05   4.3342538E+05   0.0000000E+00   0.0000000E+00   0.0000000E+00
   5.7971014E-02   2.9760108E+05   1.5400998E+05   4.5161106E+05   0.0000000E+00   0.0000000E+00   0.0000000E+00
   7.2463768E-02   2.9400183E+05   1.5488138E+05   4.4888321E+05   0.0000000E+00   0.0000000E+00   0.0000000E+00
   8.6956522E-02   3.0082146E+05   1.5281023E+05   4.5363169E+05   0.0000000E+00   0.0000000E+00   0.0000000E+00
   1.0144928E-01   3.0103796E+05   1.5338755E+05   4.5442551E+05   0.0000000E+00   0.0000000E+00   0.0000000E+00
   1.1594203E-01   2.9333881E+05   1.5514659E+05   4.4848540E+05   0.0000000E+00   0.0000000E+00   0.0000000E+00
   1.3043478E-01   3.0444176E+05   1.5870374E+05   4.6314550E+05   0.0000000E+00   0.0000000E+00   0.0000000E+00
   1.4492754E-01   3.2135613E+05   1.5791232E+05   4.7926845E+05   0.0000000E+00   0.0000000E+00   0.0000000E+00
   1.5942029E-01   3.1962711E+05   1.6318893E+05   4.8281604E+05   0.0000000E+00   0.0000000E+00   0.0000000E+00
   1.7391304E-01   3.1780739E+05   1.5741980E+05   4.7522719E+05   0.0000000E+00   0.0000000E+00   0.0000000E+00
   1.8840580E-01   3.2938231E+05   1.5766752E+05   4.8704983E+05   0.0000000E+00   0.0000000E+00   0.0000000E+00
   2.0289855E-01   3.2284995E+05   1.6128967E+05   4.8413962E+05   0.0000000E+00   0.0000000E+00   0.0000000E+00
   2.1739130E-01   3.3592993E+05   1.6862167E+05   5.0445057E+05   0.0000000E+00   0.0000000E+00   0.0000000E+00
   2.3188406E-01   3.4263906E+05   1.6944887E+05   5.1204056E+05   0.0000000E+00   0.0000000E+00   0.0000000E+00
   2.4637681E-01   3.4058035E+05   1.7169422E+05   5.1227457E+05   0.0000000E+00   0.0000000E+00   0.0000000E+00
   2.6086957E-01   3.3816104E+05   1.6973302E+05   5.0789406E+05   0.0000000E+00   0.0000000E+00   0.0000000E+00
   2.7536232E-01   3.4325472E+05   1.7164730E+05   5.1486214E+05   0.0000000E+00   0.0000000E+00   0.0000000E+00
   2.8985507E-01   3.5128673E+05   1.7177891E+05   5.2302775E+05   0.0000000E+00   0.0000000E+00   0.0000000E+00
   3.0434783E-01   3.5407953E+05   1.7633615E+05   5.3037960E+05   0.0000000E+00   0.0000000E+00   0.0000000E+00
   3.1884058E-01   3.4997102E+05   1.7541604E+05   5.2538706E+05   0.0000000E+00   0.0000000E+00   0.0000000E+00
   3.3333333E-01   3.5043674E+05   1.7915531E+05   5.2955911E+05   0.0000000E+00   0.0000000E+00   0.0000000E+00
   3.4782609E-01   3.5679926E+05   1.8005718E+05   5.3682487E+05   0.0000000E+00   0.0000000E+00   0.0000000E+00
   3.6231884E-01   3.5928843E+05   1.7594646E+05   5.3523488E+05   0.0000000E+00   0.0000000E+00   0.0000000E+00
   3.7681159E-01   3.5907976E+05   1.7809726E+05   5.3717702E+05   0.0000000E+00   0.0000000E+00   0.0000000E+00
   3.9130435E-01   3.6138427E+05   1.7983617E+05   5.4113625E+05   0.0000000E+00   0.0000000E+00   0.0000000E+00
   4.0579710E-01   3.5900482E+05   1.7952947E+05   5.3848016E+05   0.0000000E+00   0.0000000E+00   0.0000000E+00
   4.2028986E-01   3.6115298E+05   1.8162164E+05   5.4274850E+05   0.0000000E+00   0.0000000E+00   0.0000000E+00
   4.3478261E-01   3.5732336E+05   1.8453414E+05   5.4183224E+05   0.0000000E+00   0.0000000E+00   0.0000000E+00
   4.4927536E-01   3.5882498E+05   1.7762814E+05   5.3642869E+05   0.0000000E+00   0.0000000E+00   0.0000000E+00
   4.6376812E-01   3.5822002E+05   1.7991510E+05   5.3808776E+05   0.0000000E+00   0.0000000E+00   0.0000000E+00
   4.7826087E-01   3.5755987E+05   1.7623118E+05   5.3372217E+05   0.0000000E+00   0.0000000E+00   0.0000000E+00
   4.9275362E-01   3.5038636E+05   1.7628521E+05   5.2662700E+05   0.0000000E+00   0.0000000E+00   0.0000000E+00
   5.0724638E-01   3.4903517E+05   1.7438769E+05   5.2340120E+05   0.0000000E+00   0.0000000E+00   0.0000000E+00
   5.2173913E-01   3.4205497E+05   1.7425839E+05   5.1627126E+05   0.0000000E+00   0.0000000E+00   0.0000000E+00
   5.3623188E-01   3.4251746E+05   1.6903672E+05   5.1151322E+05   0.0000000E+00   0.0000000E+00   0.0000000E+00
   5.5072464E-01   3.3093153E+05   1.6193631E+05   4.9284789E+05   0.0000000E+00   0.0000000E+00   0.0000000E+00
   5.6521739E-01   3.1959002E+05   1.5968815E+05   4.7925874E+05   0.0000000E+00   0.0000000E+00   0.0000000E+00
   5.7971014E-01   3.1588148E+05   1.5743874E+05   4.7330128E+05   0.0000000E+00   0.0000000E+00   0.0000000E+00
   5.9420290E-01   3.0494281E+05   1.5489247E+05   4.5981680E+05   0.0000000E+00   0.0000000E+00   0.0000000E+00
   6.0869565E-01   2.9750186E+05   1.4922000E+05   4.4670382E+05   0.0000000E+00   0.0000000E+00   0.0000000E+00
   6.2318841E-01   2.8362260E+05   1.4509776E+05   4.2872037E+05   0.0000000E+00   0.0000000E+00   0.0000000E+00
   6.3768116E-01   2.7862322E+05   1.3651315E+05   4.1510193E+05   0.0000000E+00   0.0000000E+00   0.0000000E+00
   6.5217391E-01   2.6007207E+05   1.2982555E+05   3.8983027E+05   0.0000000E+00   0.0000000E+00   0.0000000E+00
   6.6666667E-01   2.5155211E+05   1.2169910E+05   3.7323473E+05   0.0000000E+00   0.0000000E+00   0.0000000E+00
   6.8115942E-01   2.3852583E+05   1.1804570E+05   3.5650705E+05   0.0000000E+00   0.0000000E+00   0.0000000E+00
   6.9565217E-01   2.2927849E+05   1.1656516E+05   3.4579629E+05   0.0000000E+00   0.0000000E+00   0.0000000E+00
   7.1014493E-01   2.1903229E+05   1.1177389E+05   3.3074433E+05   0.0000000E+00   0.0000000E+00   0.0000000E+00
   7.2463768E-01   2.0828666E+05   1.0405240E+05   3.1230875E+05   0.0000000E+00   0.0000000E+00   0.0000000E+00
   7.3913043E-01   2.0314772E+05   9.8490911E+04   3.0159406E+05   0.0000000E+00   0.0000000E+00   0.0000000E+00
   7.5362319E-01   1.8609722E+05   9.4411076E+04   2.8050829E+05   0.0000000E+00   0.0000000E+00   0.0000000E+00
   7.6811594E-01   1.7560905E+05   8.9384335E+04   2.6495049E+05   0.0000000E+00   0.0000000E+00   0.0000000E+00
   7.8260870E-01   1.6204339E+05   8.0235896E+04   2.4226526E+05   0.0000000E+00   0.0000000E+00   0.0000000E+00
   7.9710145E-01   1.5262195E+05   7.6145648E+04   2.2876759E+05   0.0000000E+00   0.0000000E+00   0.0000000E+00
   8.1159420E-01   1.3931530E+05   6.9928271E+04   2.0924357E+05   0.0000000E+00   0.0000000E+00   0.0000000E+00
   8.2608696E-01   1.3049023E+05   6.6627654E+04   1.9709130E+05   0.0000000E+00   0.0000000E+00   0.0000000E+00
   8.4057971E-01   1.2185190E+05   6.0148615E+04   1.8197438E+05   0.0000000E+00   0.0000000E+00   0.0000000E+00
   8.5507246E-01   1.1086073E+05   5.3927735E+04   1.6478846E+05   0.0000000E+00   0.0000000E+00   0.0000000E+00
   8.6956522E-01   1.0080424E+05   4.9189740E+04   1.4999398E+05   0.0000000E+00   0.0000000E+00   0.0000000E+00
   8.8405797E-01   8.7822924E+04   4.4855527E+04   1.3267845E+05   0.0000000E+00   0.0000000E+00   0.0000000E+00
   8.9855072E-01   8.0735622E+04   3.8779008E+04   1.1950241E+05   0.0000000E+00   0.0000000E+00   0.0000000E+00
   9.1304348E-01   6.8689432E+04   3.5457266E+04   1.0414670E+05   0.0000000E+00   0.0000000E+00   0.0000000E+00
   9.2753623E-01   6.0050632E+04   3.0344986E+04   9.0383779E+04   0.0000000E+00   0.0000000E+00   0.0000000E+00
   9.4202899E-01   4.9497692E+04   2.4002767E+04   7.3500458E+04   0.0000000E+00   0.0000000E+00   0.0000000E+00
   9.5652174E-01   3.9034920E+04   1.9861886E+04   5.8896806E+04   0.0000000E+00   0.0000000E+00   0.0000000E+00
   9.7101449E-01   2.6713045E+04   1.2926762E+04   3.9639807E+04   0.0000000E+00   0.0000000E+00   0.0000000E+00
   9.8550725E-01   8.7474014E+03   4.3681291E+03   1.3115531E+04   0.0000000E+00   0.0000000E+00   0.0000000E+00
   1.0000000E+00   0.0000000E+00   0.0000000E+00   0.0000000E+00   0.0000000E+00   0.0000000E+00   0.0000000E+00
