   0.0000000E+00   2.1701579E+06   1.0002124E+06   3.1703703E+06   3.8889490E-03   4.9784418E-06   2.6615712E-03
   1.4492754E-02   2.1466680E+06   1.0244600E+06   3.1711280E+06   6.4881310E-03   6.2818305E-06   4.3913399E-03
   2.8985507E-02   2.1735677E+06   1.0634834E+06   3.2366722E+06   2.7914147E-03   8.1394688E-06   1.8721988E-03
   4.3478261E-02   2.2575502E+06   1.1020017E+06   3.3595519E+06   3.5126187E-03   4.2541610E-06   2.3598555E-03
   5.7971014E-02   2.3215158E+06   1.1225869E+06   3.4439132E+06   2.5426846E-03   3.9935221E-05   1.7142649E-03
   7.2463768E-02   2.3183712E+06   1.1382720E+06   3.4563401E+06   1.5830324E-04   3.2240841E-06   8.7505384E-05
   8.6956522E-02   2.2516146E+06   1.1444350E+06   3.3959232E+06   1.4192786E-03   1.5173418E-06   9.2723031E-04
   1.0144928E-01   2.1824981E+06   1.0960120E+06   3.2781854E+06   1.1428463E-03   1.8860576E-05   7.6749410E-04
   1.1594203E-01   2.0591494E+06   1.0280592E+06   3.0867351E+06   3.3951067E-04   5.0705335E-06   2.2817456E-04
   1.3043478E-01   1.9156425E+06   9.5971561E+05   2.8752739E+06   9.9055150E-04   2.0048531E-06   6.5541665E-04
   1.4492754E-01   1.7830302E+06   8.9375042E+05   2.6766291E+06   2.7764147E-03   1.0019237E-06   1.8492685E-03
   1.5942029E-01   1.6464929E+06   8.2248873E+05   2.4687061E+06   2.7105609E-03   9.6094698E-06   1.8004959E-03
   1.7391304E-01   1.5331539E+06   7.5798926E+05   2.2910800E+06   3.3997749E-03   1.2589604E-05   2.2742130E-03
   1.8840580E-01   1.3910297E+06   6.9840007E+05   2.0888469E+06   6.5667429E-03   2.1083968E-05   4.3652087E-03
   2.0289855E-01   1.2934024E+06   6.3774367E+05   1.9310919E+06   4.8433675E-03   7.9906386E-07   3.2534083E-03
   2.1739130E-01   1.1776238E+06   5.8431601E+05   1.7617378E+06   6.3506442E-03   1.1201010E-06   4.2439438E-03
   2.3188406E-01   1.0886308E+06   5.3979267E+05   1.6283288E+06   5.5835116E-03   3.9765653E-06   3.7296833E-03
   2.4637681E-01   1.0024411E+06   5.0175540E+05   1.5040627E+06   5.4003876E-03   6.2973155E-06   3.6013901E-03
   2.6086957E-01   9.0461131E+05   4.5165316E+05   1.3561803E+06   5.7732057E-03   3.5276297E-05   3.8506556E-03
   2.7536232E-01   8.3223416E+05   4.0475103E+05   1.2369453E+06   5.7586415E-03   4.1382445E-06   3.8742928E-03
   2.8985507E-01   7.5542559E+05   3.7617838E+05   1.1314524E+06   6.5932107E-03   1.2207339E-05   4.4075302E-03
   3.0434783E-01   6.9477237E+05   3.4336297E+05   1.0379549E+06   5.5351725E-03   4.9739241E-06   3.7323359E-03
   3.1884058E-01   6.2692378E+05   3.1115424E+05   9.3800913E+05   5.7768340E-03   3.4791734E-05   3.8545724E-03
   3.3333333E-01   5.7390318E+05   2.8672097E+05   8.6059120E+05   5.2795728E-03   3.6092118E-06   3.5221705E-03
   3.4782609E-01   5.1399805E+05   2.5267361E+05   7.6664009E+05   4.7656111E-03   7.1283109E-07   3.1952633E-03
   3.6231884E-01   4.7000891E+05   2.3404971E+05   7.0399800E+05   7.2554662E-03   5.6122914E-06   4.8440516E-03
   3.7681159E-01   4.1897010E+05   2.1035936E+05   6.2932946E+05   8.9044644E-03   6.6137206E-06   5.9298344E-03
   3.9130435E-01   3.8310605E+05   1.9844282E+05   5.8149274E+05   6.1490509E-03   4.6289590E-06   4.0484900E-03
   4.0579710E-01   3.4839650E+05   1.7519955E+05   5.2354192E+05   7.1152616E-03   2.8905151E-05   4.7216751E-03
   4.2028986E-01   3.1621136E+05   1.5821019E+05   4.7442155E+05   3.5736647E-03   5.0729662E-06   2.3833200E-03
   4.3478261E-01   2.8147392E+05   1.4402049E+05   4.2544389E+05   8.1736127E-03   4.2075478E-06   5.4035020E-03
   4.4927536E-01   2.5252186E+05   1.3116178E+05   3.8361031E+05   5.1689560E-03   9.0606916E-06   3.3927557E-03
   4.6376812E-01   2.3200950E+05   1.2024334E+05   3.5225284E+05   7.0269518E-03   6.5147612E-06   4.6275025E-03
   4.7826087E-01   2.0931902E+05   1.0401658E+05   3.1328968E+05   7.5584525E-03   4.2069134E-06   5.0494041E-03
   4.9275362E-01   1.9032563E+05   9.3758771E+04   2.8408440E+05   6.8460990E-03   1.2169253E-05   4.5849930E-03
   5.0724638E-01   1.7085880E+05   8.6988171E+04   2.5784697E+05   8.0545129E-03   2.3431471E-06   5.3367452E-03
   5.2173913E-01   1.5725141E+05   8.0235896E+04   2.3748731E+05   5.8506282E-03   3.4475455E-06   3.8745562E-03
   5.3623188E-01   1.3913684E+05   7.0879099E+04   2.0999546E+05   9.0384866E-03   1.7770413E-06   6.0228470E-03
   5.5072464E-01   1.2694084E+05   6.5364759E+04   1.9230559E+05   5.4573483E-03   4.4208692E-06   3.6033363E-03
   5.6521739E-01   1.1630287E+05   5.8695449E+04   1.7499832E+05   7.4187361E-03   1.3408042E-05   4.9307302E-03
   5.7971014E-01   1.0733340E+05   5.4083456E+04   1.6141686E+05   8.1889791E-03   1.1644174E-04   5.4839986E-03
   5.9420290E-01   9.4920381E+04   5.0232398E+04   1.4517126E+05   4.8674755E-03   1.1217098E-04   3.2190211E-03
   6.0869565E-01   8.5335584E+04   4.6203896E+04   1.3153948E+05   1.0538334E-02   1.2387557E-05   6.8326870E-03
   6.2318841E-01   7.9192294E+04   4.0935403E+04   1.2012770E+05   8.6827998E-03   2.2904598E-06   5.7247190E-03
   6.3768116E-01   7.0314520E+04   3.7886834E+04   1.0820135E+05   8.0013127E-03   4.0073438E-06   5.1985072E-03
   6.5217391E-01   6.2656404E+04   3.1235590E+04   9.3891994E+04   9.4614693E-03   6.5142444E-07   6.3140701E-03
   6.6666667E-01   5.7983329E+04   2.9650566E+04   8.7633895E+04   1.4611833E-02   4.3239754E-06   9.6669994E-03
   6.8115942E-01   5.2477296E+04   2.7294643E+04   7.9771939E+04   5.1753193E-03   2.7428273E-06   3.4054533E-03
   6.9565217E-01   4.7879487E+04   2.4437008E+04   7.2316495E+04   1.0135074E-02   2.4328793E-05   6.7124124E-03
   7.1014493E-01   4.2788927E+04   2.2654780E+04   6.5443707E+04   7.5744418E-03   3.2941775E-06   4.9533773E-03
   7.2463768E-01   3.8614261E+04   2.0852914E+04   5.9467175E+04   1.4474196E-02   4.0350583E-05   9.3924697E-03
   7.3913043E-01   3.4603309E+04   1.8987990E+04   5.3591298E+04   1.2446380E-02   1.5902515E-04   7.9892064E-03
   7.5362319E-01   3.1125491E+04   1.6888785E+04   4.8014276E+04   3.9107984E-03   2.4967695E-06   2.5348559E-03
   7.6811594E-01   2.9294386E+04   1.5454969E+04   4.4749355E+04   1.2645229E-02   6.8680457E-05   8.3005420E-03
   7.8260870E-01   2.5973530E+04   1.4509254E+04   4.0482784E+04   9.7303607E-03   1.0273084E-05   6.2396251E-03
   7.9710145E-01   2.2911202E+04   1.3239726E+04   3.6150928E+04   1.0378551E-02   1.4143839E-06   6.5780796E-03
   8.1159420E-01   2.2786225E+04   1.1420174E+04   3.4206399E+04   1.8770329E-02   1.4830543E-05   1.2499346E-02
   8.2608696E-01   1.9262464E+04   9.7708151E+03   2.9033279E+04   1.1182913E-02   3.9608433E-06   7.4183078E-03
   8.4057971E-01   1.7558588E+04   8.5441343E+03   2.6102722E+04   1.6314044E-02   8.8429062E-07   1.0973774E-02
   8.5507246E-01   1.4422683E+04   7.4104079E+03   2.1833091E+04   9.6315784E-03   3.2852912E-06   6.3629703E-03
   8.6956522E-01   1.3639260E+04   7.0090643E+03   2.0648325E+04   1.6395659E-02   4.7263183E-05   1.0846176E-02
   8.8405797E-01   1.1701442E+04   5.6395484E+03   1.7340990E+04   2.0185693E-02   3.3792910E-06   1.3620108E-02
   8.9855072E-01   1.0058343E+04   5.7807976E+03   1.5839141E+04   8.8498222E-03   5.9697298E-06   5.6199808E-03
   9.1304348E-01   8.9966197E+03   4.6426406E+03   1.3639260E+04   2.1769611E-03   7.3907469E-06   1.4342123E-03
   9.2753623E-01   6.9261869E+03   4.2859481E+03   1.1212135E+04   2.9390482E-03   1.6273441E-05   1.8106405E-03
   9.4202899E-01   6.3300157E+03   3.0892342E+03   9.4192499E+03   1.3830674E-02   7.8766059E-07   9.2948805E-03
   9.5652174E-01   4.9482502E+03   2.3191335E+03   7.2673837E+03   1.7877443E-02   1.5915582E-06   1.2172682E-02
   9.7101449E-01   4.1166590E+03   1.7190444E+03   5.8357034E+03   1.7754516E-02   3.6337258E-06   1.2525108E-02
   9.8550725E-01   2.3177828E+03   1.3148960E+03   3.6326788E+03   1.6264679E-02   1.3797096E-06   1.0377378E-02
   1.0000000E+00   2.4072501E+02   2.1884092E+01   2.6260910E+02   9.2477250E-02   7.7742659E-06   8.4770268E-02
