   0.0000000E+00   3.9614474E+07   1.9434430E+07   5.9048904E+07   3.8773778E-03   2.6139313E-03   2.3021729E-03
   1.4492754E-02   4.1012498E+07   2.0511174E+07   6.1522915E+07   1.2406057E-04   5.3026501E-04   2.5948724E-04
   2.8985507E-02   4.0623021E+07   2.0231569E+07   6.0854212E+07   2.7839302E-04   4.9576037E-04   2.3691954E-04
   4.3478261E-02   3.5458541E+07   1.7595151E+07   5.3053439E+07   1.0289201E-03   2.0567749E-04   7.1148217E-04
   5.7971014E-02   2.5456732E+07   1.2834544E+07   3.8291087E+07   4.0966590E-04   3.8203225E-04   2.5878402E-04
   7.2463768E-02   1.4969088E+07   7.4943189E+06   2.2463407E+07   1.6265132E-03   4.2274964E-04   1.0456064E-03
   8.6956522E-02   8.4328516E+06   4.3024289E+06   1.2735280E+07   2.6521595E-03   1.6886113E-03   2.2495757E-03
   1.0144928E-01   4.4682650E+06   2.3227877E+06   6.7910527E+06   5.0995401E-03   2.6654345E-03   4.2320400E-03
   1.1594203E-01   1.3703668E+06   7.2629061E+05   2.0966574E+06   2.1018482E-02   4.7480228E-03   1.5346925E-02
   1.3043478E-01   4.3780342E+04   2.0374698E+04   6.4155039E+04   1.0574897E-01   2.9083602E-02   8.1221007E-02
   1.4492754E-01   2.2353232E+04   8.4108772E+03   3.0764109E+04   1.6701679E-01   5.9947628E-02   1.3766064E-01
   1.5942029E-01   1.1917131E+04   5.0975013E+03   1.7014633E+04   1.7416102E-01   5.0847385E-02   1.3712820E-01
   1.7391304E-01   7.8930905E+03   3.0940915E+03   1.0987182E+04   1.7328511E-01   5.0608866E-02   1.3789663E-01
   1.8840580E-01   6.1201809E+03   1.3988985E+03   7.5190794E+03   2.1831778E-01   7.2433418E-02   1.8773940E-01
   2.0289855E-01   3.8428075E+03   1.8943417E+03   5.7371492E+03   2.2036579E-01   7.1284853E-02   1.6778014E-01
   2.1739130E-01   2.9804310E+03   1.1113471E+03   4.0917781E+03   2.0516300E-01   8.2814107E-02   1.7165466E-01
   2.3188406E-01   2.1784930E+03   8.9981231E+02   3.0783053E+03   2.2877070E-01   7.8971876E-02   1.8488188E-01
   2.4637681E-01   1.4263279E+03   5.3487295E+02   1.9612008E+03   2.2507865E-01   6.8172908E-02   1.8130181E-01
   2.6086957E-01   1.2207980E+03   4.2096482E+02   1.6417628E+03   2.1367630E-01   1.1812508E-01   1.8570855E-01
   2.7536232E-01   8.7737932E+02   2.7916615E+02   1.1565455E+03   2.6472501E-01   1.2245666E-01   2.2919689E-01
   2.8985507E-01   6.8196302E+02   4.5464201E+02   1.1366050E+03   2.5980572E-01   1.4806813E-01   2.1465757E-01
   3.0434783E-01   5.4124049E+02   2.1649620E+02   7.5773668E+02   3.0207031E-01   1.8806570E-02   2.1775082E-01
   3.1884058E-01   7.5773668E+02   3.0998319E+02   1.0677199E+03   1.6868373E-01   1.4757365E-01   1.6253838E-01
   3.3333333E-01   5.2712117E+02   1.6472537E+02   6.9184654E+02   2.9109220E-01   7.1045773E-02   2.3852980E-01
   3.4782609E-01   3.7886834E+02   1.2628945E+02   5.0515779E+02   2.2132124E-01   7.1209297E-02   1.8318266E-01
   3.6231884E-01   2.1216627E+02   1.2123787E+02   3.3340414E+02   2.1906686E-01   5.3354460E-06   1.3940790E-01
   3.7681159E-01   1.1657487E+02   1.1657487E+02   2.3314975E+02   3.8737826E-01   2.3746869E-01   3.0894123E-01
   3.9130435E-01   2.2451457E+02   1.1225729E+02   3.3677186E+02   1.8745277E-01   7.4384883E-06   1.2496655E-01
   4.0579710E-01   1.0824810E+02   2.7062024E+01   1.3531012E+02   3.6062070E-01   5.3013425E-06   2.8849759E-01
   4.2028986E-01   1.3064426E+02   1.0451540E+02   2.3515966E+02   2.4165166E-01   1.0461297E-01   1.7621873E-01
   4.3478261E-01   1.0103156E+02   2.5257889E+01   1.2628945E+02   2.3358384E-01   1.7003863E-01   2.2039733E-01
   4.4927536E-01   1.2221559E+02   2.4443119E+01   1.4665871E+02   2.4077455E-01   3.8702614E-06   2.0064608E-01
   4.6376812E-01   1.4207563E+02   4.7358543E+01   1.8943417E+02   2.6249969E-01   9.5759857E-02   2.2078607E-01
   4.7826087E-01   6.8885153E+01   2.2961718E+01   9.1846871E+01   2.9680963E-01   2.0192978E-07   2.2260727E-01
   4.9275362E-01   4.4572746E+01   0.0000000E+00   4.4572746E+01   1.7134405E-01   0.0000000E+00   1.7134405E-01
   5.0724638E-01   6.4948859E+01   4.3299239E+01   1.0824810E+02   2.3958977E-01   9.1681500E-06   1.4375753E-01
   5.2173913E-01   4.2096482E+01   6.3144724E+01   1.0524121E+02   1.2461084E-06   1.0245685E-04   6.1971653E-05
   5.3623188E-01   6.1438110E+01   0.0000000E+00   6.1438110E+01   3.9198042E-01   0.0000000E+00   3.9198042E-01
   5.5072464E-01   1.9940439E+01   1.9940439E+01   3.9880878E+01   2.5130308E-01   3.7415720E-01   3.0301722E-01
   5.6521739E-01   5.8287437E+01   0.0000000E+00   5.8287437E+01   1.9778971E-01   0.0000000E+00   1.9778971E-01
   5.7971014E-01   1.8943417E+01   0.0000000E+00   1.8943417E+01   5.0403431E-05   0.0000000E+00   5.0403431E-05
   5.9420290E-01   3.6962765E+01   1.8481383E+01   5.5444148E+01   2.7346242E-06   2.0470044E-06   2.4920743E-06
   6.0869565E-01   1.8041350E+01   0.0000000E+00   1.8041350E+01   4.1648449E-01   0.0000000E+00   4.1648449E-01
   6.2318841E-01   1.7621783E+01   0.0000000E+00   1.7621783E+01   2.5208463E-01   0.0000000E+00   2.5208463E-01
   6.3768116E-01   3.4442577E+01   0.0000000E+00   3.4442577E+01   1.5262780E-01   0.0000000E+00   1.5262780E-01
   6.5217391E-01   3.3677186E+01   0.0000000E+00   3.3677186E+01   3.1806954E-01   0.0000000E+00   3.1806954E-01
   6.6666667E-01   0.0000000E+00   0.0000000E+00   0.0000000E+00   0.0000000E+00   0.0000000E+00   0.0000000E+00
   6.8115942E-01   1.6122057E+01   3.2244114E+01   4.8366171E+01   4.3932999E-01   2.2649993E-01   2.9721465E-01
   6.9565217E-01   3.1572362E+01   0.0000000E+00   3.1572362E+01   3.0276874E-01   0.0000000E+00   3.0276874E-01
   7.1014493E-01   1.5464014E+01   0.0000000E+00   1.5464014E+01   3.7067023E-01   0.0000000E+00   3.7067023E-01
   7.2463768E-01   0.0000000E+00   0.0000000E+00   0.0000000E+00   0.0000000E+00   0.0000000E+00   0.0000000E+00
   7.3913043E-01   1.4857582E+01   0.0000000E+00   1.4857582E+01   4.2418119E-01   0.0000000E+00   4.2418119E-01
   7.5362319E-01   0.0000000E+00   1.4571859E+01   1.4571859E+01   0.0000000E+00   9.8331365E-06   9.8331365E-06
   7.6811594E-01   1.4296919E+01   0.0000000E+00   1.4296919E+01   4.3314992E-01   0.0000000E+00   4.3314992E-01
   7.8260870E-01   2.8064322E+01   1.4032161E+01   4.2096482E+01   3.7676270E-01   2.8379498E-05   2.5118450E-01
   7.9710145E-01   0.0000000E+00   0.0000000E+00   0.0000000E+00   0.0000000E+00   0.0000000E+00   0.0000000E+00
   8.1159420E-01   0.0000000E+00   1.3531012E+01   1.3531012E+01   0.0000000E+00   2.6333841E-06   2.6333841E-06
   8.2608696E-01   0.0000000E+00   1.3293626E+01   1.3293626E+01   0.0000000E+00   4.2614102E-01   4.2614102E-01
   8.4057971E-01   0.0000000E+00   0.0000000E+00   0.0000000E+00   0.0000000E+00   0.0000000E+00   0.0000000E+00
   8.5507246E-01   0.0000000E+00   0.0000000E+00   0.0000000E+00   0.0000000E+00   0.0000000E+00   0.0000000E+00
   8.6956522E-01   0.0000000E+00   0.0000000E+00   0.0000000E+00   0.0000000E+00   0.0000000E+00   0.0000000E+00
   8.8405797E-01   0.0000000E+00   0.0000000E+00   0.0000000E+00   0.0000000E+00   0.0000000E+00   0.0000000E+00
   8.9855072E-01   0.0000000E+00   0.0000000E+00   0.0000000E+00   0.0000000E+00   0.0000000E+00   0.0000000E+00
   9.1304348E-01   0.0000000E+00   0.0000000E+00   0.0000000E+00   0.0000000E+00   0.0000000E+00   0.0000000E+00
   9.2753623E-01   0.0000000E+00   0.0000000E+00   0.0000000E+00   0.0000000E+00   0.0000000E+00   0.0000000E+00
   9.4202899E-01   1.1657487E+01   0.0000000E+00   1.1657487E+01   4.5695469E-01   0.0000000E+00   4.5695469E-01
   9.5652174E-01   0.0000000E+00   0.0000000E+00   0.0000000E+00   0.0000000E+00   0.0000000E+00   0.0000000E+00
   9.7101449E-01   0.0000000E+00   0.0000000E+00   0.0000000E+00   0.0000000E+00   0.0000000E+00   0.0000000E+00
   9.8550725E-01   0.0000000E+00   0.0000000E+00   0.0000000E+00   0.0000000E+00   0.0000000E+00   0.0000000E+00
   1.0000000E+00   0.0000000E+00   0.0000000E+00   0.0000000E+00   0.0000000E+00   0.0000000E+00   0.0000000E+00
