   0.0000000E+00   4.1608837E+07   2.1513660E+07   6.3122497E+07   7.7893412E-04   2.4655759E-03   1.2851696E-03
   1.4492754E-02   4.3755505E+07   2.2343382E+07   6.6098129E+07   1.2917967E-03   4.4475519E-04   7.0618324E-04
   2.8985507E-02   4.3234561E+07   2.1928142E+07   6.5162703E+07   4.4894455E-04   1.3671232E-04   2.6728139E-04
   4.3478261E-02   3.6460774E+07   1.8303382E+07   5.4764156E+07   1.0153803E-03   1.7654150E-03   1.1245536E-03
   5.7971014E-02   2.5506743E+07   1.2708760E+07   3.8215124E+07   1.4813926E-04   2.6365000E-04   1.7277002E-04
   7.2463768E-02   1.3663508E+07   6.7940187E+06   2.0457072E+07   5.6992188E-04   1.3258025E-03   6.5694849E-04
   8.6956522E-02   7.7388910E+06   3.8307378E+06   1.1569629E+07   2.0800458E-03   9.6084257E-04   1.6619059E-03
   1.0144928E-01   4.2769906E+06   2.1319463E+06   6.4089369E+06   5.8531989E-03   5.7862535E-03   5.8021394E-03
   1.1594203E-01   1.5158522E+06   7.7469104E+05   2.2905433E+06   1.7175954E-02   1.8428018E-02   1.7509377E-02
   1.3043478E-01   3.3508800E+04   1.5154734E+04   4.8663534E+04   8.7606867E-02   8.9108461E-02   8.8046071E-02
   1.4492754E-01   1.5912470E+04   6.7438565E+03   2.2656327E+04   1.0524766E-01   1.1628817E-01   1.0851578E-01
   1.5942029E-01   9.1617254E+03   5.0286162E+03   1.4190342E+04   1.1465397E-01   1.5409282E-01   1.2826547E-01
   1.7391304E-01   6.9459196E+03   2.5257889E+03   9.4717086E+03   1.3318511E-01   9.6712641E-02   1.2342467E-01
   1.8840580E-01   3.7303960E+03   2.5646472E+03   6.2950432E+03   1.3739167E-01   1.7636294E-01   1.5257904E-01
   2.0289855E-01   2.9768227E+03   1.2448531E+03   4.2216758E+03   1.8131814E-01   1.7245880E-01   1.7864728E-01
   2.1739130E-01   2.3237258E+03   1.3639260E+03   3.6876519E+03   1.4641780E-01   2.1878212E-01   1.7270194E-01
   2.3188406E-01   1.3260392E+03   4.7358543E+02   1.7996246E+03   2.1749746E-01   1.1874135E-01   1.9066879E-01
   2.4637681E-01   1.3817551E+03   4.9030021E+02   1.8720553E+03   1.9703199E-01   1.2963423E-01   1.7927956E-01
   2.6086957E-01   7.9983317E+02   2.5257889E+02   1.0524121E+03   1.6070286E-01   3.3714197E-01   2.0245514E-01
   2.7536232E-01   5.5833229E+02   3.1904702E+02   8.7737932E+02   2.3564625E-01   2.0531796E-01   2.2250261E-01
   2.8985507E-01   6.0618935E+02   1.5154734E+02   7.5773668E+02   1.0921484E-01   3.8144373E-01   1.6006181E-01
   3.0434783E-01   4.3299239E+02   2.1649620E+02   6.4948859E+02   2.4873132E-01   9.6254377E-02   1.9421610E-01
   3.1884058E-01   3.4442577E+02   2.4109804E+02   5.8552380E+02   1.8280884E-01   2.3077285E-01   2.0254794E-01
   3.3333333E-01   3.9534088E+02   1.3178029E+02   5.2712117E+02   1.6786198E-01   1.9094226E-01   1.6598812E-01
   3.4782609E-01   3.7886834E+02   9.4717086E+01   4.7358543E+02   2.2755647E-01   1.1490508E-01   2.0432266E-01
   3.6231884E-01   2.7278521E+02   9.0928402E+01   3.6371361E+02   1.8375608E-01   2.8348246E-01   2.0754816E-01
   3.7681159E-01   1.4571859E+02   1.4571859E+02   2.9143719E+02   2.7175708E-01   9.0555848E-02   1.6138207E-01
   3.9130435E-01   1.9645025E+02   1.1225729E+02   3.0870754E+02   1.5907209E-01   2.0932917E-01   1.7705995E-01
   4.0579710E-01   1.6237215E+02   5.4124049E+01   2.1649620E+02   2.6023085E-01   8.2948435E-02   2.1483859E-01
   4.2028986E-01   7.8386554E+01   7.8386554E+01   1.5677311E+02   1.8335571E-01   2.2975741E-01   2.0616039E-01
   4.3478261E-01   2.0206312E+02   1.0103156E+02   3.0309467E+02   1.2377349E-01   3.5668598E-01   2.0141097E-01
   4.4927536E-01   4.8886238E+01   4.8886238E+01   9.7772475E+01   2.8437785E-01   3.6476372E-01   3.1993550E-01
   4.6376812E-01   1.4207563E+02   9.4717086E+01   2.3679271E+02   1.8084125E-01   1.7937123E-01   1.7912737E-01
   4.7826087E-01   4.5923435E+01   0.0000000E+00   4.5923435E+01   4.5218647E-01   0.0000000E+00   4.5218647E-01
   4.9275362E-01   4.4572746E+01   2.2286373E+01   6.6859119E+01   1.1058031E-05   7.3764460E-06   5.1371122E-06
   5.0724638E-01   0.0000000E+00   2.1649620E+01   2.1649620E+01   0.0000000E+00   4.4634863E-01   4.4634863E-01
   5.2173913E-01   2.1048241E+01   2.1048241E+01   4.2096482E+01   1.7241588E-05   3.8521326E-06   6.6962988E-06
   5.3623188E-01   6.1438110E+01   4.0958740E+01   1.0239685E+02   1.8825967E-06   1.3033936E-05   4.5174235E-06
   5.5072464E-01   1.9940439E+01   0.0000000E+00   1.9940439E+01   1.9036025E-05   0.0000000E+00   1.9036025E-05
   5.6521739E-01   5.8287437E+01   1.9429146E+01   7.7716583E+01   1.1521797E-01   3.8400892E-01   1.8128052E-01
   5.7971014E-01   0.0000000E+00   0.0000000E+00   0.0000000E+00   0.0000000E+00   0.0000000E+00   0.0000000E+00
   5.9420290E-01   0.0000000E+00   0.0000000E+00   0.0000000E+00   0.0000000E+00   0.0000000E+00   0.0000000E+00
   6.0869565E-01   0.0000000E+00   0.0000000E+00   0.0000000E+00   0.0000000E+00   0.0000000E+00   0.0000000E+00
   6.2318841E-01   5.2865350E+01   0.0000000E+00   5.2865350E+01   2.8541024E-01   0.0000000E+00   2.8541024E-01
   6.3768116E-01   1.7221288E+01   0.0000000E+00   1.7221288E+01   2.2686217E-01   0.0000000E+00   2.2686217E-01
   6.5217391E-01   1.6838593E+01   0.0000000E+00   1.6838593E+01   2.7132563E-01   0.0000000E+00   2.7132563E-01
   6.6666667E-01   1.6472537E+01   0.0000000E+00   1.6472537E+01   5.1090197E-01   0.0000000E+00   5.1090197E-01
   6.8115942E-01   3.2244114E+01   0.0000000E+00   3.2244114E+01   1.4477303E-01   0.0000000E+00   1.4477303E-01
   6.9565217E-01   1.5786181E+01   0.0000000E+00   1.5786181E+01   3.9901301E-01   0.0000000E+00   3.9901301E-01
   7.1014493E-01   0.0000000E+00   0.0000000E+00   0.0000000E+00   0.0000000E+00   0.0000000E+00   0.0000000E+00
   7.2463768E-01   0.0000000E+00   0.0000000E+00   0.0000000E+00   0.0000000E+00   0.0000000E+00   0.0000000E+00
   7.3913043E-01   1.4857582E+01   1.4857582E+01   2.9715164E+01   9.4189967E-07   5.1910238E-06   3.0396270E-06
   7.5362319E-01   2.9143719E+01   0.0000000E+00   2.9143719E+01   7.2016116E-06   0.0000000E+00   7.2016116E-06
   7.6811594E-01   1.4296919E+01   0.0000000E+00   1.4296919E+01   4.5922341E-01   0.0000000E+00   4.5922341E-01
   7.8260870E-01   0.0000000E+00   0.0000000E+00   0.0000000E+00   0.0000000E+00   0.0000000E+00   0.0000000E+00
   7.9710145E-01   0.0000000E+00   0.0000000E+00   0.0000000E+00   0.0000000E+00   0.0000000E+00   0.0000000E+00
   8.1159420E-01   0.0000000E+00   0.0000000E+00   0.0000000E+00   0.0000000E+00   0.0000000E+00   0.0000000E+00
   8.2608696E-01   0.0000000E+00   1.3293626E+01   1.3293626E+01   0.0000000E+00   2.9195087E-01   2.9195087E-01
   8.4057971E-01   0.0000000E+00   0.0000000E+00   0.0000000E+00   0.0000000E+00   0.0000000E+00   0.0000000E+00
   8.5507246E-01   0.0000000E+00   0.0000000E+00   0.0000000E+00   0.0000000E+00   0.0000000E+00   0.0000000E+00
   8.6956522E-01   0.0000000E+00   1.2628945E+01   1.2628945E+01   0.0000000E+00   7.9564372E-06   7.9564372E-06
   8.8405797E-01   1.2421913E+01   0.0000000E+00   1.2421913E+01   4.1750242E-01   0.0000000E+00   4.1750242E-01
   8.9855072E-01   0.0000000E+00   0.0000000E+00   0.0000000E+00   0.0000000E+00   0.0000000E+00   0.0000000E+00
   9.1304348E-01   0.0000000E+00   0.0000000E+00   0.0000000E+00   0.0000000E+00   0.0000000E+00   0.0000000E+00
   9.2753623E-01   0.0000000E+00   0.0000000E+00   0.0000000E+00   0.0000000E+00   0.0000000E+00   0.0000000E+00
   9.4202899E-01   1.1657487E+01   0.0000000E+00   1.1657487E+01   4.7246579E-01   0.0000000E+00   4.7246579E-01
   9.5652174E-01   0.0000000E+00   0.0000000E+00   0.0000000E+00   0.0000000E+00   0.0000000E+00   0.0000000E+00
   9.7101449E-01   0.0000000E+00   0.0000000E+00   0.0000000E+00   0.0000000E+00   0.0000000E+00   0.0000000E+00
   9.8550725E-01   0.0000000E+00   0.0000000E+00   0.0000000E+00   0.0000000E+00   0.0000000E+00   0.0000000E+00
   1.0000000E+00   0.0000000E+00   0.0000000E+00   0.0000000E+00   0.0000000E+00   0.0000000E+00   0.0000000E+00
