   0.0000000E+00   2.3035195E+05   1.3336166E+05   3.6371361E+05   0.0000000E+00   0.0000000E+00   0.0000000E+00
   1.4492754E-02   2.7657389E+05   1.5154734E+05   4.2812123E+05   0.0000000E+00   0.0000000E+00   0.0000000E+00
   2.8985507E-02   2.8566673E+05   1.4321223E+05   4.2887896E+05   0.0000000E+00   0.0000000E+00   0.0000000E+00
   4.3478261E-02   2.8743478E+05   1.5407313E+05   4.4150791E+05   0.0000000E+00   0.0000000E+00   0.0000000E+00
   5.7971014E-02   2.9419127E+05   1.6196622E+05   4.5615748E+05   0.0000000E+00   0.0000000E+00   0.0000000E+00
   7.2463768E-02   2.9657814E+05   1.5533602E+05   4.5191416E+05   0.0000000E+00   0.0000000E+00   0.0000000E+00
   8.6956522E-02   3.0688336E+05   1.4889526E+05   4.5577862E+05   0.0000000E+00   0.0000000E+00   0.0000000E+00
   1.0144928E-01   3.0352767E+05   1.4884113E+05   4.5236880E+05   0.0000000E+00   0.0000000E+00   0.0000000E+00
   1.1594203E-01   3.1427129E+05   1.5457828E+05   4.6884957E+05   0.0000000E+00   0.0000000E+00   0.0000000E+00
   1.3043478E-01   3.0999850E+05   1.5297862E+05   4.6297711E+05   0.0000000E+00   0.0000000E+00   0.0000000E+00
   1.4492754E-01   3.1014162E+05   1.5980667E+05   4.6994829E+05   0.0000000E+00   0.0000000E+00   0.0000000E+00
   1.5942029E-01   3.1198086E+05   1.6649542E+05   4.7847627E+05   0.0000000E+00   0.0000000E+00   0.0000000E+00
   1.7391304E-01   3.2008060E+05   1.5767238E+05   4.7768983E+05   0.0000000E+00   0.0000000E+00   0.0000000E+00
   1.8840580E-01   3.3136408E+05   1.6233051E+05   4.9363631E+05   0.0000000E+00   0.0000000E+00   0.0000000E+00
   2.0289855E-01   3.2512316E+05   1.7027426E+05   4.9539742E+05   0.0000000E+00   0.0000000E+00   0.0000000E+00
   2.1739130E-01   3.2961546E+05   1.6720723E+05   4.9682269E+05   0.0000000E+00   0.0000000E+00   0.0000000E+00
   2.3188406E-01   3.4718548E+05   1.6982773E+05   5.1701321E+05   0.0000000E+00   0.0000000E+00   0.0000000E+00
   2.4637681E-01   3.3380530E+05   1.6875242E+05   5.0251314E+05   0.0000000E+00   0.0000000E+00   0.0000000E+00
   2.6086957E-01   3.4502277E+05   1.7221671E+05   5.1723948E+05   0.0000000E+00   0.0000000E+00   0.0000000E+00
   2.7536232E-01   3.4516900E+05   1.7053063E+05   5.1565975E+05   0.0000000E+00   0.0000000E+00   0.0000000E+00
   2.8985507E-01   3.5098363E+05   1.7454465E+05   5.2549039E+05   0.0000000E+00   0.0000000E+00   0.0000000E+00
   3.0434783E-01   3.4758464E+05   1.7936710E+05   5.2695174E+05   0.0000000E+00   0.0000000E+00   0.0000000E+00
   3.1884058E-01   3.5148649E+05   1.8302785E+05   5.3447990E+05   0.0000000E+00   0.0000000E+00   0.0000000E+00
   3.3333333E-01   3.5211694E+05   1.7605847E+05   5.2814247E+05   0.0000000E+00   0.0000000E+00   0.0000000E+00
   3.4782609E-01   3.4833787E+05   1.7869957E+05   5.2703744E+05   0.0000000E+00   0.0000000E+00   0.0000000E+00
   3.6231884E-01   3.6374392E+05   1.8234176E+05   5.4599475E+05   0.0000000E+00   0.0000000E+00   0.0000000E+00
   3.7681159E-01   3.5663168E+05   1.7967103E+05   5.3627357E+05   0.0000000E+00   0.0000000E+00   0.0000000E+00
   3.9130435E-01   3.5619237E+05   1.7784361E+05   5.3397985E+05   0.0000000E+00   0.0000000E+00   0.0000000E+00
   4.0579710E-01   3.5759759E+05   1.7660677E+05   5.3415024E+05   0.0000000E+00   0.0000000E+00   0.0000000E+00
   4.2028986E-01   3.6656165E+05   1.8146487E+05   5.4800040E+05   0.0000000E+00   0.0000000E+00   0.0000000E+00
   4.3478261E-01   3.5904090E+05   1.8137690E+05   5.4034203E+05   0.0000000E+00   0.0000000E+00   0.0000000E+00
   4.4927536E-01   3.6307809E+05   1.7875253E+05   5.4180617E+05   0.0000000E+00   0.0000000E+00   0.0000000E+00
   4.6376812E-01   3.6099049E+05   1.8109907E+05   5.4204220E+05   0.0000000E+00   0.0000000E+00   0.0000000E+00
   4.7826087E-01   3.5698583E+05   1.7623118E+05   5.3319405E+05   0.0000000E+00   0.0000000E+00   0.0000000E+00
   4.9275362E-01   3.5413047E+05   1.7604006E+05   5.3017053E+05   0.0000000E+00   0.0000000E+00   0.0000000E+00
   5.0724638E-01   3.4650216E+05   1.7614130E+05   5.2262182E+05   0.0000000E+00   0.0000000E+00   0.0000000E+00
   5.2173913E-01   3.4378092E+05   1.7225881E+05   5.1595554E+05   0.0000000E+00   0.0000000E+00   0.0000000E+00
   5.3623188E-01   3.3692659E+05   1.6758268E+05   5.0448880E+05   0.0000000E+00   0.0000000E+00   0.0000000E+00
   5.5072464E-01   3.2961546E+05   1.6430922E+05   4.9394462E+05   0.0000000E+00   0.0000000E+00   0.0000000E+00
   5.6521739E-01   3.1793854E+05   1.6165049E+05   4.7958903E+05   0.0000000E+00   0.0000000E+00   0.0000000E+00
   5.7971014E-01   3.1396820E+05   1.5465406E+05   4.6852754E+05   0.0000000E+00   0.0000000E+00   0.0000000E+00
   5.9420290E-01   3.0433293E+05   1.5690694E+05   4.6120290E+05   0.0000000E+00   0.0000000E+00   0.0000000E+00
   6.0869565E-01   3.0152508E+05   1.4810144E+05   4.4957239E+05   0.0000000E+00   0.0000000E+00   0.0000000E+00
   6.2318841E-01   2.8423937E+05   1.4185536E+05   4.2609472E+05   0.0000000E+00   0.0000000E+00   0.0000000E+00
   6.3768116E-01   2.7316407E+05   1.3825250E+05   4.1141658E+05   0.0000000E+00   0.0000000E+00   0.0000000E+00
   6.5217391E-01   2.6359133E+05   1.3216612E+05   3.9563958E+05   0.0000000E+00   0.0000000E+00   0.0000000E+00
   6.6666667E-01   2.5133796E+05   1.2509244E+05   3.7641393E+05   0.0000000E+00   0.0000000E+00   0.0000000E+00
   6.8115942E-01   2.3933194E+05   1.2085094E+05   3.6013451E+05   0.0000000E+00   0.0000000E+00   0.0000000E+00
   6.9565217E-01   2.3027302E+05   1.1295012E+05   3.4317579E+05   0.0000000E+00   0.0000000E+00   0.0000000E+00
   7.1014493E-01   2.2020756E+05   1.1106255E+05   3.3123918E+05   0.0000000E+00   0.0000000E+00   0.0000000E+00
   7.2463768E-01   2.0971120E+05   1.0608314E+05   3.1576403E+05   0.0000000E+00   0.0000000E+00   0.0000000E+00
   7.3913043E-01   1.9718983E+05   9.9872666E+04   2.9704764E+05   0.0000000E+00   0.0000000E+00   0.0000000E+00
   7.5362319E-01   1.8752526E+05   9.2443875E+04   2.7995456E+05   0.0000000E+00   0.0000000E+00   0.0000000E+00
   7.6811594E-01   1.7589499E+05   8.8898240E+04   2.6479323E+05   0.0000000E+00   0.0000000E+00   0.0000000E+00
   7.8260870E-01   1.6236613E+05   8.1077825E+04   2.4342993E+05   0.0000000E+00   0.0000000E+00   0.0000000E+00
   7.9710145E-01   1.5027985E+05   7.4230641E+04   2.2451049E+05   0.0000000E+00   0.0000000E+00   0.0000000E+00
   8.1159420E-01   1.3909881E+05   6.9454686E+04   2.0852643E+05   0.0000000E+00   0.0000000E+00   0.0000000E+00
   8.2608696E-01   1.2954639E+05   6.3716350E+04   1.9323615E+05   0.0000000E+00   0.0000000E+00   0.0000000E+00
   8.4057971E-01   1.1944804E+05   5.9782811E+04   1.7923085E+05   0.0000000E+00   0.0000000E+00   0.0000000E+00
   8.5507246E-01   1.0861321E+05   5.4852430E+04   1.6346564E+05   0.0000000E+00   0.0000000E+00   0.0000000E+00
   8.6956522E-01   1.0151146E+05   4.9770671E+04   1.5126950E+05   0.0000000E+00   0.0000000E+00   0.0000000E+00
   8.8405797E-01   9.0419104E+04   4.4830683E+04   1.3523737E+05   0.0000000E+00   0.0000000E+00   0.0000000E+00
   8.9855072E-01   8.0625627E+04   3.9781176E+04   1.2040680E+05   0.0000000E+00   0.0000000E+00   0.0000000E+00
   9.1304348E-01   7.0204905E+04   3.3917737E+04   1.0412264E+05   0.0000000E+00   0.0000000E+00   0.0000000E+00
   9.2753623E-01   5.8251008E+04   3.0344986E+04   8.8595994E+04   0.0000000E+00   0.0000000E+00   0.0000000E+00
   9.4202899E-01   4.9544322E+04   2.4072712E+04   7.3617033E+04   0.0000000E+00   0.0000000E+00   0.0000000E+00
   9.5652174E-01   3.7726102E+04   1.9907809E+04   5.7610950E+04   0.0000000E+00   0.0000000E+00   0.0000000E+00
   9.7101449E-01   2.7018402E+04   1.2972000E+04   3.9990402E+04   0.0000000E+00   0.0000000E+00   0.0000000E+00
   9.8550725E-01   9.2599880E+03   4.6244224E+03   1.3884410E+04   0.0000000E+00   0.0000000E+00   0.0000000E+00
   1.0000000E+00   0.0000000E+00   0.0000000E+00   0.0000000E+00   0.0000000E+00   0.0000000E+00   0.0000000E+00
