   0.0000000E+00   1.3396785E+06   1.2063168E+06   2.5459953E+06   1.3470515E-02   7.9615564E-07   7.0882324E-03
   1.4492754E-02   1.3518022E+06   1.1608526E+06   2.5126548E+06   1.0680221E-03   1.3079933E-06   5.7512201E-04
   2.8985507E-02   1.3483924E+06   1.2305644E+06   2.5789568E+06   7.3752748E-04   1.2782435E-07   3.8555096E-04
   4.3478261E-02   1.4263130E+06   1.2856266E+06   2.7119396E+06   1.3098698E-03   1.7471240E-07   6.8882998E-04
   5.7971014E-02   1.4563699E+06   1.3690408E+06   2.8256001E+06   2.4354367E-04   1.1561724E-06   1.2606675E-04
   7.2463768E-02   1.4907712E+06   1.4221202E+06   2.9127398E+06   7.0413758E-04   5.9879107E-07   3.6044203E-04
   8.6956522E-02   1.4594009E+06   1.3851427E+06   2.8444172E+06   4.8249995E-04   7.9378852E-07   2.4781230E-04
   1.0144928E-01   1.4110140E+06   1.3301526E+06   2.7410583E+06   2.3427178E-04   2.7290080E-06   1.2184523E-04
   1.1594203E-01   1.3296384E+06   1.2412674E+06   2.5706217E+06   7.0567871E-04   7.5184167E-07   3.6504395E-04
   1.3043478E-01   1.2548961E+06   1.1506653E+06   2.4052246E+06   7.4610797E-04   4.4988437E-07   3.8945305E-04
   1.4492754E-01   1.1725975E+06   1.0586339E+06   2.2310799E+06   4.8662264E-04   1.6142659E-06   2.5596156E-04
   1.5942029E-01   1.1000270E+06   9.6163674E+05   2.0616637E+06   2.2163011E-03   5.1849548E-06   1.1813955E-03
   1.7391304E-01   1.0166932E+06   8.6344095E+05   1.8798816E+06   1.7393392E-03   2.3650266E-06   9.3198920E-04
   1.8840580E-01   9.5906149E+05   7.7883674E+05   1.7376651E+06   1.0016172E-03   7.1565078E-07   5.5265432E-04
   2.0289855E-01   9.0029943E+05   6.9711775E+05   1.5973631E+06   5.5588328E-04   2.6356111E-06   3.2005424E-04
   2.1739130E-01   8.4305783E+05   6.1801004E+05   1.4609668E+06   1.5331977E-03   2.4794234E-06   8.7591206E-04
   2.3188406E-01   7.8027935E+05   5.6020420E+05   1.3403415E+06   8.6086866E-04   3.3726660E-06   5.0242165E-04
   2.4637681E-01   7.4374084E+05   5.0799559E+05   1.2514244E+06   6.9718622E-04   2.7381457E-06   4.1375969E-04
   2.6086957E-01   7.0044337E+05   4.5485249E+05   1.1551696E+06   3.1292910E-04   9.7014301E-07   1.8939867E-04
   2.7536232E-01   6.6756602E+05   4.0275699E+05   1.0702432E+06   2.4075359E-04   2.1102658E-06   1.5020750E-04
   2.8985507E-01   6.4343211E+05   3.6738863E+05   1.0107071E+06   7.7006296E-04   1.0795811E-06   4.9007516E-04
   3.0434783E-01   6.0416872E+05   3.2687317E+05   9.3089756E+05   1.4421629E-03   5.0836294E-06   9.3556126E-04
   3.1884058E-01   5.8035741E+05   2.8869768E+05   8.6895176E+05   6.1988195E-04   1.0116361E-05   4.1106858E-04
   3.3333333E-01   5.4958971E+05   2.6132032E+05   8.1084414E+05   1.3964619E-03   1.1169433E-05   9.4463036E-04
   3.4782609E-01   5.2915278E+05   2.3385648E+05   7.6297770E+05   9.0061370E-04   1.2172963E-05   6.2615417E-04
   3.6231884E-01   5.0486480E+05   2.0507386E+05   7.0987804E+05   1.2303450E-03   2.0233120E-06   8.7451183E-04
   3.7681159E-01   4.8151252E+05   1.8727754E+05   6.6879005E+05   7.4835749E-04   9.0550642E-06   5.4015817E-04
   3.9130435E-01   4.4936592E+05   1.6832980E+05   6.1763959E+05   1.8890746E-03   1.0957085E-05   1.3753977E-03
   4.0579710E-01   4.3239703E+05   1.5108728E+05   5.8345725E+05   1.2651748E-03   4.8420936E-07   9.3948105E-04
   4.2028986E-01   4.1320165E+05   1.3435455E+05   5.4755621E+05   1.0351510E-03   3.9027294E-06   7.8043072E-04
   4.3478261E-01   3.9536174E+05   1.2085900E+05   5.1622074E+05   9.4451619E-04   1.1929798E-06   7.2310535E-04
   4.4927536E-01   3.7287978E+05   1.0769638E+05   4.8052727E+05   6.8565971E-04   1.6226507E-06   5.3181919E-04
   4.6376812E-01   3.5095048E+05   9.8008504E+04   4.4893531E+05   1.0232961E-03   9.1409077E-07   8.0013718E-04
   4.7826087E-01   3.3060281E+05   8.9826240E+04   4.2042905E+05   8.5099534E-04   7.0050248E-07   6.6904365E-04
   4.9275362E-01   3.1192008E+05   7.9183483E+04   3.9110356E+05   6.3298334E-05   5.9967386E-06   4.9648604E-05
   5.0724638E-01   2.8913067E+05   7.0577760E+04   3.5970843E+05   5.2911192E-04   1.3698329E-07   4.2531651E-04
   5.2173913E-01   2.6895443E+05   6.5523175E+04   3.3443550E+05   1.2441560E-03   3.0338456E-06   1.0006709E-03
   5.3623188E-01   2.4874243E+05   5.9246817E+04   3.0796876E+05   1.4025151E-03   3.0242446E-06   1.1328979E-03
   5.5072464E-01   2.3288439E+05   5.2323712E+04   2.8520810E+05   1.2344667E-03   2.0278031E-06   1.0081955E-03
   5.6521739E-01   2.1455606E+05   4.6668808E+04   2.6120544E+05   1.0602528E-03   2.5780131E-05   8.6643553E-04
   5.7971014E-01   2.0047818E+05   4.1732348E+04   2.4219159E+05   1.4886987E-03   1.5414105E-06   1.2321886E-03
   5.9420290E-01   1.8039677E+05   3.8552164E+04   2.1894894E+05   5.7323428E-04   1.1669500E-06   4.7211834E-04
   6.0869565E-01   1.6670207E+05   3.3953820E+04   2.0065589E+05   2.9607955E-04   2.5459285E-06   2.4603503E-04
   6.2318841E-01   1.4869261E+05   3.0556172E+04   1.7924878E+05   3.7206933E-04   1.9913410E-07   3.0861377E-04
   6.3768116E-01   1.3244893E+05   2.9293411E+04   1.6174234E+05   8.9771764E-04   6.3805185E-07   7.3523473E-04
   6.5217391E-01   1.2172619E+05   2.5409437E+04   1.4713563E+05   1.8741597E-03   4.0874218E-06   1.5502218E-03
   6.6666667E-01   1.1212856E+05   2.2732101E+04   1.3484418E+05   1.5163070E-03   2.0286314E-06   1.2609124E-03
   6.8115942E-01   1.0134325E+05   2.1942120E+04   1.2328537E+05   7.2863538E-04   1.5891315E-06   5.9867367E-04
   6.9565217E-01   8.9807583E+04   1.8738197E+04   1.0854578E+05   9.8930842E-04   1.3423767E-06   8.1875432E-04
   7.1014493E-01   8.2314946E+04   1.7938256E+04   1.0025320E+05   2.3054272E-03   7.8467146E-07   1.8930499E-03
   7.2463768E-01   7.3227673E+04   1.5366900E+04   8.8594573E+04   3.0315886E-04   2.0723148E-07   2.5058092E-04
   7.3913043E-01   6.5848804E+04   1.4084988E+04   7.9933791E+04   2.0959108E-03   2.7370544E-06   1.7270339E-03
   7.5362319E-01   5.8608018E+04   1.2823236E+04   7.1431254E+04   9.0578074E-04   2.0442607E-06   7.4352402E-04
   7.6811594E-01   5.3484772E+04   1.1651989E+04   6.5136761E+04   1.4332364E-03   7.5904576E-07   1.1769308E-03
   7.8260870E-01   4.6151777E+04   1.0720571E+04   5.6872348E+04   8.0738958E-04   1.5816407E-06   6.5524869E-04
   7.9710145E-01   4.1344869E+04   8.9412929E+03   5.0286162E+04   3.0204696E-03   2.9112359E-06   2.4838105E-03
   8.1159420E-01   3.8820474E+04   8.8222200E+03   4.7642694E+04   4.0893930E-03   1.2826646E-06   3.3323781E-03
   8.2608696E-01   3.3167597E+04   7.3513752E+03   4.0518972E+04   2.5908541E-03   4.5535023E-06   2.1216122E-03
   8.4057971E-01   2.8506577E+04   6.7151148E+03   3.5221691E+04   1.9817491E-03   1.1315640E-06   1.6039861E-03
   8.5507246E-01   2.5904320E+04   5.9463065E+03   3.1850627E+04   2.7406569E-03   6.9208284E-07   2.2289715E-03
   8.6956522E-01   2.3022566E+04   4.9758042E+03   2.7998370E+04   5.5839809E-04   8.0352616E-07   4.5902827E-04
   8.8405797E-01   1.9738420E+04   4.8818118E+03   2.4620231E+04   3.8679305E-03   1.1719159E-06   3.1010350E-03
   8.9855072E-01   1.7354614E+04   4.7297435E+03   2.2084358E+04   1.8475176E-03   2.7636825E-06   1.4523934E-03
   9.1304348E-01   1.5238927E+04   3.7044905E+03   1.8943417E+04   1.9804429E-03   1.2988460E-06   1.5932040E-03
   9.2753623E-01   1.2786807E+04   3.1730224E+03   1.5959829E+04   4.5969751E-03   1.5303529E-06   3.6829663E-03
   9.4202899E-01   1.0246931E+04   2.3081825E+03   1.2555114E+04   2.9441388E-03   1.2010306E-05   2.4028666E-03
   9.5652174E-01   8.6106441E+03   2.0435929E+03   1.0654237E+04   4.2042345E-03   9.9081763E-07   3.3979826E-03
   9.7101449E-01   5.4511803E+03   1.4815449E+03   6.9327252E+03   7.4446337E-03   2.4742465E-07   5.8537216E-03
   9.8550725E-01   3.1089490E+03   8.3573899E+02   3.9446880E+03   2.5718826E-03   9.7999887E-07   2.0271073E-03
   1.0000000E+00   1.0942046E+02   0.0000000E+00   1.0942046E+02   4.2687669E-02   0.0000000E+00   4.2687669E-02
