   0.0000000E+00   3.6371361E+05   1.1517598E+05   4.7888958E+05   0.0000000E+00   0.0000000E+00   0.0000000E+00
   1.4492754E-02   2.9703278E+05   1.3487713E+05   4.3190991E+05   0.0000000E+00   0.0000000E+00   0.0000000E+00
   2.8985507E-02   2.9741165E+05   1.5116847E+05   4.4858012E+05   0.0000000E+00   0.0000000E+00   0.0000000E+00
   4.3478261E-02   2.9652762E+05   1.4194934E+05   4.3847696E+05   0.0000000E+00   0.0000000E+00   0.0000000E+00
   5.7971014E-02   2.9021315E+05   1.4434884E+05   4.3456199E+05   0.0000000E+00   0.0000000E+00   0.0000000E+00
   7.2463768E-02   2.9278945E+05   1.5078960E+05   4.4357905E+05   0.0000000E+00   0.0000000E+00   0.0000000E+00
   8.6956522E-02   3.0284209E+05   1.5798810E+05   4.6083019E+05   0.0000000E+00   0.0000000E+00   0.0000000E+00
   1.0144928E-01   3.1142978E+05   1.5371230E+05   4.6514208E+05   0.0000000E+00   0.0000000E+00   0.0000000E+00
   1.1594203E-01   3.0754638E+05   1.5505187E+05   4.6250353E+05   0.0000000E+00   0.0000000E+00   0.0000000E+00
   1.3043478E-01   3.1058785E+05   1.6064018E+05   4.7122802E+05   0.0000000E+00   0.0000000E+00   0.0000000E+00
   1.4492754E-01   3.0665604E+05   1.5594221E+05   4.6252247E+05   0.0000000E+00   0.0000000E+00   0.0000000E+00
   1.5942029E-01   3.2010931E+05   1.6174234E+05   4.8185165E+05   0.0000000E+00   0.0000000E+00   0.0000000E+00
   1.7391304E-01   3.2860514E+05   1.6202936E+05   4.9057136E+05   0.0000000E+00   0.0000000E+00   0.0000000E+00
   1.8840580E-01   3.2821656E+05   1.6442886E+05   4.9258713E+05   0.0000000E+00   0.0000000E+00   0.0000000E+00
   2.0289855E-01   3.3042732E+05   1.6296751E+05   4.9339483E+05   0.0000000E+00   0.0000000E+00   0.0000000E+00
   2.1739130E-01   3.3279795E+05   1.7013714E+05   5.0293510E+05   0.0000000E+00   0.0000000E+00   0.0000000E+00
   2.3188406E-01   3.4008170E+05   1.7139057E+05   5.1147226E+05   0.0000000E+00   0.0000000E+00   0.0000000E+00
   2.4637681E-01   3.3037319E+05   1.7120392E+05   5.0157711E+05   0.0000000E+00   0.0000000E+00   0.0000000E+00
   2.6086957E-01   3.3912926E+05   1.7099591E+05   5.1012517E+05   0.0000000E+00   0.0000000E+00   0.0000000E+00
   2.7536232E-01   3.4772138E+05   1.7356158E+05   5.2124308E+05   0.0000000E+00   0.0000000E+00   0.0000000E+00
   2.8985507E-01   3.4412612E+05   1.7196834E+05   5.1605657E+05   0.0000000E+00   0.0000000E+00   0.0000000E+00
   3.0434783E-01   3.5036301E+05   1.7027426E+05   5.2060118E+05   0.0000000E+00   0.0000000E+00   0.0000000E+00
   3.1884058E-01   3.5293308E+05   1.7779258E+05   5.3069122E+05   0.0000000E+00   0.0000000E+00   0.0000000E+00
   3.3333333E-01   3.5158982E+05   1.7546546E+05   5.2692350E+05   0.0000000E+00   0.0000000E+00   0.0000000E+00
   3.4782609E-01   3.5250542E+05   1.8072020E+05   5.3319405E+05   0.0000000E+00   0.0000000E+00   0.0000000E+00
   3.6231884E-01   3.5713645E+05   1.8034133E+05   5.3747778E+05   0.0000000E+00   0.0000000E+00   0.0000000E+00
   3.7681159E-01   3.5631110E+05   1.7865100E+05   5.3490381E+05   0.0000000E+00   0.0000000E+00   0.0000000E+00
   3.9130435E-01   3.6160878E+05   1.8065004E+05   5.4220269E+05   0.0000000E+00   0.0000000E+00   0.0000000E+00
   4.0579710E-01   3.5402540E+05   1.8283104E+05   5.3682938E+05   0.0000000E+00   0.0000000E+00   0.0000000E+00
   4.2028986E-01   3.6379199E+05   1.8138648E+05   5.4507396E+05   0.0000000E+00   0.0000000E+00   0.0000000E+00
   4.3478261E-01   3.5888935E+05   1.8162948E+05   5.4046832E+05   0.0000000E+00   0.0000000E+00   0.0000000E+00
   4.4927536E-01   3.6224702E+05   1.7914362E+05   5.4131731E+05   0.0000000E+00   0.0000000E+00   0.0000000E+00
   4.6376812E-01   3.5232388E+05   1.8008086E+05   5.3238106E+05   0.0000000E+00   0.0000000E+00   0.0000000E+00
   4.7826087E-01   3.5333491E+05   1.7597860E+05   5.2929055E+05   0.0000000E+00   0.0000000E+00   0.0000000E+00
   4.9275362E-01   3.4904917E+05   1.8043048E+05   5.2945736E+05   0.0000000E+00   0.0000000E+00   0.0000000E+00
   5.0724638E-01   3.5130838E+05   1.7289386E+05   5.2411564E+05   0.0000000E+00   0.0000000E+00   0.0000000E+00
   5.2173913E-01   3.3881354E+05   1.7135373E+05   5.1012517E+05   0.0000000E+00   0.0000000E+00   0.0000000E+00
   5.3623188E-01   3.3491961E+05   1.6823802E+05   5.0309620E+05   0.0000000E+00   0.0000000E+00   0.0000000E+00
   5.5072464E-01   3.2843897E+05   1.6434910E+05   4.9276813E+05   0.0000000E+00   0.0000000E+00   0.0000000E+00
   5.6521739E-01   3.2588506E+05   1.6100933E+05   4.8687496E+05   0.0000000E+00   0.0000000E+00   0.0000000E+00
   5.7971014E-01   3.1857145E+05   1.5770395E+05   4.7625645E+05   0.0000000E+00   0.0000000E+00   0.0000000E+00
   5.9420290E-01   3.0549725E+05   1.5664820E+05   4.6212697E+05   0.0000000E+00   0.0000000E+00   0.0000000E+00
   6.0869565E-01   2.9389359E+05   1.5017619E+05   4.4399761E+05   0.0000000E+00   0.0000000E+00   0.0000000E+00
   6.2318841E-01   2.8880341E+05   1.4472771E+05   4.3353111E+05   0.0000000E+00   0.0000000E+00   0.0000000E+00
   6.3768116E-01   2.7194136E+05   1.3654759E+05   4.0847174E+05   0.0000000E+00   0.0000000E+00   0.0000000E+00
   6.5217391E-01   2.6067826E+05   1.3214928E+05   3.9277702E+05   0.0000000E+00   0.0000000E+00   0.0000000E+00
   6.6666667E-01   2.4689038E+05   1.2519128E+05   3.7208166E+05   0.0000000E+00   0.0000000E+00   0.0000000E+00
   6.8115942E-01   2.4020253E+05   1.2123787E+05   3.6140815E+05   0.0000000E+00   0.0000000E+00   0.0000000E+00
   6.9565217E-01   2.2818925E+05   1.1695981E+05   3.4511749E+05   0.0000000E+00   0.0000000E+00   0.0000000E+00
   7.1014493E-01   2.2008385E+05   1.0993368E+05   3.3000206E+05   0.0000000E+00   0.0000000E+00   0.0000000E+00
   7.2463768E-01   2.1089327E+05   1.0571942E+05   3.1653692E+05   0.0000000E+00   0.0000000E+00   0.0000000E+00
   7.3913043E-01   2.0029506E+05   1.0168529E+05   3.0196550E+05   0.0000000E+00   0.0000000E+00   0.0000000E+00
   7.5362319E-01   1.8806442E+05   9.3085037E+04   2.8112031E+05   0.0000000E+00   0.0000000E+00   0.0000000E+00
   7.6811594E-01   1.7130568E+05   8.6667920E+04   2.5790211E+05   0.0000000E+00   0.0000000E+00   0.0000000E+00
   7.8260870E-01   1.6339048E+05   8.1597015E+04   2.4491733E+05   0.0000000E+00   0.0000000E+00   0.0000000E+00
   7.9710145E-01   1.5213975E+05   7.6600290E+04   2.2872626E+05   0.0000000E+00   0.0000000E+00   0.0000000E+00
   8.1159420E-01   1.3954533E+05   7.2390915E+04   2.1190918E+05   0.0000000E+00   0.0000000E+00   0.0000000E+00
   8.2608696E-01   1.3006484E+05   6.5497695E+04   1.9554924E+05   0.0000000E+00   0.0000000E+00   0.0000000E+00
   8.4057971E-01   1.1846821E+05   5.9861198E+04   1.7832941E+05   0.0000000E+00   0.0000000E+00   0.0000000E+00
   8.5507246E-01   1.1123318E+05   5.3889206E+04   1.6510954E+05   0.0000000E+00   0.0000000E+00   0.0000000E+00
   8.6956522E-01   9.8682574E+04   4.9429690E+04   1.4809963E+05   0.0000000E+00   0.0000000E+00   0.0000000E+00
   8.8405797E-01   8.9723477E+04   4.5240607E+04   1.3493924E+05   0.0000000E+00   0.0000000E+00   0.0000000E+00
   8.9855072E-01   7.9660124E+04   3.9683403E+04   1.1934353E+05   0.0000000E+00   0.0000000E+00   0.0000000E+00
   9.1304348E-01   6.8954038E+04   3.5481321E+04   1.0443536E+05   0.0000000E+00   0.0000000E+00   0.0000000E+00
   9.2753623E-01   6.0808369E+04   3.0037156E+04   9.0845525E+04   0.0000000E+00   0.0000000E+00   0.0000000E+00
   9.4202899E-01   4.8530120E+04   2.3559782E+04   7.2089902E+04   0.0000000E+00   0.0000000E+00   0.0000000E+00
   9.5652174E-01   3.9138248E+04   1.9838924E+04   5.8977172E+04   0.0000000E+00   0.0000000E+00   0.0000000E+00
   9.7101449E-01   2.7199354E+04   1.2983309E+04   4.0182663E+04   0.0000000E+00   0.0000000E+00   0.0000000E+00
   9.8550725E-01   9.5831404E+03   4.5575633E+03   1.4140704E+04   0.0000000E+00   0.0000000E+00   0.0000000E+00
   1.0000000E+00   0.0000000E+00   0.0000000E+00   0.0000000E+00   0.0000000E+00   0.0000000E+00   0.0000000E+00
