   0.0000000E+00   4.1827065E+05   1.2123787E+05   5.3950852E+05   0.0000000E+00   0.0000000E+00   0.0000000E+00
   1.4492754E-02   2.9400183E+05   1.5078960E+05   4.4479143E+05   0.0000000E+00   0.0000000E+00   0.0000000E+00
   2.8985507E-02   2.8793994E+05   1.4359110E+05   4.3153104E+05   0.0000000E+00   0.0000000E+00   0.0000000E+00
   4.3478261E-02   2.9324410E+05   1.5104218E+05   4.4428628E+05   0.0000000E+00   0.0000000E+00   0.0000000E+00
   5.7971014E-02   2.9873769E+05   1.5116847E+05   4.4990616E+05   0.0000000E+00   0.0000000E+00   0.0000000E+00
   7.2463768E-02   3.0264003E+05   1.5503293E+05   4.5767296E+05   0.0000000E+00   0.0000000E+00   0.0000000E+00
   8.6956522E-02   3.0423128E+05   1.6177678E+05   4.6600806E+05   0.0000000E+00   0.0000000E+00   0.0000000E+00
   1.0144928E-01   3.0645036E+05   1.5284631E+05   4.5929668E+05   0.0000000E+00   0.0000000E+00   0.0000000E+00
   1.1594203E-01   3.0517845E+05   1.5088432E+05   4.5606277E+05   0.0000000E+00   0.0000000E+00   0.0000000E+00
   1.3043478E-01   3.1286106E+05   1.4868478E+05   4.6146164E+05   0.0000000E+00   0.0000000E+00   0.0000000E+00
   1.4492754E-01   3.1514269E+05   1.5450251E+05   4.6964520E+05   0.0000000E+00   0.0000000E+00   0.0000000E+00
   1.5942029E-01   3.1694059E+05   1.6188011E+05   4.7882070E+05   0.0000000E+00   0.0000000E+00   0.0000000E+00
   1.7391304E-01   3.3252011E+05   1.5855640E+05   4.9107652E+05   0.0000000E+00   0.0000000E+00   0.0000000E+00
   1.8840580E-01   3.2227124E+05   1.6361284E+05   4.8588408E+05   0.0000000E+00   0.0000000E+00   0.0000000E+00
   2.0289855E-01   3.2977783E+05   1.6681032E+05   4.9658815E+05   0.0000000E+00   0.0000000E+00   0.0000000E+00
   2.1739130E-01   3.3360620E+05   1.6377216E+05   4.9732784E+05   0.0000000E+00   0.0000000E+00   0.0000000E+00
   2.3188406E-01   3.2923659E+05   1.6684415E+05   4.9603338E+05   0.0000000E+00   0.0000000E+00   0.0000000E+00
   2.4637681E-01   3.4307643E+05   1.7080276E+05   5.1387919E+05   0.0000000E+00   0.0000000E+00   0.0000000E+00
   2.6086957E-01   3.4047635E+05   1.7697361E+05   5.1744996E+05   0.0000000E+00   0.0000000E+00   0.0000000E+00
   2.7536232E-01   3.5302553E+05   1.7308301E+05   5.2606866E+05   0.0000000E+00   0.0000000E+00   0.0000000E+00
   2.8985507E-01   3.4867254E+05   1.7386268E+05   5.2245944E+05   0.0000000E+00   0.0000000E+00   0.0000000E+00
   3.0434783E-01   3.4989393E+05   1.7142890E+05   5.2128676E+05   0.0000000E+00   0.0000000E+00   0.0000000E+00
   3.1884058E-01   3.5286420E+05   1.7596712E+05   5.2883132E+05   0.0000000E+00   0.0000000E+00   0.0000000E+00
   3.3333333E-01   3.5656453E+05   1.7800223E+05   5.3456676E+05   0.0000000E+00   0.0000000E+00   0.0000000E+00
   3.4782609E-01   3.5907247E+05   1.7844699E+05   5.3751946E+05   0.0000000E+00   0.0000000E+00   0.0000000E+00
   3.6231884E-01   3.5825790E+05   1.8097783E+05   5.3923573E+05   0.0000000E+00   0.0000000E+00   0.0000000E+00
   3.7681159E-01   3.5476649E+05   1.8045791E+05   5.3519525E+05   0.0000000E+00   0.0000000E+00   0.0000000E+00
   3.9130435E-01   3.6006525E+05   1.8239003E+05   5.4239914E+05   0.0000000E+00   0.0000000E+00   0.0000000E+00
   4.0579710E-01   3.6073679E+05   1.7869055E+05   5.3940027E+05   0.0000000E+00   0.0000000E+00   0.0000000E+00
   4.2028986E-01   3.5893203E+05   1.8365969E+05   5.4256559E+05   0.0000000E+00   0.0000000E+00   0.0000000E+00
   4.3478261E-01   3.6560795E+05   1.7738616E+05   5.4296885E+05   0.0000000E+00   0.0000000E+00   0.0000000E+00
   4.4927536E-01   3.5606291E+05   1.7987691E+05   5.3591538E+05   0.0000000E+00   0.0000000E+00   0.0000000E+00
   4.6376812E-01   3.6077738E+05   1.7866010E+05   5.3936644E+05   0.0000000E+00   0.0000000E+00   0.0000000E+00
   4.7826087E-01   3.5730729E+05   1.7903251E+05   5.3629388E+05   0.0000000E+00   0.0000000E+00   0.0000000E+00
   4.9275362E-01   3.5123324E+05   1.7167193E+05   5.2281603E+05   0.0000000E+00   0.0000000E+00   0.0000000E+00
   5.0724638E-01   3.4654546E+05   1.7345675E+05   5.1993726E+05   0.0000000E+00   0.0000000E+00   0.0000000E+00
   5.2173913E-01   3.4369673E+05   1.6979616E+05   5.1345080E+05   0.0000000E+00   0.0000000E+00   0.0000000E+00
   5.3623188E-01   3.3301503E+05   1.6791035E+05   5.0084347E+05   0.0000000E+00   0.0000000E+00   0.0000000E+00
   5.5072464E-01   3.2967528E+05   1.6614374E+05   4.9577914E+05   0.0000000E+00   0.0000000E+00   0.0000000E+00
   5.6521739E-01   3.1564590E+05   1.5784238E+05   4.7342999E+05   0.0000000E+00   0.0000000E+00   0.0000000E+00
   5.7971014E-01   3.1241483E+05   1.5757134E+05   4.6994829E+05   0.0000000E+00   0.0000000E+00   0.0000000E+00
   5.9420290E-01   3.0473952E+05   1.5426410E+05   4.5891121E+05   0.0000000E+00   0.0000000E+00   0.0000000E+00
   6.0869565E-01   2.9903537E+05   1.4752412E+05   4.4652340E+05   0.0000000E+00   0.0000000E+00   0.0000000E+00
   6.2318841E-01   2.8598392E+05   1.4596123E+05   4.3189229E+05   0.0000000E+00   0.0000000E+00   0.0000000E+00
   6.3768116E-01   2.7364627E+05   1.3611706E+05   4.0971167E+05   0.0000000E+00   0.0000000E+00   0.0000000E+00
   6.5217391E-01   2.5759680E+05   1.3166096E+05   3.8915672E+05   0.0000000E+00   0.0000000E+00   0.0000000E+00
   6.6666667E-01   2.5074495E+05   1.2683853E+05   3.7758348E+05   0.0000000E+00   0.0000000E+00   0.0000000E+00
   6.8115942E-01   2.3913847E+05   1.2188275E+05   3.6098898E+05   0.0000000E+00   0.0000000E+00   0.0000000E+00
   6.9565217E-01   2.3073082E+05   1.1563378E+05   3.4634881E+05   0.0000000E+00   0.0000000E+00   0.0000000E+00
   7.1014493E-01   2.2065602E+05   1.1106255E+05   3.3165671E+05   0.0000000E+00   0.0000000E+00   0.0000000E+00
   7.2463768E-01   2.1010523E+05   1.0574973E+05   3.1580950E+05   0.0000000E+00   0.0000000E+00   0.0000000E+00
   7.3913043E-01   1.9958190E+05   1.0120985E+05   3.0077689E+05   0.0000000E+00   0.0000000E+00   0.0000000E+00
   7.5362319E-01   1.8848700E+05   9.1919289E+04   2.8036257E+05   0.0000000E+00   0.0000000E+00   0.0000000E+00
   7.6811594E-01   1.7559475E+05   8.6896671E+04   2.6244853E+05   0.0000000E+00   0.0000000E+00   0.0000000E+00
   7.8260870E-01   1.6219775E+05   8.0642828E+04   2.4282654E+05   0.0000000E+00   0.0000000E+00   0.0000000E+00
   7.9710145E-01   1.5197442E+05   7.5828777E+04   2.2778942E+05   0.0000000E+00   0.0000000E+00   0.0000000E+00
   8.1159420E-01   1.3859816E+05   7.0848380E+04   2.0941948E+05   0.0000000E+00   0.0000000E+00   0.0000000E+00
   8.2608696E-01   1.3126126E+05   6.4061984E+04   1.9529666E+05   0.0000000E+00   0.0000000E+00   0.0000000E+00
   8.4057971E-01   1.1934353E+05   6.0227002E+04   1.7957053E+05   0.0000000E+00   0.0000000E+00   0.0000000E+00
   8.5507246E-01   1.0844625E+05   5.4698314E+04   1.6314456E+05   0.0000000E+00   0.0000000E+00   0.0000000E+00
   8.6956522E-01   1.0075372E+05   4.9631753E+04   1.5038547E+05   0.0000000E+00   0.0000000E+00   0.0000000E+00
   8.8405797E-01   8.9015428E+04   4.6371001E+04   1.3537401E+05   0.0000000E+00   0.0000000E+00   0.0000000E+00
   8.9855072E-01   7.9464579E+04   4.0270038E+04   1.1973462E+05   0.0000000E+00   0.0000000E+00   0.0000000E+00
   9.1304348E-01   7.1022780E+04   3.4446950E+04   1.0546973E+05   0.0000000E+00   0.0000000E+00   0.0000000E+00
   9.2753623E-01   5.7481431E+04   2.9741165E+04   8.7210756E+04   0.0000000E+00   0.0000000E+00   0.0000000E+00
   9.4202899E-01   4.9847416E+04   2.4539011E+04   7.4386427E+04   0.0000000E+00   0.0000000E+00   0.0000000E+00
   9.5652174E-01   3.9597482E+04   1.9873367E+04   5.9470849E+04   0.0000000E+00   0.0000000E+00   0.0000000E+00
   9.7101449E-01   2.6860069E+04   1.3639260E+04   4.0499329E+04   0.0000000E+00   0.0000000E+00   0.0000000E+00
   9.8550725E-01   9.2822744E+03   4.3792723E+03   1.3661547E+04   0.0000000E+00   0.0000000E+00   0.0000000E+00
   1.0000000E+00   0.0000000E+00   0.0000000E+00   0.0000000E+00   0.0000000E+00   0.0000000E+00   0.0000000E+00
