   0.0000000E+00   2.8490899E+05   1.7579491E+05   4.6070390E+05   3.7273411E-02   1.9361700E-02   1.9324117E-02
   1.4492754E-02   2.6823879E+05   1.4018129E+05   4.0842007E+05   1.3497592E-02   4.8230444E-03   9.8131766E-03
   2.8985507E-02   2.6293463E+05   1.3677147E+05   3.9970610E+05   1.8256110E-03   2.3195003E-03   7.0703496E-04
   4.3478261E-02   2.2176427E+05   1.2780492E+05   3.4956919E+05   2.9330801E-03   3.0417274E-03   1.8745985E-03
   5.7971014E-02   2.0023192E+05   1.1517598E+05   3.1540789E+05   6.0725644E-03   6.6633067E-04   3.8904385E-03
   7.2463768E-02   1.6609588E+05   8.6230435E+04   2.5232632E+05   4.8022058E-03   3.0937828E-03   4.0386233E-03
   8.6956522E-02   1.3374052E+05   6.8448880E+04   2.0218941E+05   8.5268038E-03   2.9736608E-03   4.6392411E-03
   1.0144928E-01   1.0305219E+05   4.5572449E+04   1.4862464E+05   3.7207847E-03   4.4498707E-03   1.6501052E-03
   1.1594203E-01   4.0349478E+04   1.6670207E+04   5.7019685E+04   1.4409975E-02   2.5927690E-03   1.0551835E-02
   1.3043478E-01   4.2096482E+02   4.2096482E+02   8.4192965E+02   1.5201941E-01   1.3728152E-01   1.4459319E-01
   1.4492754E-01   3.7886834E+02   0.0000000E+00   3.7886834E+02   2.2543221E-01   0.0000000E+00   2.2543221E-01
   1.5942029E-01   1.3777031E+02   1.3777031E+02   2.7554061E+02   1.9388968E-01   1.2087533E-05   9.6938959E-02
   1.7391304E-01   6.3144724E+01   6.3144724E+01   1.2628945E+02   4.2600336E-01   9.0097218E-07   2.1300195E-01
   1.8840580E-01   1.1657487E+02   5.8287437E+01   1.7486231E+02   9.6646997E-06   1.0346843E-05   3.0351258E-06
   2.0289855E-01   1.0824810E+02   5.4124049E+01   1.6237215E+02   1.9292615E-01   3.8996577E-06   1.2861616E-01
   2.1739130E-01   5.0515779E+01   0.0000000E+00   5.0515779E+01   1.1096323E-05   0.0000000E+00   1.1096323E-05
   2.3188406E-01   1.4207563E+02   4.7358543E+01   1.8943417E+02   2.0040690E-01   1.3455173E-05   1.5030808E-01
   2.4637681E-01   0.0000000E+00   0.0000000E+00   0.0000000E+00   0.0000000E+00   0.0000000E+00   0.0000000E+00
   2.6086957E-01   0.0000000E+00   0.0000000E+00   0.0000000E+00   0.0000000E+00   0.0000000E+00   0.0000000E+00
   2.7536232E-01   7.9761756E+01   0.0000000E+00   7.9761756E+01   2.9702642E-04   0.0000000E+00   2.9702642E-04
   2.8985507E-01   0.0000000E+00   3.7886834E+01   3.7886834E+01   0.0000000E+00   2.6324474E-02   2.6324474E-02
   3.0434783E-01   3.6082699E+01   0.0000000E+00   3.6082699E+01   2.1817446E-01   0.0000000E+00   2.1817446E-01
   3.1884058E-01   0.0000000E+00   0.0000000E+00   0.0000000E+00   0.0000000E+00   0.0000000E+00   0.0000000E+00
   3.3333333E-01   3.2945073E+01   3.2945073E+01   6.5890146E+01   1.9707459E-06   1.9294504E-06   5.7062160E-07
   3.4782609E-01   0.0000000E+00   0.0000000E+00   0.0000000E+00   0.0000000E+00   0.0000000E+00   0.0000000E+00
   3.6231884E-01   0.0000000E+00   0.0000000E+00   0.0000000E+00   0.0000000E+00   0.0000000E+00   0.0000000E+00
   3.7681159E-01   2.9143719E+01   0.0000000E+00   2.9143719E+01   4.2375733E-05   0.0000000E+00   4.2375733E-05
   3.9130435E-01   0.0000000E+00   0.0000000E+00   0.0000000E+00   0.0000000E+00   0.0000000E+00   0.0000000E+00
   4.0579710E-01   0.0000000E+00   0.0000000E+00   0.0000000E+00   0.0000000E+00   0.0000000E+00   0.0000000E+00
   4.2028986E-01   0.0000000E+00   0.0000000E+00   0.0000000E+00   0.0000000E+00   0.0000000E+00   0.0000000E+00
   4.3478261E-01   0.0000000E+00   0.0000000E+00   0.0000000E+00   0.0000000E+00   0.0000000E+00   0.0000000E+00
   4.4927536E-01   0.0000000E+00   0.0000000E+00   0.0000000E+00   0.0000000E+00   0.0000000E+00   0.0000000E+00
   4.6376812E-01   0.0000000E+00   0.0000000E+00   0.0000000E+00   0.0000000E+00   0.0000000E+00   0.0000000E+00
   4.7826087E-01   0.0000000E+00   0.0000000E+00   0.0000000E+00   0.0000000E+00   0.0000000E+00   0.0000000E+00
   4.9275362E-01   0.0000000E+00   0.0000000E+00   0.0000000E+00   0.0000000E+00   0.0000000E+00   0.0000000E+00
   5.0724638E-01   0.0000000E+00   0.0000000E+00   0.0000000E+00   0.0000000E+00   0.0000000E+00   0.0000000E+00
   5.2173913E-01   0.0000000E+00   0.0000000E+00   0.0000000E+00   0.0000000E+00   0.0000000E+00   0.0000000E+00
   5.3623188E-01   0.0000000E+00   0.0000000E+00   0.0000000E+00   0.0000000E+00   0.0000000E+00   0.0000000E+00
   5.5072464E-01   0.0000000E+00   0.0000000E+00   0.0000000E+00   0.0000000E+00   0.0000000E+00   0.0000000E+00
   5.6521739E-01   1.9429146E+01   0.0000000E+00   1.9429146E+01   1.0910288E-05   0.0000000E+00   1.0910288E-05
   5.7971014E-01   0.0000000E+00   0.0000000E+00   0.0000000E+00   0.0000000E+00   0.0000000E+00   0.0000000E+00
   5.9420290E-01   0.0000000E+00   0.0000000E+00   0.0000000E+00   0.0000000E+00   0.0000000E+00   0.0000000E+00
   6.0869565E-01   0.0000000E+00   0.0000000E+00   0.0000000E+00   0.0000000E+00   0.0000000E+00   0.0000000E+00
   6.2318841E-01   0.0000000E+00   0.0000000E+00   0.0000000E+00   0.0000000E+00   0.0000000E+00   0.0000000E+00
   6.3768116E-01   0.0000000E+00   0.0000000E+00   0.0000000E+00   0.0000000E+00   0.0000000E+00   0.0000000E+00
   6.5217391E-01   0.0000000E+00   0.0000000E+00   0.0000000E+00   0.0000000E+00   0.0000000E+00   0.0000000E+00
   6.6666667E-01   0.0000000E+00   0.0000000E+00   0.0000000E+00   0.0000000E+00   0.0000000E+00   0.0000000E+00
   6.8115942E-01   0.0000000E+00   0.0000000E+00   0.0000000E+00   0.0000000E+00   0.0000000E+00   0.0000000E+00
   6.9565217E-01   0.0000000E+00   0.0000000E+00   0.0000000E+00   0.0000000E+00   0.0000000E+00   0.0000000E+00
   7.1014493E-01   0.0000000E+00   0.0000000E+00   0.0000000E+00   0.0000000E+00   0.0000000E+00   0.0000000E+00
   7.2463768E-01   0.0000000E+00   0.0000000E+00   0.0000000E+00   0.0000000E+00   0.0000000E+00   0.0000000E+00
   7.3913043E-01   0.0000000E+00   0.0000000E+00   0.0000000E+00   0.0000000E+00   0.0000000E+00   0.0000000E+00
   7.5362319E-01   0.0000000E+00   0.0000000E+00   0.0000000E+00   0.0000000E+00   0.0000000E+00   0.0000000E+00
   7.6811594E-01   0.0000000E+00   0.0000000E+00   0.0000000E+00   0.0000000E+00   0.0000000E+00   0.0000000E+00
   7.8260870E-01   0.0000000E+00   0.0000000E+00   0.0000000E+00   0.0000000E+00   0.0000000E+00   0.0000000E+00
   7.9710145E-01   0.0000000E+00   0.0000000E+00   0.0000000E+00   0.0000000E+00   0.0000000E+00   0.0000000E+00
   8.1159420E-01   0.0000000E+00   0.0000000E+00   0.0000000E+00   0.0000000E+00   0.0000000E+00   0.0000000E+00
   8.2608696E-01   0.0000000E+00   0.0000000E+00   0.0000000E+00   0.0000000E+00   0.0000000E+00   0.0000000E+00
   8.4057971E-01   0.0000000E+00   0.0000000E+00   0.0000000E+00   0.0000000E+00   0.0000000E+00   0.0000000E+00
   8.5507246E-01   0.0000000E+00   0.0000000E+00   0.0000000E+00   0.0000000E+00   0.0000000E+00   0.0000000E+00
   8.6956522E-01   0.0000000E+00   0.0000000E+00   0.0000000E+00   0.0000000E+00   0.0000000E+00   0.0000000E+00
   8.8405797E-01   0.0000000E+00   0.0000000E+00   0.0000000E+00   0.0000000E+00   0.0000000E+00   0.0000000E+00
   8.9855072E-01   0.0000000E+00   0.0000000E+00   0.0000000E+00   0.0000000E+00   0.0000000E+00   0.0000000E+00
   9.1304348E-01   0.0000000E+00   0.0000000E+00   0.0000000E+00   0.0000000E+00   0.0000000E+00   0.0000000E+00
   9.2753623E-01   0.0000000E+00   0.0000000E+00   0.0000000E+00   0.0000000E+00   0.0000000E+00   0.0000000E+00
   9.4202899E-01   0.0000000E+00   0.0000000E+00   0.0000000E+00   0.0000000E+00   0.0000000E+00   0.0000000E+00
   9.5652174E-01   0.0000000E+00   0.0000000E+00   0.0000000E+00   0.0000000E+00   0.0000000E+00   0.0000000E+00
   9.7101449E-01   0.0000000E+00   0.0000000E+00   0.0000000E+00   0.0000000E+00   0.0000000E+00   0.0000000E+00
   9.8550725E-01   0.0000000E+00   0.0000000E+00   0.0000000E+00   0.0000000E+00   0.0000000E+00   0.0000000E+00
   1.0000000E+00   0.0000000E+00   0.0000000E+00   0.0000000E+00   0.0000000E+00   0.0000000E+00   0.0000000E+00
