   0.0000000E+00   3.5158982E+05   1.7579491E+05   5.2738473E+05   0.0000000E+00   0.0000000E+00   0.0000000E+00
   1.4492754E-02   2.7808936E+05   1.4700092E+05   4.2509028E+05   0.0000000E+00   0.0000000E+00   0.0000000E+00
   2.8985507E-02   2.9475957E+05   1.3639260E+05   4.3115217E+05   0.0000000E+00   0.0000000E+00   0.0000000E+00
   4.3478261E-02   3.0966172E+05   1.4523286E+05   4.5489459E+05   0.0000000E+00   0.0000000E+00   0.0000000E+00
   5.7971014E-02   3.0290524E+05   1.5741980E+05   4.6032504E+05   0.0000000E+00   0.0000000E+00   0.0000000E+00
   7.2463768E-02   2.9203172E+05   1.4851639E+05   4.4054811E+05   0.0000000E+00   0.0000000E+00   0.0000000E+00
   8.6956522E-02   2.9652762E+05   1.5091589E+05   4.4744351E+05   0.0000000E+00   0.0000000E+00   0.0000000E+00
   1.0144928E-01   3.0590912E+05   1.4786690E+05   4.5377603E+05   0.0000000E+00   0.0000000E+00   0.0000000E+00
   1.1594203E-01   3.0726223E+05   1.5912470E+05   4.6638693E+05   0.0000000E+00   0.0000000E+00   0.0000000E+00
   1.3043478E-01   3.1462911E+05   1.5449409E+05   4.6912320E+05   0.0000000E+00   0.0000000E+00   0.0000000E+00
   1.4492754E-01   3.0824728E+05   1.5821542E+05   4.6646270E+05   0.0000000E+00   0.0000000E+00   0.0000000E+00
   1.5942029E-01   3.2734225E+05   1.5547379E+05   4.8281604E+05   0.0000000E+00   0.0000000E+00   0.0000000E+00
   1.7391304E-01   3.2740539E+05   1.6600748E+05   4.9341287E+05   0.0000000E+00   0.0000000E+00   0.0000000E+00
   1.8840580E-01   3.2489418E+05   1.6052360E+05   4.8541778E+05   0.0000000E+00   0.0000000E+00   0.0000000E+00
   2.0289855E-01   3.2604327E+05   1.6751393E+05   4.9355720E+05   0.0000000E+00   0.0000000E+00   0.0000000E+00
   2.1739130E-01   3.2754431E+05   1.6468144E+05   4.9217523E+05   0.0000000E+00   0.0000000E+00   0.0000000E+00
   2.3188406E-01   3.3340414E+05   1.7091698E+05   5.0432112E+05   0.0000000E+00   0.0000000E+00   0.0000000E+00
   2.4637681E-01   3.3915403E+05   1.7093648E+05   5.1009051E+05   0.0000000E+00   0.0000000E+00   0.0000000E+00
   2.6086957E-01   3.4312843E+05   1.6952253E+05   5.1265096E+05   0.0000000E+00   0.0000000E+00   0.0000000E+00
   2.7536232E-01   3.4596662E+05   1.7360146E+05   5.1948832E+05   0.0000000E+00   0.0000000E+00   0.0000000E+00
   2.8985507E-01   3.4844521E+05   1.7249876E+05   5.2090608E+05   0.0000000E+00   0.0000000E+00   0.0000000E+00
   3.0434783E-01   3.5047126E+05   1.7121241E+05   5.2161150E+05   0.0000000E+00   0.0000000E+00   0.0000000E+00
   3.1884058E-01   3.5344972E+05   1.7665598E+05   5.3007125E+05   0.0000000E+00   0.0000000E+00   0.0000000E+00
   3.3333333E-01   3.5086503E+05   1.7530073E+05   5.2609987E+05   0.0000000E+00   0.0000000E+00   0.0000000E+00
   3.4782609E-01   3.5174768E+05   1.7879429E+05   5.3054197E+05   0.0000000E+00   0.0000000E+00   0.0000000E+00
   3.6231884E-01   3.5916719E+05   1.8034133E+05   5.3950852E+05   0.0000000E+00   0.0000000E+00   0.0000000E+00
   3.7681159E-01   3.5890489E+05   1.8302255E+05   5.4184002E+05   0.0000000E+00   0.0000000E+00   0.0000000E+00
   3.9130435E-01   3.5591173E+05   1.8463517E+05   5.4051883E+05   0.0000000E+00   0.0000000E+00   0.0000000E+00
   4.0579710E-01   3.6663631E+05   1.8407589E+05   5.5065807E+05   0.0000000E+00   0.0000000E+00   0.0000000E+00
   4.2028986E-01   3.5577044E+05   1.8049810E+05   5.3621628E+05   0.0000000E+00   0.0000000E+00   0.0000000E+00
   4.3478261E-01   3.5590892E+05   1.8190732E+05   5.3779098E+05   0.0000000E+00   0.0000000E+00   0.0000000E+00
   4.4927536E-01   3.6019380E+05   1.8075686E+05   5.4090178E+05   0.0000000E+00   0.0000000E+00   0.0000000E+00
   4.6376812E-01   3.5893040E+05   1.7929944E+05   5.3815880E+05   0.0000000E+00   0.0000000E+00   0.0000000E+00
   4.7826087E-01   3.5535554E+05   1.7669042E+05   5.3200004E+05   0.0000000E+00   0.0000000E+00   0.0000000E+00
   4.9275362E-01   3.4673139E+05   1.7746639E+05   5.2410864E+05   0.0000000E+00   0.0000000E+00   0.0000000E+00
   5.0724638E-01   3.4780114E+05   1.7765678E+05   5.2543627E+05   0.0000000E+00   0.0000000E+00   0.0000000E+00
   5.2173913E-01   3.4683292E+05   1.7404791E+05   5.2088083E+05   0.0000000E+00   0.0000000E+00   0.0000000E+00
   5.3623188E-01   3.3407996E+05   1.7221102E+05   5.0614763E+05   0.0000000E+00   0.0000000E+00   0.0000000E+00
   5.5072464E-01   3.2347380E+05   1.6379077E+05   4.8724463E+05   0.0000000E+00   0.0000000E+00   0.0000000E+00
   5.6521739E-01   3.1840484E+05   1.6011559E+05   4.7846214E+05   0.0000000E+00   0.0000000E+00   0.0000000E+00
   5.7971014E-01   3.1624141E+05   1.6298916E+05   4.7921162E+05   0.0000000E+00   0.0000000E+00   0.0000000E+00
   5.9420290E-01   3.0682791E+05   1.5243444E+05   4.5924387E+05   0.0000000E+00   0.0000000E+00   0.0000000E+00
   6.0869565E-01   2.9914362E+05   1.4640555E+05   4.4554917E+05   0.0000000E+00   0.0000000E+00   0.0000000E+00
   6.2318841E-01   2.8739366E+05   1.4282455E+05   4.3018298E+05   0.0000000E+00   0.0000000E+00   0.0000000E+00
   6.3768116E-01   2.7256133E+05   1.4052571E+05   4.1301816E+05   0.0000000E+00   0.0000000E+00   0.0000000E+00
   6.5217391E-01   2.6125077E+05   1.3044858E+05   3.9161516E+05   0.0000000E+00   0.0000000E+00   0.0000000E+00
   6.6666667E-01   2.5038256E+05   1.2642672E+05   3.7680927E+05   0.0000000E+00   0.0000000E+00   0.0000000E+00
   6.8115942E-01   2.4173412E+05   1.1962566E+05   3.6135979E+05   0.0000000E+00   0.0000000E+00   0.0000000E+00
   6.9565217E-01   2.3011516E+05   1.1362893E+05   3.4369673E+05   0.0000000E+00   0.0000000E+00   0.0000000E+00
   7.1014493E-01   2.2548079E+05   1.1123265E+05   3.3666705E+05   0.0000000E+00   0.0000000E+00   0.0000000E+00
   7.2463768E-01   2.0896862E+05   1.0659840E+05   3.1555186E+05   0.0000000E+00   0.0000000E+00   0.0000000E+00
   7.3913043E-01   1.9623894E+05   1.0074926E+05   2.9698821E+05   0.0000000E+00   0.0000000E+00   0.0000000E+00
   7.5362319E-01   1.8803527E+05   9.2953891E+04   2.8096002E+05   0.0000000E+00   0.0000000E+00   0.0000000E+00
   7.6811594E-01   1.7402209E+05   8.7168313E+04   2.6119041E+05   0.0000000E+00   0.0000000E+00   0.0000000E+00
   7.8260870E-01   1.5967196E+05   8.0937504E+04   2.4060946E+05   0.0000000E+00   0.0000000E+00   0.0000000E+00
   7.9710145E-01   1.5344857E+05   7.7165148E+04   2.3061372E+05   0.0000000E+00   0.0000000E+00   0.0000000E+00
   8.1159420E-01   1.4030307E+05   6.8521046E+04   2.0881058E+05   0.0000000E+00   0.0000000E+00   0.0000000E+00
   8.2608696E-01   1.2906782E+05   6.3038375E+04   1.9209290E+05   0.0000000E+00   0.0000000E+00   0.0000000E+00
   8.4057971E-01   1.1913450E+05   5.9822005E+04   1.7894344E+05   0.0000000E+00   0.0000000E+00   0.0000000E+00
   8.5507246E-01   1.0985898E+05   5.5134976E+04   1.6498111E+05   0.0000000E+00   0.0000000E+00   0.0000000E+00
   8.6956522E-01   9.9023556E+04   4.9088708E+04   1.4811226E+05   0.0000000E+00   0.0000000E+00   0.0000000E+00
   8.8405797E-01   8.9947071E+04   4.6855455E+04   1.3679010E+05   0.0000000E+00   0.0000000E+00   0.0000000E+00
   8.9855072E-01   7.7692453E+04   3.9671182E+04   1.1736364E+05   0.0000000E+00   0.0000000E+00   0.0000000E+00
   9.1304348E-01   6.7330317E+04   3.5349018E+04   1.0267933E+05   0.0000000E+00   0.0000000E+00   0.0000000E+00
   9.2753623E-01   5.8996905E+04   2.9681967E+04   8.8678871E+04   0.0000000E+00   0.0000000E+00   0.0000000E+00
   9.4202899E-01   4.9707526E+04   2.5028626E+04   7.4736152E+04   0.0000000E+00   0.0000000E+00   0.0000000E+00
   9.5652174E-01   3.9207133E+04   1.9666711E+04   5.8873844E+04   0.0000000E+00   0.0000000E+00   0.0000000E+00
   9.7101449E-01   2.6645188E+04   1.4193426E+04   4.0838614E+04   0.0000000E+00   0.0000000E+00   0.0000000E+00
   9.8550725E-01   9.3045608E+03   4.2009813E+03   1.3505542E+04   0.0000000E+00   0.0000000E+00   0.0000000E+00
   1.0000000E+00   0.0000000E+00   0.0000000E+00   0.0000000E+00   0.0000000E+00   0.0000000E+00   0.0000000E+00
