   0.0000000E+00   7.8198426E+05   4.1220876E+05   1.1941930E+06   7.1926546E-03   3.1820720E-03   5.8034701E-03
   1.4492754E-02   8.9867571E+05   4.6070390E+05   1.3593796E+06   3.2032158E-03   2.4669989E-03   1.5317951E-03
   2.8985507E-02   7.5356913E+05   3.8720345E+05   1.1407726E+06   1.6861170E-03   1.7304976E-03   1.6993691E-03
   4.3478261E-02   4.3645633E+05   2.1191369E+05   6.4837002E+05   3.7427849E-04   1.3845589E-03   3.5161442E-04
   5.7971014E-02   2.3717158E+05   1.1801749E+05   3.5518907E+05   2.7278874E-03   2.4775203E-03   1.3019356E-03
   7.2463768E-02   3.8038382E+04   1.6670207E+04   5.4708589E+04   5.7853886E-03   7.4970573E-04   3.8566530E-03
   8.6956522E-02   5.9356040E+03   3.4098151E+03   9.3454191E+03   6.1897006E-02   1.7555194E-02   4.5512178E-02
   1.0144928E-01   4.4381720E+03   1.9484658E+03   6.3866378E+03   8.5531192E-03   3.6260413E-02   1.2538085E-02
   1.1594203E-01   1.8943417E+03   5.6830251E+02   2.4626442E+03   2.8114292E-02   1.3970457E-06   2.1626416E-02
   1.3043478E-01   1.6838593E+02   0.0000000E+00   1.6838593E+02   1.1857095E-01   0.0000000E+00   1.1857095E-01
   1.4492754E-01   7.5773668E+01   0.0000000E+00   7.5773668E+01   3.2114732E-01   0.0000000E+00   3.2114732E-01
   1.5942029E-01   1.3777031E+02   6.8885153E+01   2.0665546E+02   7.7599630E-02   2.6595446E-05   5.1724222E-02
   1.7391304E-01   1.8943417E+02   6.3144724E+01   2.5257889E+02   2.4550346E-01   1.6023109E-05   1.8412361E-01
   1.8840580E-01   5.8287437E+01   5.8287437E+01   1.1657487E+02   2.2975377E-01   4.1107351E-06   1.1487862E-01
   2.0289855E-01   5.4124049E+01   5.4124049E+01   1.0824810E+02   3.3211758E-01   3.6655879E-01   3.3967131E-01
   2.1739130E-01   1.5154734E+02   0.0000000E+00   1.5154734E+02   1.4063631E-01   0.0000000E+00   1.4063631E-01
   2.3188406E-01   1.8943417E+02   0.0000000E+00   1.8943417E+02   3.1283013E-01   0.0000000E+00   3.1283013E-01
   2.4637681E-01   0.0000000E+00   0.0000000E+00   0.0000000E+00   0.0000000E+00   0.0000000E+00   0.0000000E+00
   2.6086957E-01   4.2096482E+01   8.4192965E+01   1.2628945E+02   1.1942401E-01   2.4258060E-01   2.0052802E-01
   2.7536232E-01   7.9761756E+01   3.9880878E+01   1.1964263E+02   3.7652276E-01   3.5834484E-01   3.7030985E-01
   2.8985507E-01   3.7886834E+01   0.0000000E+00   3.7886834E+01   4.2848461E-01   0.0000000E+00   4.2848461E-01
   3.0434783E-01   0.0000000E+00   0.0000000E+00   0.0000000E+00   0.0000000E+00   0.0000000E+00   0.0000000E+00
   3.1884058E-01   0.0000000E+00   0.0000000E+00   0.0000000E+00   0.0000000E+00   0.0000000E+00   0.0000000E+00
   3.3333333E-01   3.2945073E+01   0.0000000E+00   3.2945073E+01   4.2013141E-01   0.0000000E+00   4.2013141E-01
   3.4782609E-01   0.0000000E+00   0.0000000E+00   0.0000000E+00   0.0000000E+00   0.0000000E+00   0.0000000E+00
   3.6231884E-01   3.0309467E+01   0.0000000E+00   3.0309467E+01   3.8750448E-01   0.0000000E+00   3.8750448E-01
   3.7681159E-01   0.0000000E+00   2.9143719E+01   2.9143719E+01   0.0000000E+00   2.2834307E-05   2.2834307E-05
   3.9130435E-01   0.0000000E+00   0.0000000E+00   0.0000000E+00   0.0000000E+00   0.0000000E+00   0.0000000E+00
   4.0579710E-01   2.7062024E+01   0.0000000E+00   2.7062024E+01   3.1780467E-01   0.0000000E+00   3.1780467E-01
   4.2028986E-01   0.0000000E+00   0.0000000E+00   0.0000000E+00   0.0000000E+00   0.0000000E+00   0.0000000E+00
   4.3478261E-01   0.0000000E+00   2.5257889E+01   2.5257889E+01   0.0000000E+00   6.6386808E-07   6.6386808E-07
   4.4927536E-01   0.0000000E+00   0.0000000E+00   0.0000000E+00   0.0000000E+00   0.0000000E+00   0.0000000E+00
   4.6376812E-01   2.3679271E+01   0.0000000E+00   2.3679271E+01   5.3738037E-06   0.0000000E+00   5.3738037E-06
   4.7826087E-01   0.0000000E+00   0.0000000E+00   0.0000000E+00   0.0000000E+00   0.0000000E+00   0.0000000E+00
   4.9275362E-01   0.0000000E+00   0.0000000E+00   0.0000000E+00   0.0000000E+00   0.0000000E+00   0.0000000E+00
   5.0724638E-01   0.0000000E+00   0.0000000E+00   0.0000000E+00   0.0000000E+00   0.0000000E+00   0.0000000E+00
   5.2173913E-01   0.0000000E+00   2.1048241E+01   2.1048241E+01   0.0000000E+00   2.9240600E-06   2.9240600E-06
   5.3623188E-01   0.0000000E+00   0.0000000E+00   0.0000000E+00   0.0000000E+00   0.0000000E+00   0.0000000E+00
   5.5072464E-01   0.0000000E+00   1.9940439E+01   1.9940439E+01   0.0000000E+00   4.8539486E-06   4.8539486E-06
   5.6521739E-01   0.0000000E+00   0.0000000E+00   0.0000000E+00   0.0000000E+00   0.0000000E+00   0.0000000E+00
   5.7971014E-01   0.0000000E+00   0.0000000E+00   0.0000000E+00   0.0000000E+00   0.0000000E+00   0.0000000E+00
   5.9420290E-01   0.0000000E+00   0.0000000E+00   0.0000000E+00   0.0000000E+00   0.0000000E+00   0.0000000E+00
   6.0869565E-01   0.0000000E+00   0.0000000E+00   0.0000000E+00   0.0000000E+00   0.0000000E+00   0.0000000E+00
   6.2318841E-01   0.0000000E+00   0.0000000E+00   0.0000000E+00   0.0000000E+00   0.0000000E+00   0.0000000E+00
   6.3768116E-01   0.0000000E+00   0.0000000E+00   0.0000000E+00   0.0000000E+00   0.0000000E+00   0.0000000E+00
   6.5217391E-01   0.0000000E+00   0.0000000E+00   0.0000000E+00   0.0000000E+00   0.0000000E+00   0.0000000E+00
   6.6666667E-01   0.0000000E+00   0.0000000E+00   0.0000000E+00   0.0000000E+00   0.0000000E+00   0.0000000E+00
   6.8115942E-01   0.0000000E+00   0.0000000E+00   0.0000000E+00   0.0000000E+00   0.0000000E+00   0.0000000E+00
   6.9565217E-01   0.0000000E+00   0.0000000E+00   0.0000000E+00   0.0000000E+00   0.0000000E+00   0.0000000E+00
   7.1014493E-01   0.0000000E+00   0.0000000E+00   0.0000000E+00   0.0000000E+00   0.0000000E+00   0.0000000E+00
   7.2463768E-01   0.0000000E+00   0.0000000E+00   0.0000000E+00   0.0000000E+00   0.0000000E+00   0.0000000E+00
   7.3913043E-01   0.0000000E+00   0.0000000E+00   0.0000000E+00   0.0000000E+00   0.0000000E+00   0.0000000E+00
   7.5362319E-01   0.0000000E+00   0.0000000E+00   0.0000000E+00   0.0000000E+00   0.0000000E+00   0.0000000E+00
   7.6811594E-01   0.0000000E+00   0.0000000E+00   0.0000000E+00   0.0000000E+00   0.0000000E+00   0.0000000E+00
   7.8260870E-01   0.0000000E+00   0.0000000E+00   0.0000000E+00   0.0000000E+00   0.0000000E+00   0.0000000E+00
   7.9710145E-01   0.0000000E+00   0.0000000E+00   0.0000000E+00   0.0000000E+00   0.0000000E+00   0.0000000E+00
   8.1159420E-01   0.0000000E+00   0.0000000E+00   0.0000000E+00   0.0000000E+00   0.0000000E+00   0.0000000E+00
   8.2608696E-01   0.0000000E+00   0.0000000E+00   0.0000000E+00   0.0000000E+00   0.0000000E+00   0.0000000E+00
   8.4057971E-01   0.0000000E+00   0.0000000E+00   0.0000000E+00   0.0000000E+00   0.0000000E+00   0.0000000E+00
   8.5507246E-01   0.0000000E+00   0.0000000E+00   0.0000000E+00   0.0000000E+00   0.0000000E+00   0.0000000E+00
   8.6956522E-01   0.0000000E+00   0.0000000E+00   0.0000000E+00   0.0000000E+00   0.0000000E+00   0.0000000E+00
   8.8405797E-01   0.0000000E+00   0.0000000E+00   0.0000000E+00   0.0000000E+00   0.0000000E+00   0.0000000E+00
   8.9855072E-01   0.0000000E+00   0.0000000E+00   0.0000000E+00   0.0000000E+00   0.0000000E+00   0.0000000E+00
   9.1304348E-01   0.0000000E+00   0.0000000E+00   0.0000000E+00   0.0000000E+00   0.0000000E+00   0.0000000E+00
   9.2753623E-01   0.0000000E+00   0.0000000E+00   0.0000000E+00   0.0000000E+00   0.0000000E+00   0.0000000E+00
   9.4202899E-01   0.0000000E+00   0.0000000E+00   0.0000000E+00   0.0000000E+00   0.0000000E+00   0.0000000E+00
   9.5652174E-01   0.0000000E+00   0.0000000E+00   0.0000000E+00   0.0000000E+00   0.0000000E+00   0.0000000E+00
   9.7101449E-01   0.0000000E+00   0.0000000E+00   0.0000000E+00   0.0000000E+00   0.0000000E+00   0.0000000E+00
   9.8550725E-01   0.0000000E+00   0.0000000E+00   0.0000000E+00   0.0000000E+00   0.0000000E+00   0.0000000E+00
   1.0000000E+00   0.0000000E+00   0.0000000E+00   0.0000000E+00   0.0000000E+00   0.0000000E+00   0.0000000E+00
