   0.0000000E+00   2.7884710E+05   1.3942355E+05   4.1827065E+05   0.0000000E+00   0.0000000E+00   0.0000000E+00
   1.4492754E-02   3.1294525E+05   1.2805750E+05   4.4100275E+05   0.0000000E+00   0.0000000E+00   0.0000000E+00
   2.8985507E-02   2.9513844E+05   1.5306281E+05   4.4820125E+05   0.0000000E+00   0.0000000E+00   0.0000000E+00
   4.3478261E-02   3.1041946E+05   1.4801123E+05   4.5843069E+05   0.0000000E+00   0.0000000E+00   0.0000000E+00
   5.7971014E-02   2.9684335E+05   1.3260392E+05   4.2944727E+05   0.0000000E+00   0.0000000E+00   0.0000000E+00
   7.2463768E-02   2.9779052E+05   1.3896891E+05   4.3675942E+05   0.0000000E+00   0.0000000E+00   0.0000000E+00
   8.6956522E-02   3.0284209E+05   1.5129476E+05   4.5413685E+05   0.0000000E+00   0.0000000E+00   0.0000000E+00
   1.0144928E-01   3.0731635E+05   1.4916588E+05   4.5648223E+05   0.0000000E+00   0.0000000E+00   0.0000000E+00
   1.1594203E-01   2.9769580E+05   1.5666206E+05   4.5435786E+05   0.0000000E+00   0.0000000E+00   0.0000000E+00
   1.3043478E-01   3.0292629E+05   1.5314700E+05   4.5607329E+05   0.0000000E+00   0.0000000E+00   0.0000000E+00
   1.4492754E-01   3.1802209E+05   1.5783655E+05   4.7585864E+05   0.0000000E+00   0.0000000E+00   0.0000000E+00
   1.5942029E-01   3.1549400E+05   1.6008910E+05   4.7558310E+05   0.0000000E+00   0.0000000E+00   0.0000000E+00
   1.7391304E-01   3.2096463E+05   1.6196622E+05   4.8293085E+05   0.0000000E+00   0.0000000E+00   0.0000000E+00
   1.8840580E-01   3.2034776E+05   1.7025760E+05   4.9060536E+05   0.0000000E+00   0.0000000E+00   0.0000000E+00
   2.0289855E-01   3.3075206E+05   1.7103199E+05   5.0172993E+05   0.0000000E+00   0.0000000E+00   0.0000000E+00
   2.1739130E-01   3.3042371E+05   1.6357009E+05   4.9399380E+05   0.0000000E+00   0.0000000E+00   0.0000000E+00
   2.3188406E-01   3.3468282E+05   1.6755452E+05   5.0214263E+05   0.0000000E+00   0.0000000E+00   0.0000000E+00
   2.4637681E-01   3.4093694E+05   1.6995588E+05   5.1089282E+05   0.0000000E+00   0.0000000E+00   0.0000000E+00
   2.6086957E-01   3.4161296E+05   1.7124849E+05   5.1286145E+05   0.0000000E+00   0.0000000E+00   0.0000000E+00
   2.7536232E-01   3.4528864E+05   1.7551574E+05   5.2080439E+05   0.0000000E+00   0.0000000E+00   0.0000000E+00
   2.8985507E-01   3.5060476E+05   1.7761348E+05   5.2821824E+05   0.0000000E+00   0.0000000E+00   0.0000000E+00
   3.0434783E-01   3.4953311E+05   1.7121241E+05   5.2074552E+05   0.0000000E+00   0.0000000E+00   0.0000000E+00
   3.1884058E-01   3.4900663E+05   1.7665598E+05   5.2566260E+05   0.0000000E+00   0.0000000E+00   0.0000000E+00
   3.3333333E-01   3.5155688E+05   1.8024250E+05   5.3179937E+05   0.0000000E+00   0.0000000E+00   0.0000000E+00
   3.4782609E-01   3.5872518E+05   1.7712095E+05   5.3584613E+05   0.0000000E+00   0.0000000E+00   0.0000000E+00
   3.6231884E-01   3.6010678E+05   1.8185680E+05   5.4193328E+05   0.0000000E+00   0.0000000E+00   0.0000000E+00
   3.7681159E-01   3.5657340E+05   1.7914644E+05   5.3571984E+05   0.0000000E+00   0.0000000E+00   0.0000000E+00
   3.9130435E-01   3.5824107E+05   1.7736651E+05   5.3555145E+05   0.0000000E+00   0.0000000E+00   0.0000000E+00
   4.0579710E-01   3.5970843E+05   1.7871761E+05   5.3839898E+05   0.0000000E+00   0.0000000E+00   0.0000000E+00
   4.2028986E-01   3.6266845E+05   1.8089004E+05   5.4355849E+05   0.0000000E+00   0.0000000E+00   0.0000000E+00
   4.3478261E-01   3.6204659E+05   1.8026556E+05   5.4226163E+05   0.0000000E+00   0.0000000E+00   0.0000000E+00
   4.4927536E-01   3.5713841E+05   1.7985247E+05   5.3699088E+05   0.0000000E+00   0.0000000E+00   0.0000000E+00
   4.6376812E-01   3.5556794E+05   1.7712095E+05   5.3266521E+05   0.0000000E+00   0.0000000E+00   0.0000000E+00
   4.7826087E-01   3.5788133E+05   1.7760889E+05   5.3542133E+05   0.0000000E+00   0.0000000E+00   0.0000000E+00
   4.9275362E-01   3.4838058E+05   1.7793440E+05   5.2624813E+05   0.0000000E+00   0.0000000E+00   0.0000000E+00
   5.0724638E-01   3.4944651E+05   1.7555676E+05   5.2493833E+05   0.0000000E+00   0.0000000E+00   0.0000000E+00
   5.2173913E-01   3.4192868E+05   1.7625797E+05   5.1816560E+05   0.0000000E+00   0.0000000E+00   0.0000000E+00
   5.3623188E-01   3.3637365E+05   1.7214958E+05   5.0844132E+05   0.0000000E+00   0.0000000E+00   0.0000000E+00
   5.5072464E-01   3.3252676E+05   1.6558541E+05   4.9809223E+05   0.0000000E+00   0.0000000E+00   0.0000000E+00
   5.6521739E-01   3.2194094E+05   1.6330197E+05   4.8522349E+05   0.0000000E+00   0.0000000E+00   0.0000000E+00
   5.7971014E-01   3.1637401E+05   1.5757134E+05   4.7392641E+05   0.0000000E+00   0.0000000E+00   0.0000000E+00
   5.9420290E-01   3.0954468E+05   1.5404232E+05   4.6358700E+05   0.0000000E+00   0.0000000E+00   0.0000000E+00
   6.0869565E-01   2.9692453E+05   1.4802927E+05   4.4491772E+05   0.0000000E+00   0.0000000E+00   0.0000000E+00
   6.2318841E-01   2.8374596E+05   1.4322986E+05   4.2695819E+05   0.0000000E+00   0.0000000E+00   0.0000000E+00
   6.3768116E-01   2.7123529E+05   1.3578986E+05   4.0699071E+05   0.0000000E+00   0.0000000E+00   0.0000000E+00
   6.5217391E-01   2.5901124E+05   1.3157677E+05   3.9057116E+05   0.0000000E+00   0.0000000E+00   0.0000000E+00
   6.6666667E-01   2.5196392E+05   1.2860109E+05   3.8053207E+05   0.0000000E+00   0.0000000E+00   0.0000000E+00
   6.8115942E-01   2.3971887E+05   1.1999647E+05   3.5969922E+05   0.0000000E+00   0.0000000E+00   0.0000000E+00
   6.9565217E-01   2.3309875E+05   1.1569692E+05   3.4879567E+05   0.0000000E+00   0.0000000E+00   0.0000000E+00
   7.1014493E-01   2.1750136E+05   1.1127904E+05   3.2874947E+05   0.0000000E+00   0.0000000E+00   0.0000000E+00
   7.2463768E-01   2.0971120E+05   1.0379477E+05   3.1350598E+05   0.0000000E+00   0.0000000E+00   0.0000000E+00
   7.3913043E-01   1.9738298E+05   9.8877208E+04   2.9626019E+05   0.0000000E+00   0.0000000E+00   0.0000000E+00
   7.5362319E-01   1.8793327E+05   9.4265358E+04   2.8219863E+05   0.0000000E+00   0.0000000E+00   0.0000000E+00
   7.6811594E-01   1.7512296E+05   8.6825186E+04   2.6193385E+05   0.0000000E+00   0.0000000E+00   0.0000000E+00
   7.8260870E-01   1.6129969E+05   7.9127355E+04   2.4041301E+05   0.0000000E+00   0.0000000E+00   0.0000000E+00
   7.9710145E-01   1.5055539E+05   7.6930939E+04   2.2748633E+05   0.0000000E+00   0.0000000E+00   0.0000000E+00
   8.1159420E-01   1.4133142E+05   7.0577760E+04   2.1189565E+05   0.0000000E+00   0.0000000E+00   0.0000000E+00
   8.2608696E-01   1.2860254E+05   6.4141746E+04   1.9273099E+05   0.0000000E+00   0.0000000E+00   0.0000000E+00
   8.4057971E-01   1.2101577E+05   6.0645064E+04   1.8166084E+05   0.0000000E+00   0.0000000E+00   0.0000000E+00
   8.5507246E-01   1.0888291E+05   5.4646942E+04   1.6352985E+05   0.0000000E+00   0.0000000E+00   0.0000000E+00
   8.6956522E-01   9.7394422E+04   4.9871703E+04   1.4726612E+05   0.0000000E+00   0.0000000E+00   0.0000000E+00
   8.8405797E-01   9.1139575E+04   4.6395845E+04   1.3752300E+05   0.0000000E+00   0.0000000E+00   0.0000000E+00
   8.9855072E-01   7.7912441E+04   3.9047882E+04   1.1694810E+05   0.0000000E+00   0.0000000E+00   0.0000000E+00
   9.1304348E-01   7.0072602E+04   3.4783722E+04   1.0485632E+05   0.0000000E+00   0.0000000E+00   0.0000000E+00
   9.2753623E-01   6.0145349E+04   2.9670127E+04   8.9803637E+04   0.0000000E+00   0.0000000E+00   0.0000000E+00
   9.4202899E-01   4.9789129E+04   2.5751390E+04   7.5528861E+04   0.0000000E+00   0.0000000E+00   0.0000000E+00
   9.5652174E-01   3.8621609E+04   1.9609307E+04   5.8230916E+04   0.0000000E+00   0.0000000E+00   0.0000000E+00
   9.7101449E-01   2.6803522E+04   1.2960690E+04   3.9764212E+04   0.0000000E+00   0.0000000E+00   0.0000000E+00
   9.8550725E-01   8.7139719E+03   4.1452654E+03   1.2859237E+04   0.0000000E+00   0.0000000E+00   0.0000000E+00
   1.0000000E+00   0.0000000E+00   0.0000000E+00   0.0000000E+00   0.0000000E+00   0.0000000E+00   0.0000000E+00
