   0.0000000E+00   3.5158982E+05   1.1517598E+05   4.6676580E+05   2.8016660E-02   1.9558555E-02   2.1946999E-02
   1.4492754E-02   3.3491961E+05   1.8791870E+05   5.2283831E+05   6.5257817E-03   5.4758660E-03   2.2297759E-03
   2.8985507E-02   3.2961546E+05   1.6442886E+05   4.9404432E+05   3.8476854E-03   7.3481013E-03   4.7333188E-03
   4.3478261E-02   2.5485210E+05   1.1921724E+05   3.7406934E+05   4.4039985E-03   5.2275409E-03   4.6664644E-03
   5.7971014E-02   1.9511720E+05   1.0191558E+05   2.9703278E+05   4.9600078E-03   1.9782546E-03   3.8434334E-03
   7.2463768E-02   1.3805962E+05   7.0469512E+04   2.0852914E+05   1.4161949E-02   6.2622018E-03   1.0407007E-02
   8.6956522E-02   1.2199561E+05   5.2662700E+04   1.7465831E+05   1.5757856E-02   6.1019463E-03   1.2808694E-02
   1.0144928E-01   9.5907815E+04   4.9144636E+04   1.4505245E+05   6.6294534E-03   1.3197552E-02   8.7829251E-03
   1.1594203E-01   4.8400431E+04   1.9985305E+04   6.8385736E+04   1.8253479E-02   3.1123296E-02   2.0903460E-02
   1.3043478E-01   1.5154734E+03   8.4192965E+01   1.5996663E+03   1.1385174E-01   3.3277378E-01   1.2430117E-01
   1.4492754E-01   3.0309467E+02   7.5773668E+01   3.7886834E+02   1.4222171E-01   6.6141552E-06   1.1377818E-01
   1.5942029E-01   2.7554061E+02   0.0000000E+00   2.7554061E+02   2.2051354E-01   0.0000000E+00   2.2051354E-01
   1.7391304E-01   3.1572362E+02   1.8943417E+02   5.0515779E+02   1.6237036E-01   3.4809160E-02   9.5623538E-02
   1.8840580E-01   5.8287437E+01   0.0000000E+00   5.8287437E+01   3.4060707E-01   0.0000000E+00   3.4060707E-01
   2.0289855E-01   1.0824810E+02   1.0824810E+02   2.1649620E+02   1.1186373E-01   2.0857777E-01   1.5783027E-01
   2.1739130E-01   1.5154734E+02   5.0515779E+01   2.0206312E+02   2.3442582E-01   2.1134311E-05   1.7582424E-01
   2.3188406E-01   4.7358543E+01   0.0000000E+00   4.7358543E+01   1.3342320E-03   0.0000000E+00   1.3342320E-03
   2.4637681E-01   8.9145492E+01   0.0000000E+00   8.9145492E+01   1.9903310E-01   0.0000000E+00   1.9903310E-01
   2.6086957E-01   0.0000000E+00   0.0000000E+00   0.0000000E+00   0.0000000E+00   0.0000000E+00   0.0000000E+00
   2.7536232E-01   3.9880878E+01   0.0000000E+00   3.9880878E+01   4.3545410E-01   0.0000000E+00   4.3545410E-01
   2.8985507E-01   3.7886834E+01   3.7886834E+01   7.5773668E+01   4.1903209E-01   1.4568508E-07   2.0951611E-01
   3.0434783E-01   3.6082699E+01   7.2165398E+01   1.0824810E+02   2.2445438E-01   1.6134199E-01   1.7206166E-01
   3.1884058E-01   0.0000000E+00   3.4442577E+01   3.4442577E+01   0.0000000E+00   1.1049757E-04   1.1049757E-04
   3.3333333E-01   3.2945073E+01   0.0000000E+00   3.2945073E+01   1.1756234E-05   0.0000000E+00   1.1756234E-05
   3.4782609E-01   0.0000000E+00   0.0000000E+00   0.0000000E+00   0.0000000E+00   0.0000000E+00   0.0000000E+00
   3.6231884E-01   0.0000000E+00   0.0000000E+00   0.0000000E+00   0.0000000E+00   0.0000000E+00   0.0000000E+00
   3.7681159E-01   0.0000000E+00   0.0000000E+00   0.0000000E+00   0.0000000E+00   0.0000000E+00   0.0000000E+00
   3.9130435E-01   0.0000000E+00   0.0000000E+00   0.0000000E+00   0.0000000E+00   0.0000000E+00   0.0000000E+00
   4.0579710E-01   0.0000000E+00   0.0000000E+00   0.0000000E+00   0.0000000E+00   0.0000000E+00   0.0000000E+00
   4.2028986E-01   2.6128851E+01   2.6128851E+01   5.2257702E+01   1.6714891E-01   3.0789945E-01   2.3219481E-01
   4.3478261E-01   0.0000000E+00   0.0000000E+00   0.0000000E+00   0.0000000E+00   0.0000000E+00   0.0000000E+00
   4.4927536E-01   0.0000000E+00   0.0000000E+00   0.0000000E+00   0.0000000E+00   0.0000000E+00   0.0000000E+00
   4.6376812E-01   2.3679271E+01   0.0000000E+00   2.3679271E+01   3.5002324E-01   0.0000000E+00   3.5002324E-01
   4.7826087E-01   0.0000000E+00   0.0000000E+00   0.0000000E+00   0.0000000E+00   0.0000000E+00   0.0000000E+00
   4.9275362E-01   0.0000000E+00   0.0000000E+00   0.0000000E+00   0.0000000E+00   0.0000000E+00   0.0000000E+00
   5.0724638E-01   0.0000000E+00   0.0000000E+00   0.0000000E+00   0.0000000E+00   0.0000000E+00   0.0000000E+00
   5.2173913E-01   0.0000000E+00   0.0000000E+00   0.0000000E+00   0.0000000E+00   0.0000000E+00   0.0000000E+00
   5.3623188E-01   0.0000000E+00   0.0000000E+00   0.0000000E+00   0.0000000E+00   0.0000000E+00   0.0000000E+00
   5.5072464E-01   0.0000000E+00   0.0000000E+00   0.0000000E+00   0.0000000E+00   0.0000000E+00   0.0000000E+00
   5.6521739E-01   0.0000000E+00   0.0000000E+00   0.0000000E+00   0.0000000E+00   0.0000000E+00   0.0000000E+00
   5.7971014E-01   0.0000000E+00   0.0000000E+00   0.0000000E+00   0.0000000E+00   0.0000000E+00   0.0000000E+00
   5.9420290E-01   0.0000000E+00   0.0000000E+00   0.0000000E+00   0.0000000E+00   0.0000000E+00   0.0000000E+00
   6.0869565E-01   0.0000000E+00   0.0000000E+00   0.0000000E+00   0.0000000E+00   0.0000000E+00   0.0000000E+00
   6.2318841E-01   0.0000000E+00   0.0000000E+00   0.0000000E+00   0.0000000E+00   0.0000000E+00   0.0000000E+00
   6.3768116E-01   0.0000000E+00   0.0000000E+00   0.0000000E+00   0.0000000E+00   0.0000000E+00   0.0000000E+00
   6.5217391E-01   0.0000000E+00   0.0000000E+00   0.0000000E+00   0.0000000E+00   0.0000000E+00   0.0000000E+00
   6.6666667E-01   0.0000000E+00   0.0000000E+00   0.0000000E+00   0.0000000E+00   0.0000000E+00   0.0000000E+00
   6.8115942E-01   0.0000000E+00   0.0000000E+00   0.0000000E+00   0.0000000E+00   0.0000000E+00   0.0000000E+00
   6.9565217E-01   0.0000000E+00   0.0000000E+00   0.0000000E+00   0.0000000E+00   0.0000000E+00   0.0000000E+00
   7.1014493E-01   0.0000000E+00   0.0000000E+00   0.0000000E+00   0.0000000E+00   0.0000000E+00   0.0000000E+00
   7.2463768E-01   0.0000000E+00   0.0000000E+00   0.0000000E+00   0.0000000E+00   0.0000000E+00   0.0000000E+00
   7.3913043E-01   0.0000000E+00   0.0000000E+00   0.0000000E+00   0.0000000E+00   0.0000000E+00   0.0000000E+00
   7.5362319E-01   0.0000000E+00   0.0000000E+00   0.0000000E+00   0.0000000E+00   0.0000000E+00   0.0000000E+00
   7.6811594E-01   0.0000000E+00   0.0000000E+00   0.0000000E+00   0.0000000E+00   0.0000000E+00   0.0000000E+00
   7.8260870E-01   0.0000000E+00   0.0000000E+00   0.0000000E+00   0.0000000E+00   0.0000000E+00   0.0000000E+00
   7.9710145E-01   0.0000000E+00   0.0000000E+00   0.0000000E+00   0.0000000E+00   0.0000000E+00   0.0000000E+00
   8.1159420E-01   0.0000000E+00   0.0000000E+00   0.0000000E+00   0.0000000E+00   0.0000000E+00   0.0000000E+00
   8.2608696E-01   0.0000000E+00   0.0000000E+00   0.0000000E+00   0.0000000E+00   0.0000000E+00   0.0000000E+00
   8.4057971E-01   0.0000000E+00   0.0000000E+00   0.0000000E+00   0.0000000E+00   0.0000000E+00   0.0000000E+00
   8.5507246E-01   0.0000000E+00   0.0000000E+00   0.0000000E+00   0.0000000E+00   0.0000000E+00   0.0000000E+00
   8.6956522E-01   0.0000000E+00   0.0000000E+00   0.0000000E+00   0.0000000E+00   0.0000000E+00   0.0000000E+00
   8.8405797E-01   0.0000000E+00   0.0000000E+00   0.0000000E+00   0.0000000E+00   0.0000000E+00   0.0000000E+00
   8.9855072E-01   0.0000000E+00   0.0000000E+00   0.0000000E+00   0.0000000E+00   0.0000000E+00   0.0000000E+00
   9.1304348E-01   0.0000000E+00   0.0000000E+00   0.0000000E+00   0.0000000E+00   0.0000000E+00   0.0000000E+00
   9.2753623E-01   0.0000000E+00   0.0000000E+00   0.0000000E+00   0.0000000E+00   0.0000000E+00   0.0000000E+00
   9.4202899E-01   0.0000000E+00   0.0000000E+00   0.0000000E+00   0.0000000E+00   0.0000000E+00   0.0000000E+00
   9.5652174E-01   0.0000000E+00   0.0000000E+00   0.0000000E+00   0.0000000E+00   0.0000000E+00   0.0000000E+00
   9.7101449E-01   0.0000000E+00   0.0000000E+00   0.0000000E+00   0.0000000E+00   0.0000000E+00   0.0000000E+00
   9.8550725E-01   0.0000000E+00   0.0000000E+00   0.0000000E+00   0.0000000E+00   0.0000000E+00   0.0000000E+00
   1.0000000E+00   0.0000000E+00   0.0000000E+00   0.0000000E+00   0.0000000E+00   0.0000000E+00   0.0000000E+00
