   0.0000000E+00   1.1638835E+06   1.0668933E+06   2.2307768E+06   2.1121913E-03   6.5214026E-07   1.1020849E-03
   1.4492754E-02   1.2138942E+06   1.1009914E+06   2.3148856E+06   5.3418101E-03   2.9037703E-04   2.8740698E-03
   2.8985507E-02   1.1695666E+06   1.1165250E+06   2.2860916E+06   1.9526770E-03   2.1845602E-04   9.1733227E-04
   4.3478261E-02   1.2583481E+06   1.1929301E+06   2.4512782E+06   1.3590072E-03   7.6577911E-05   7.3222182E-04
   5.7971014E-02   1.3084218E+06   1.2406044E+06   2.5490262E+06   1.1844637E-03   7.3182044E-05   6.2181911E-04
   7.2463768E-02   1.2648141E+06   1.2558728E+06   2.5203838E+06   1.6794717E-03   4.6854925E-05   8.5046601E-04
   8.6956522E-02   1.2790595E+06   1.2524124E+06   2.5312194E+06   1.2435664E-03   9.4022241E-05   6.5686703E-04
   1.0144928E-01   1.2123787E+06   1.2039353E+06   2.4162058E+06   2.0662004E-03   8.6974240E-05   1.0695594E-03
   1.1594203E-01   1.1815956E+06   1.1207873E+06   2.3022882E+06   9.7132725E-04   3.6168732E-05   4.8767191E-04
   1.3043478E-01   1.0916460E+06   1.0356577E+06   2.1272195E+06   1.5903785E-03   2.9419419E-05   8.2402327E-04
   1.4492754E-01   1.0445400E+06   9.6475035E+05   2.0091388E+06   1.4912475E-03   3.6489687E-05   7.7769982E-04
   1.5942029E-01   9.9821475E+05   8.7959452E+05   1.8777404E+06   4.1706713E-03   9.2481319E-05   2.2265656E-03
   1.7391304E-01   9.1401988E+05   8.0130654E+05   1.7152633E+06   4.1843440E-03   1.8950343E-04   2.2295671E-03
   1.8840580E-01   8.8130605E+05   7.2801009E+05   1.6090247E+06   2.5805015E-03   2.1888478E-04   1.3385095E-03
   2.0289855E-01   8.1245610E+05   6.6134175E+05   1.4736896E+06   2.9392313E-03   8.4834832E-05   1.6560769E-03
   2.1739130E-01   7.7339658E+05   6.0795740E+05   1.3813540E+06   3.7570898E-03   4.9487439E-05   2.0986240E-03
   2.3188406E-01   7.3301552E+05   5.4405494E+05   1.2770231E+06   3.9267164E-03   1.2881361E-04   2.1991896E-03
   2.4637681E-01   6.8642029E+05   4.9199397E+05   1.1783697E+06   5.8245897E-03   1.1233834E-04   3.4381970E-03
   2.6086957E-01   6.6411411E+05   4.4285500E+05   1.1069270E+06   6.2270385E-03   1.5669058E-04   3.7646306E-03
   2.7536232E-01   6.3606012E+05   4.0778198E+05   1.0438421E+06   5.3043896E-03   7.4075401E-05   3.2095294E-03
   2.8985507E-01   6.0334783E+05   3.6405459E+05   9.6740242E+05   5.6277161E-03   9.3542577E-05   3.4774957E-03
   3.0434783E-01   5.6797777E+05   3.3304331E+05   9.0084067E+05   5.4506175E-03   2.3019635E-04   3.4638744E-03
   3.1884058E-01   5.4229837E+05   2.9524177E+05   8.3747125E+05   4.7672503E-03   1.0877580E-04   3.1232954E-03
   3.3333333E-01   5.1371253E+05   2.6906241E+05   7.8277494E+05   7.2411690E-03   1.8430151E-04   4.6910198E-03
   3.4782609E-01   4.8993991E+05   2.4481209E+05   7.3472043E+05   5.5197282E-03   1.1321285E-04   3.6972247E-03
   3.6231884E-01   4.6594744E+05   2.2692698E+05   6.9287442E+05   6.7223316E-03   1.5997387E-04   4.4692672E-03
   3.7681159E-01   4.4793896E+05   2.0196597E+05   6.4993407E+05   4.7806398E-03   1.4510178E-04   3.3309636E-03
   3.9130435E-01   4.3401473E+05   1.8022907E+05   6.1424381E+05   5.5836216E-03   2.0924845E-04   3.9910877E-03
   4.0579710E-01   4.0381953E+05   1.6534897E+05   5.6914144E+05   6.1372513E-03   9.5571823E-05   4.3776810E-03
   4.2028986E-01   3.8587087E+05   1.4862091E+05   5.3446565E+05   5.2297146E-03   1.3628330E-04   3.7714340E-03
   4.3478261E-01   3.6826003E+05   1.3523074E+05   5.0344025E+05   5.5304277E-03   3.0730764E-04   3.9861770E-03
   4.4927536E-01   3.5254310E+05   1.2365774E+05   4.7615196E+05   4.4409433E-03   8.9813257E-05   3.2767636E-03
   4.6376812E-01   3.2966282E+05   1.1048748E+05   4.4010294E+05   4.9907105E-03   1.2318714E-04   3.7096346E-03
   4.7826087E-01   3.1935157E+05   9.9309429E+04   4.1861508E+05   5.9888966E-03   3.7368267E-04   4.6542961E-03
   4.9275362E-01   2.9865969E+05   9.2065007E+04   3.9072469E+05   6.0871665E-03   1.1298985E-04   4.6790119E-03
   5.0724638E-01   2.8341517E+05   8.2095357E+04   3.6546723E+05   5.7436154E-03   4.2081006E-04   4.4401550E-03
   5.2173913E-01   2.6621815E+05   7.6363019E+04   3.4258117E+05   4.7252819E-03   3.8763800E-04   3.6376822E-03
   5.3623188E-01   2.5072892E+05   6.6414596E+04   3.1714352E+05   5.2520710E-03   1.5561418E-04   4.1717918E-03
   5.5072464E-01   2.3898616E+05   6.2573098E+04   3.0155926E+05   4.9165075E-03   2.4296244E-04   3.9233512E-03
   5.6521739E-01   2.2296888E+05   5.3799305E+04   2.7676818E+05   4.6803007E-03   1.2562657E-04   3.7894796E-03
   5.7971014E-01   2.1085918E+05   4.9612809E+04   2.6047199E+05   5.1610690E-03   3.5884286E-04   4.2127586E-03
   5.9420290E-01   1.9727028E+05   4.4152023E+04   2.4140382E+05   5.6204786E-03   3.4407120E-05   4.5923768E-03
   6.0869565E-01   1.8763004E+05   4.0827574E+04   2.2847565E+05   5.4027806E-03   4.1117432E-04   4.4756961E-03
   6.2318841E-01   1.7323975E+05   3.6988123E+04   2.1022788E+05   5.3708842E-03   1.9643146E-04   4.3928224E-03
   6.3768116E-01   1.6203510E+05   3.2324358E+04   1.9435946E+05   5.5965485E-03   5.0108567E-04   4.7438573E-03
   6.5217391E-01   1.4937516E+05   2.9635924E+04   1.7901108E+05   4.6339561E-03   2.9918784E-04   3.8637026E-03
   6.6666667E-01   1.4144967E+05   2.6817290E+04   1.6823402E+05   5.8052967E-03   3.0397142E-04   4.8600575E-03
   6.8115942E-01   1.2886360E+05   2.3554325E+04   1.5241793E+05   6.0986820E-03   3.0375573E-04   5.1985481E-03
   6.9565217E-01   1.2287963E+05   2.1642854E+04   1.4452249E+05   6.5455594E-03   5.4602562E-04   5.5193050E-03
   7.1014493E-01   1.1192853E+05   1.9561978E+04   1.3149051E+05   5.8082266E-03   3.3598387E-04   4.9940324E-03
   7.2463768E-01   1.0270363E+05   1.8761560E+04   1.2145004E+05   6.9870535E-03   6.7632858E-04   5.9849852E-03
   7.3913043E-01   9.4405076E+04   1.6685065E+04   1.1109014E+05   6.4971047E-03   1.8817424E-06   5.5214556E-03
   7.5362319E-01   8.7722593E+04   1.5693892E+04   1.0341649E+05   6.7561687E-03   4.9642013E-04   5.7670606E-03
   7.6811594E-01   7.8361411E+04   1.3439103E+04   9.1800514E+04   5.8645637E-03   8.1810096E-04   5.0773703E-03
   7.8260870E-01   7.0399351E+04   1.2446527E+04   8.2845877E+04   6.6733047E-03   5.1672955E-04   5.7433349E-03
   7.9710145E-01   6.4132078E+04   1.1297165E+04   7.5429243E+04   5.5776099E-03   2.7386838E-04   4.7054192E-03
   8.1159420E-01   6.0483625E+04   1.0770686E+04   7.1254310E+04   4.9983273E-03   1.1646537E-03   4.3216651E-03
   8.2608696E-01   5.2097720E+04   8.8269677E+03   6.0924688E+04   7.0398428E-03   8.0313762E-04   6.1103798E-03
   8.4057971E-01   4.6470162E+04   8.4396189E+03   5.4909781E+04   7.4790944E-03   1.2165640E-03   6.1537890E-03
   8.5507246E-01   4.1893849E+04   7.4746229E+03   4.9368471E+04   7.0813229E-03   4.2823476E-04   5.9475222E-03
   8.6956522E-01   3.8354105E+04   6.2260698E+03   4.4580175E+04   4.3924119E-03   1.2603233E-03   3.9515014E-03
   8.8405797E-01   3.3029866E+04   5.4656417E+03   3.8495508E+04   9.2484201E-03   1.2508631E-03   7.7712210E-03
   8.9855072E-01   2.8891766E+04   4.7297435E+03   3.3621510E+04   8.1101342E-03   6.1443411E-04   6.8828384E-03
   9.1304348E-01   2.5017338E+04   4.2938412E+03   2.9311179E+04   8.3353639E-03   1.1776071E-03   7.1652122E-03
   9.2753623E-01   2.0529928E+04   3.7058060E+03   2.4235734E+04   1.1399246E-02   1.4822603E-03   9.5722107E-03
   9.4202899E-01   1.7486231E+04   2.8444269E+03   2.0330658E+04   1.0659387E-02   1.3641289E-03   9.3559573E-03
   9.5652174E-01   1.3754069E+04   2.6291167E+03   1.6383186E+04   9.9015521E-03   1.9488945E-04   8.2996643E-03
   9.7101449E-01   9.9862909E+03   1.7303539E+03   1.1716645E+04   7.8524516E-03   2.3774010E-03   6.4001894E-03
   9.8550725E-01   5.2707272E+03   1.0363163E+03   6.3070436E+03   1.1994562E-02   5.6926243E-06   1.0024135E-02
   1.0000000E+00   3.9391366E+02   4.3768184E+01   4.3768184E+02   1.2292444E-02   2.4439400E-06   1.1063397E-02
