   0.0000000E+00   9.0322213E+05   3.1521846E+05   1.2184406E+06   3.8174829E-03   5.8921720E-06   2.8288514E-03
   1.4492754E-02   8.7594361E+05   4.3721407E+05   1.3131577E+06   3.1120651E-03   1.6532349E-03   1.6300619E-03
   2.8985507E-02   7.3803553E+05   3.8076268E+05   1.1187982E+06   3.5430354E-03   1.6908382E-03   2.8257735E-03
   4.3478261E-02   4.0160044E+05   2.0181054E+05   6.0315840E+05   3.3878395E-03   1.3016336E-03   2.1029724E-03
   5.7971014E-02   2.5024254E+05   1.1555484E+05   3.6579738E+05   5.2031346E-03   1.7349798E-03   3.2497179E-03
   7.2463768E-02   4.6828127E+04   2.2125911E+04   6.8954038E+04   8.6053589E-03   3.0442705E-03   4.9003190E-03
   8.6956522E-02   1.1871208E+04   5.4304462E+03   1.7301654E+04   1.9766870E-02   7.4927836E-03   1.5882496E-02
   1.0144928E-01   7.0361264E+03   3.7886834E+03   1.0824810E+04   6.3744546E-02   1.0523378E-03   4.1154787E-02
   1.1594203E-01   2.7467955E+03   1.4207563E+03   4.1675518E+03   6.8895887E-02   3.2036842E-02   4.2826367E-02
   1.3043478E-01   6.7354372E+02   1.6838593E+02   8.4192965E+02   1.2762864E-01   4.3807018E-06   1.0210360E-01
   1.4492754E-01   4.5464201E+02   0.0000000E+00   4.5464201E+02   2.1783178E-01   0.0000000E+00   2.1783178E-01
   1.5942029E-01   2.7554061E+02   1.3777031E+02   4.1331092E+02   2.0088001E-01   4.8942741E-06   1.3391855E-01
   1.7391304E-01   4.4201307E+02   0.0000000E+00   4.4201307E+02   2.4677050E-01   0.0000000E+00   2.4677050E-01
   1.8840580E-01   2.3314975E+02   1.1657487E+02   3.4972462E+02   2.8369545E-01   3.5982275E-06   1.8913150E-01
   2.0289855E-01   2.1649620E+02   5.4124049E+01   2.7062024E+02   3.3910302E-01   1.2330599E-04   2.7130686E-01
   2.1739130E-01   2.5257889E+02   0.0000000E+00   2.5257889E+02   1.3738208E-01   0.0000000E+00   1.3738208E-01
   2.3188406E-01   0.0000000E+00   0.0000000E+00   0.0000000E+00   0.0000000E+00   0.0000000E+00   0.0000000E+00
   2.4637681E-01   4.4572746E+01   8.9145492E+01   1.3371824E+02   4.2724348E-01   4.1350771E-06   1.4241181E-01
   2.6086957E-01   0.0000000E+00   4.2096482E+01   4.2096482E+01   0.0000000E+00   3.9179426E-06   3.9179426E-06
   2.7536232E-01   3.9880878E+01   0.0000000E+00   3.9880878E+01   9.5015487E-02   0.0000000E+00   9.5015487E-02
   2.8985507E-01   7.5773668E+01   0.0000000E+00   7.5773668E+01   1.2282345E-01   0.0000000E+00   1.2282345E-01
   3.0434783E-01   0.0000000E+00   0.0000000E+00   0.0000000E+00   0.0000000E+00   0.0000000E+00   0.0000000E+00
   3.1884058E-01   0.0000000E+00   0.0000000E+00   0.0000000E+00   0.0000000E+00   0.0000000E+00   0.0000000E+00
   3.3333333E-01   0.0000000E+00   0.0000000E+00   0.0000000E+00   0.0000000E+00   0.0000000E+00   0.0000000E+00
   3.4782609E-01   3.1572362E+01   3.1572362E+01   6.3144724E+01   2.4994263E-01   1.4453816E-05   1.2497784E-01
   3.6231884E-01   0.0000000E+00   0.0000000E+00   0.0000000E+00   0.0000000E+00   0.0000000E+00   0.0000000E+00
   3.7681159E-01   0.0000000E+00   0.0000000E+00   0.0000000E+00   0.0000000E+00   0.0000000E+00   0.0000000E+00
   3.9130435E-01   0.0000000E+00   0.0000000E+00   0.0000000E+00   0.0000000E+00   0.0000000E+00   0.0000000E+00
   4.0579710E-01   2.7062024E+01   0.0000000E+00   2.7062024E+01   7.2163863E-05   0.0000000E+00   7.2163863E-05
   4.2028986E-01   0.0000000E+00   0.0000000E+00   0.0000000E+00   0.0000000E+00   0.0000000E+00   0.0000000E+00
   4.3478261E-01   0.0000000E+00   0.0000000E+00   0.0000000E+00   0.0000000E+00   0.0000000E+00   0.0000000E+00
   4.4927536E-01   2.4443119E+01   0.0000000E+00   2.4443119E+01   5.6416570E-05   0.0000000E+00   5.6416570E-05
   4.6376812E-01   0.0000000E+00   0.0000000E+00   0.0000000E+00   0.0000000E+00   0.0000000E+00   0.0000000E+00
   4.7826087E-01   2.2961718E+01   0.0000000E+00   2.2961718E+01   1.4540088E-03   0.0000000E+00   1.4540088E-03
   4.9275362E-01   0.0000000E+00   0.0000000E+00   0.0000000E+00   0.0000000E+00   0.0000000E+00   0.0000000E+00
   5.0724638E-01   0.0000000E+00   0.0000000E+00   0.0000000E+00   0.0000000E+00   0.0000000E+00   0.0000000E+00
   5.2173913E-01   0.0000000E+00   0.0000000E+00   0.0000000E+00   0.0000000E+00   0.0000000E+00   0.0000000E+00
   5.3623188E-01   0.0000000E+00   0.0000000E+00   0.0000000E+00   0.0000000E+00   0.0000000E+00   0.0000000E+00
   5.5072464E-01   0.0000000E+00   0.0000000E+00   0.0000000E+00   0.0000000E+00   0.0000000E+00   0.0000000E+00
   5.6521739E-01   0.0000000E+00   0.0000000E+00   0.0000000E+00   0.0000000E+00   0.0000000E+00   0.0000000E+00
   5.7971014E-01   0.0000000E+00   0.0000000E+00   0.0000000E+00   0.0000000E+00   0.0000000E+00   0.0000000E+00
   5.9420290E-01   0.0000000E+00   0.0000000E+00   0.0000000E+00   0.0000000E+00   0.0000000E+00   0.0000000E+00
   6.0869565E-01   0.0000000E+00   0.0000000E+00   0.0000000E+00   0.0000000E+00   0.0000000E+00   0.0000000E+00
   6.2318841E-01   0.0000000E+00   0.0000000E+00   0.0000000E+00   0.0000000E+00   0.0000000E+00   0.0000000E+00
   6.3768116E-01   0.0000000E+00   0.0000000E+00   0.0000000E+00   0.0000000E+00   0.0000000E+00   0.0000000E+00
   6.5217391E-01   0.0000000E+00   0.0000000E+00   0.0000000E+00   0.0000000E+00   0.0000000E+00   0.0000000E+00
   6.6666667E-01   0.0000000E+00   0.0000000E+00   0.0000000E+00   0.0000000E+00   0.0000000E+00   0.0000000E+00
   6.8115942E-01   0.0000000E+00   0.0000000E+00   0.0000000E+00   0.0000000E+00   0.0000000E+00   0.0000000E+00
   6.9565217E-01   0.0000000E+00   0.0000000E+00   0.0000000E+00   0.0000000E+00   0.0000000E+00   0.0000000E+00
   7.1014493E-01   0.0000000E+00   0.0000000E+00   0.0000000E+00   0.0000000E+00   0.0000000E+00   0.0000000E+00
   7.2463768E-01   0.0000000E+00   0.0000000E+00   0.0000000E+00   0.0000000E+00   0.0000000E+00   0.0000000E+00
   7.3913043E-01   0.0000000E+00   0.0000000E+00   0.0000000E+00   0.0000000E+00   0.0000000E+00   0.0000000E+00
   7.5362319E-01   0.0000000E+00   0.0000000E+00   0.0000000E+00   0.0000000E+00   0.0000000E+00   0.0000000E+00
   7.6811594E-01   0.0000000E+00   0.0000000E+00   0.0000000E+00   0.0000000E+00   0.0000000E+00   0.0000000E+00
   7.8260870E-01   0.0000000E+00   0.0000000E+00   0.0000000E+00   0.0000000E+00   0.0000000E+00   0.0000000E+00
   7.9710145E-01   0.0000000E+00   0.0000000E+00   0.0000000E+00   0.0000000E+00   0.0000000E+00   0.0000000E+00
   8.1159420E-01   0.0000000E+00   0.0000000E+00   0.0000000E+00   0.0000000E+00   0.0000000E+00   0.0000000E+00
   8.2608696E-01   0.0000000E+00   0.0000000E+00   0.0000000E+00   0.0000000E+00   0.0000000E+00   0.0000000E+00
   8.4057971E-01   0.0000000E+00   0.0000000E+00   0.0000000E+00   0.0000000E+00   0.0000000E+00   0.0000000E+00
   8.5507246E-01   0.0000000E+00   0.0000000E+00   0.0000000E+00   0.0000000E+00   0.0000000E+00   0.0000000E+00
   8.6956522E-01   0.0000000E+00   0.0000000E+00   0.0000000E+00   0.0000000E+00   0.0000000E+00   0.0000000E+00
   8.8405797E-01   0.0000000E+00   0.0000000E+00   0.0000000E+00   0.0000000E+00   0.0000000E+00   0.0000000E+00
   8.9855072E-01   0.0000000E+00   0.0000000E+00   0.0000000E+00   0.0000000E+00   0.0000000E+00   0.0000000E+00
   9.1304348E-01   0.0000000E+00   0.0000000E+00   0.0000000E+00   0.0000000E+00   0.0000000E+00   0.0000000E+00
   9.2753623E-01   0.0000000E+00   0.0000000E+00   0.0000000E+00   0.0000000E+00   0.0000000E+00   0.0000000E+00
   9.4202899E-01   0.0000000E+00   0.0000000E+00   0.0000000E+00   0.0000000E+00   0.0000000E+00   0.0000000E+00
   9.5652174E-01   0.0000000E+00   0.0000000E+00   0.0000000E+00   0.0000000E+00   0.0000000E+00   0.0000000E+00
   9.7101449E-01   0.0000000E+00   0.0000000E+00   0.0000000E+00   0.0000000E+00   0.0000000E+00   0.0000000E+00
   9.8550725E-01   0.0000000E+00   0.0000000E+00   0.0000000E+00   0.0000000E+00   0.0000000E+00   0.0000000E+00
   1.0000000E+00   0.0000000E+00   0.0000000E+00   0.0000000E+00   0.0000000E+00   0.0000000E+00   0.0000000E+00
