   0.0000000E+00   6.7287018E+05   1.0541633E+07   1.1214503E+07   2.5104779E-03   3.6991775E-05   1.2608962E-04
   1.4492754E-02   6.7438565E+05   1.1692635E+07   1.2367020E+07   4.9388166E-04   1.3118517E-06   2.6258185E-05
   2.8985507E-02   6.6264073E+05   1.1067502E+07   1.1729764E+07   2.9552039E-04   1.1723614E-05   2.4344585E-05
   4.3478261E-02   6.6882891E+05   9.2259493E+06   9.8942730E+06   6.4743369E-04   1.2928863E-05   3.4013917E-05
   5.7971014E-02   6.9863322E+05   7.5040558E+06   8.2026890E+06   9.3974396E-05   7.3254031E-06   8.4856876E-06
   7.2463768E-02   6.9044967E+05   5.8967069E+06   6.5867019E+06   1.2951512E-04   2.1946659E-05   2.6795405E-05
   8.6956522E-02   6.8107899E+05   4.4818862E+06   5.1628389E+06   2.3981089E-04   4.3938137E-05   5.0600215E-05
   1.0144928E-01   7.1032402E+05   3.2663863E+06   3.9764939E+06   1.3753732E-04   4.5523680E-05   5.2551994E-05
   1.1594203E-01   7.2837439E+05   2.3039931E+06   3.0323675E+06   2.3998632E-04   7.4025011E-05   2.3285718E-05
   1.3043478E-01   7.1033604E+05   1.5926783E+06   2.3030144E+06   3.0363106E-04   2.4609713E-05   9.8314305E-05
   1.4492754E-01   7.3962678E+05   1.0984151E+06   1.8379661E+06   2.6511246E-04   1.4550336E-04   1.5514986E-04
   1.5942029E-01   7.5587678E+05   7.4437296E+05   1.5001809E+06   7.2742739E-05   3.3853196E-04   1.9437613E-04
   1.7391304E-01   7.6108335E+05   4.9543350E+05   1.2565169E+06   1.9962461E-04   1.1829249E-04   1.4699302E-04
   1.8840580E-01   7.8740499E+05   3.4535307E+05   1.1327581E+06   1.4646708E-04   3.6298752E-04   1.4822893E-04
   2.0289855E-01   8.0818030E+05   2.3533136E+05   1.0435117E+06   8.3620393E-05   4.8291658E-04   1.2553034E-04
   2.1739130E-01   8.2588247E+05   1.7119797E+05   9.9702993E+05   1.5692474E-04   1.9565510E-04   1.4654303E-04
   2.3188406E-01   8.5534264E+05   1.2313221E+05   9.7847485E+05   8.1899132E-05   8.2822261E-04   1.3028845E-04
   2.4637681E-01   8.9181150E+05   9.8060041E+04   9.8987155E+05   4.8296078E-05   5.2343027E-04   8.2345846E-05
   2.6086957E-01   9.0781064E+05   7.8509940E+04   9.8627849E+05   4.3579704E-05   9.9755863E-04   1.0225798E-04
   2.7536232E-01   9.4118872E+05   6.4607023E+04   1.0057957E+06   1.2316960E-04   7.1466511E-04   1.3145389E-04
   2.8985507E-01   9.8736879E+05   5.3117342E+04   1.0404482E+06   1.1158201E-04   1.9959918E-03   2.0039226E-04
   3.0434783E-01   1.0172435E+06   4.2938412E+04   1.0601819E+06   2.8753514E-05   9.0087924E-06   2.7869143E-05
   3.1884058E-01   1.0316585E+06   3.7404638E+04   1.0690631E+06   8.3459635E-05   3.9765251E-05   7.9423098E-05
   3.3333333E-01   1.0554943E+06   3.0968369E+04   1.0864626E+06   2.8080047E-05   3.5496405E-06   2.7184491E-05
   3.4782609E-01   1.0644622E+06   2.4563298E+04   1.0889939E+06   1.7223344E-05   2.4344403E-06   1.6783551E-05
   3.6231884E-01   1.0381902E+06   1.9488988E+04   1.0575579E+06   5.7555014E-05   4.4942197E-05   5.6356801E-05
   3.7681159E-01   1.0040011E+06   1.5970758E+04   1.0199719E+06   1.0872575E-05   8.7266755E-04   2.2327958E-05
   3.9130435E-01   9.5620757E+05   1.1506372E+04   9.6768587E+05   3.6034093E-06   3.7194931E-05   3.6609305E-06
   4.0579710E-01   8.9177489E+05   7.3067466E+03   8.9908164E+05   1.2840277E-05   2.6684224E-04   1.2948766E-05
   4.2028986E-01   8.1033406E+05   5.3564145E+03   8.1569048E+05   1.8470482E-05   4.7792318E-06   1.8353699E-05
   4.3478261E-01   7.1472250E+05   3.6623940E+03   7.1838489E+05   2.1674558E-05   7.5620249E-06   2.1600526E-05
   4.4927536E-01   5.9035021E+05   2.2243238E+03   5.9252564E+05   4.4376747E-05   8.9572097E-03   7.6403471E-05
   4.6376812E-01   4.8646695E+05   1.5391526E+03   4.8800610E+05   2.5435924E-05   6.5771270E-06   2.5371776E-05
   4.7826087E-01   3.8075120E+05   9.1846871E+02   3.8166967E+05   5.3945360E-05   1.2583360E-05   5.3795288E-05
   4.9275362E-01   2.9772366E+05   6.4630482E+02   2.9839225E+05   3.6173384E-05   2.5567448E-05   3.6074238E-05
   5.0724638E-01   2.2203850E+05   7.1443744E+02   2.2275294E+05   4.3955918E-06   8.9315303E-06   4.4100786E-06
   5.2173913E-01   1.6392370E+05   2.9467538E+02   1.6421838E+05   1.8739584E-04   5.0141449E-02   2.0006917E-04
   5.3623188E-01   1.1890322E+05   3.6862866E+02   1.1927185E+05   4.1392777E-05   4.7924251E-06   4.1263843E-05
   5.5072464E-01   8.9512631E+04   1.3958307E+02   8.9652214E+04   7.2776942E-05   6.0330463E-05   7.2579106E-05
   5.6521739E-01   6.4679626E+04   1.5543317E+02   6.4835059E+04   6.7679019E-06   2.6947299E-06   6.7456559E-06
   5.7971014E-01   4.8324657E+04   1.5154734E+02   4.8476204E+04   7.2836455E-05   3.2867184E-02   5.7964918E-05
   5.9420290E-01   3.5706031E+04   9.2406913E+01   3.5798438E+04   9.1844798E-06   9.4526928E-06   9.1789522E-06
   6.0869565E-01   2.7603265E+04   9.0206748E+01   2.7693472E+04   9.6660804E-06   4.4748611E-06   9.6298740E-06
   6.2318841E-01   2.1463332E+04   5.2865350E+01   2.1516197E+04   3.4496954E-04   1.9604861E-05   3.4416757E-04
   6.3768116E-01   1.7066297E+04   3.4442577E+01   1.7100739E+04   4.7059150E-04   4.7365393E-05   4.6957217E-04
   6.5217391E-01   1.3891839E+04   5.0515779E+01   1.3942355E+04   7.4876460E-06   1.0660891E-05   7.4922076E-06
   6.6666667E-01   1.0690676E+04   3.2945073E+01   1.0723621E+04   1.0202738E-03   4.9289040E-07   1.0171403E-03
   6.8115942E-01   9.7216004E+03   4.8366171E+01   9.7699666E+03   4.1342312E-04   1.2339684E-06   4.1137809E-04
   6.9565217E-01   6.9617058E+03   1.5786181E+01   6.9774920E+03   7.7100982E-04   0.0000000E+00   7.6926545E-04
   7.1014493E-01   6.1701416E+03   1.5464014E+01   6.1856056E+03   1.5857493E-03   0.0000000E+00   1.5817849E-03
   7.2463768E-01   5.1677642E+03   4.5464201E+01   5.2132284E+03   1.0769529E-05   1.0917233E-06   1.0674988E-05
   7.3913043E-01   4.1898381E+03   0.0000000E+00   4.1898381E+03   1.2042807E-03   0.0000000E+00   1.2042807E-03
   7.5362319E-01   2.9289437E+03   2.9143719E+01   2.9580874E+03   4.4946658E-06   1.8019530E-05   4.4436818E-06
   7.6811594E-01   2.4018823E+03   0.0000000E+00   2.4018823E+03   1.3934879E-03   0.0000000E+00   1.3934879E-03
   7.8260870E-01   1.9785347E+03   4.2096482E+01   2.0206312E+03   2.8429120E-03   9.9902841E-06   2.7836412E-03
   7.9710145E-01   1.4328112E+03   2.7554061E+01   1.4603652E+03   3.0664550E-03   3.6894133E-06   3.0085344E-03
   8.1159420E-01   1.2042601E+03   0.0000000E+00   1.2042601E+03   4.2638912E-06   0.0000000E+00   4.2638912E-06
   8.2608696E-01   7.3114943E+02   1.3293626E+01   7.4444306E+02   6.9109613E-07   8.9681101E-01   1.6014946E-02
   8.4057971E-01   6.4015685E+02   0.0000000E+00   6.4015685E+02   8.1944499E-03   0.0000000E+00   8.1944499E-03
   8.5507246E-01   6.4214973E+02   0.0000000E+00   6.4214973E+02   1.6351522E-05   0.0000000E+00   1.6351522E-05
   8.6956522E-01   4.2938412E+02   0.0000000E+00   4.2938412E+02   1.0129540E-05   0.0000000E+00   1.0129540E-05
   8.8405797E-01   1.9875061E+02   1.2421913E+01   2.1117252E+02   3.1903291E-06   0.0000000E+00   3.0026626E-06
   8.9855072E-01   1.0999403E+02   1.2221559E+01   1.2221559E+02   4.0519220E-06   0.0000000E+00   3.6467298E-06
   9.1304348E-01   9.6220531E+01   0.0000000E+00   9.6220531E+01   3.1424596E-06   0.0000000E+00   3.1424596E-06
   9.2753623E-01   5.9198178E+01   0.0000000E+00   5.9198178E+01   8.5312997E-02   0.0000000E+00   8.5312997E-02
   9.4202899E-01   5.8287437E+01   0.0000000E+00   5.8287437E+01   1.1930567E-02   0.0000000E+00   1.1930567E-02
   9.5652174E-01   3.4442577E+01   0.0000000E+00   3.4442577E+01   8.4007011E-06   0.0000000E+00   8.4007011E-06
   9.7101449E-01   3.3928508E+01   0.0000000E+00   3.3928508E+01   7.7738661E-06   0.0000000E+00   7.7738661E-06
   9.8550725E-01   0.0000000E+00   0.0000000E+00   0.0000000E+00   0.0000000E+00   0.0000000E+00   0.0000000E+00
   1.0000000E+00   0.0000000E+00   0.0000000E+00   0.0000000E+00   0.0000000E+00   0.0000000E+00   0.0000000E+00
