   0.0000000E+00   4.4063904E+07   2.3217052E+07   6.7280956E+07   2.3747664E-03   1.9758745E-03   1.9590303E-03
   1.4492754E-02   4.5589228E+07   2.4040712E+07   6.9629939E+07   1.7495930E-04   8.3877992E-04   4.0116243E-04
   2.8985507E-02   4.4701918E+07   2.2852581E+07   6.7554120E+07   4.9938293E-04   7.2420601E-04   8.7639544E-05
   4.3478261E-02   3.6722951E+07   1.8544342E+07   5.5267293E+07   5.0586074E-04   2.8691808E-04   2.5249017E-04
   5.7971014E-02   2.5213309E+07   1.2593394E+07   3.7806704E+07   6.6698952E-04   5.1997427E-04   4.0672247E-04
   7.2463768E-02   1.3404362E+07   6.6015535E+06   2.0005764E+07   1.2794661E-03   9.2920532E-04   1.1526606E-03
   8.6956522E-02   7.3701259E+06   3.6185715E+06   1.0988445E+07   2.7141836E-03   2.1769388E-03   2.5328471E-03
   1.0144928E-01   4.1124535E+06   1.9834299E+06   6.0958834E+06   4.6566507E-03   6.4246376E-03   5.2290391E-03
   1.1594203E-01   1.4724718E+06   7.0914682E+05   2.1816186E+06   1.7719512E-02   1.6490394E-02   1.7319875E-02
   1.3043478E-01   3.0730432E+04   1.4733769E+04   4.5464201E+04   8.2692198E-02   9.5897161E-02   8.6108629E-02
   1.4492754E-01   1.6594433E+04   6.8196302E+03   2.3414064E+04   1.1533103E-01   8.6785144E-02   1.0673628E-01
   1.5942029E-01   8.0595629E+03   5.5108122E+03   1.3570375E+04   1.2573876E-01   1.0443399E-01   1.1674669E-01
   1.7391304E-01   6.5039065E+03   2.9678020E+03   9.4717086E+03   1.2108400E-01   1.2736304E-01   1.2302043E-01
   1.8840580E-01   4.4881327E+03   1.4571859E+03   5.9453186E+03   1.3897813E-01   1.9222060E-01   1.5131502E-01
   2.0289855E-01   2.8685746E+03   1.6237215E+03   4.4922961E+03   1.5232850E-01   2.0100602E-01   1.6992260E-01
   2.1739130E-01   2.2226943E+03   1.1618629E+03   3.3845572E+03   1.6168285E-01   2.4041138E-01   1.8755461E-01
   2.3188406E-01   1.7996246E+03   7.5773668E+02   2.5573613E+03   1.8054819E-01   1.2446290E-01   1.6218171E-01
   2.4637681E-01   1.1143187E+03   1.1143187E+03   2.2286373E+03   1.6494113E-01   2.3212506E-01   1.9839727E-01
   2.6086957E-01   1.4733769E+03   5.4725427E+02   2.0206312E+03   2.4244721E-01   1.5797169E-01   2.1758187E-01
   2.7536232E-01   8.3749844E+02   3.9880878E+02   1.2363072E+03   1.7770225E-01   1.6624790E-01   1.7387614E-01
   2.8985507E-01   8.3351035E+02   3.4098151E+02   1.1744919E+03   1.5757088E-01   1.2613871E-01   1.4787403E-01
   3.0434783E-01   4.3299239E+02   4.3299239E+02   8.6598478E+02   1.9989638E-01   1.7863074E-01   1.8925323E-01
   3.1884058E-01   5.8552380E+02   1.7221288E+02   7.5773668E+02   1.9850890E-01   3.4221218E-01   2.3112180E-01
   3.3333333E-01   2.3061551E+02   9.8835220E+01   3.2945073E+02   3.1457720E-01   3.6089274E-01   3.2817485E-01
   3.4782609E-01   3.4729598E+02   1.2628945E+02   4.7358543E+02   2.3544264E-01   2.7451356E-01   2.4518059E-01
   3.6231884E-01   2.7278521E+02   1.5154734E+02   4.2433254E+02   2.0802407E-01   3.4861269E-01   2.5665900E-01
   3.7681159E-01   2.6229347E+02   2.9143719E+01   2.9143719E+02   3.3387817E-01   1.6582751E-05   3.0048897E-01
   3.9130435E-01   8.4192965E+01   1.6838593E+02   2.5257889E+02   1.9143394E-01   2.9113847E-01   2.5508859E-01
   4.0579710E-01   2.7062024E+02   1.0824810E+02   3.7886834E+02   3.0686440E-01   3.5511055E-01   3.1843374E-01
   4.2028986E-01   2.6128851E+02   1.0451540E+02   3.6580392E+02   2.0226961E-01   2.5895855E-01   2.1844766E-01
   4.3478261E-01   1.7680523E+02   1.0103156E+02   2.7783678E+02   2.6868146E-01   3.2288305E-01   2.8694034E-01
   4.4927536E-01   9.7772475E+01   9.7772475E+01   1.9554495E+02   1.4774731E-01   2.0625097E-01   1.7595710E-01
   4.6376812E-01   2.3679271E+02   7.1037814E+01   3.0783053E+02   2.8573270E-01   2.3421803E-01   2.6671246E-01
   4.7826087E-01   1.3777031E+02   2.2961718E+01   1.6073202E+02   2.6145511E-01   4.9391383E-01   2.9278764E-01
   4.9275362E-01   8.9145492E+01   2.2286373E+01   1.1143187E+02   2.3702018E-01   2.2365054E-05   1.8961206E-01
   5.0724638E-01   8.6598478E+01   6.4948859E+01   1.5154734E+02   1.8567908E-01   1.0017236E-01   1.4691028E-01
   5.2173913E-01   6.3144724E+01   4.2096482E+01   1.0524121E+02   1.4930090E-01   3.6640715E-01   2.3002761E-01
   5.3623188E-01   2.0479370E+01   8.1917479E+01   1.0239685E+02   1.9235254E-01   3.0453251E-01   2.8033023E-01
   5.5072464E-01   1.3958307E+02   5.9821317E+01   1.9940439E+02   2.1560006E-01   1.2847426E-01   1.8887400E-01
   5.6521739E-01   5.8287437E+01   7.7716583E+01   1.3600402E+02   2.4225112E-01   2.8979562E-01   2.6726710E-01
   5.7971014E-01   5.6830251E+01   7.5773668E+01   1.3260392E+02   2.4449186E-01   3.3421649E-01   2.9558189E-01
   5.9420290E-01   7.3925530E+01   1.8481383E+01   9.2406913E+01   3.2577457E-01   2.7454584E-01   3.1550844E-01
   6.0869565E-01   7.2165398E+01   3.6082699E+01   1.0824810E+02   7.3832651E-02   3.5720415E-01   1.6433262E-01
   6.2318841E-01   1.0573070E+02   3.5243567E+01   1.4097427E+02   2.7910912E-01   2.3692402E-01   2.6732235E-01
   6.3768116E-01   6.8885153E+01   3.4442577E+01   1.0332773E+02   3.8797360E-01   3.3020918E-01   3.6189452E-01
   6.5217391E-01   3.3677186E+01   0.0000000E+00   3.3677186E+01   2.1817000E-01   0.0000000E+00   2.1817000E-01
   6.6666667E-01   0.0000000E+00   1.6472537E+01   1.6472537E+01   0.0000000E+00   2.2986971E-01   2.2986971E-01
   6.8115942E-01   0.0000000E+00   4.8366171E+01   4.8366171E+01   0.0000000E+00   4.6686751E-01   4.6686751E-01
   6.9565217E-01   3.1572362E+01   0.0000000E+00   3.1572362E+01   4.0943454E-01   0.0000000E+00   4.0943454E-01
   7.1014493E-01   1.5464014E+01   4.6392042E+01   6.1856056E+01   3.3769173E-01   4.3971388E-01   4.0522774E-01
   7.2463768E-01   3.0309467E+01   1.5154734E+01   4.5464201E+01   3.2864447E-01   3.0395477E-01   3.1994588E-01
   7.3913043E-01   1.4857582E+01   0.0000000E+00   1.4857582E+01   5.7816643E-05   0.0000000E+00   5.7816643E-05
   7.5362319E-01   5.8287437E+01   1.4571859E+01   7.2859297E+01   2.5976755E-01   2.0227411E-05   2.0781577E-01
   7.6811594E-01   1.4296919E+01   1.4296919E+01   2.8593837E+01   3.9242923E-01   4.5441724E-01   4.2340091E-01
   7.8260870E-01   1.4032161E+01   1.4032161E+01   2.8064322E+01   3.0315092E-01   6.0693003E-06   1.5157785E-01
   7.9710145E-01   0.0000000E+00   0.0000000E+00   0.0000000E+00   0.0000000E+00   0.0000000E+00   0.0000000E+00
   8.1159420E-01   1.3531012E+01   1.3531012E+01   2.7062024E+01   4.5750165E-01   3.0043296E-01   3.7688216E-01
   8.2608696E-01   1.3293626E+01   0.0000000E+00   1.3293626E+01   1.8210297E-01   0.0000000E+00   1.8210297E-01
   8.4057971E-01   0.0000000E+00   0.0000000E+00   0.0000000E+00   0.0000000E+00   0.0000000E+00   0.0000000E+00
   8.5507246E-01   0.0000000E+00   0.0000000E+00   0.0000000E+00   0.0000000E+00   0.0000000E+00   0.0000000E+00
   8.6956522E-01   1.2628945E+01   1.2628945E+01   2.5257889E+01   4.2495096E-01   4.3177480E-01   4.2533849E-01
   8.8405797E-01   0.0000000E+00   0.0000000E+00   0.0000000E+00   0.0000000E+00   0.0000000E+00   0.0000000E+00
   8.9855072E-01   0.0000000E+00   1.2221559E+01   1.2221559E+01   0.0000000E+00   3.9483342E-01   3.9483342E-01
   9.1304348E-01   0.0000000E+00   0.0000000E+00   0.0000000E+00   0.0000000E+00   0.0000000E+00   0.0000000E+00
   9.2753623E-01   0.0000000E+00   0.0000000E+00   0.0000000E+00   0.0000000E+00   0.0000000E+00   0.0000000E+00
   9.4202899E-01   0.0000000E+00   0.0000000E+00   0.0000000E+00   0.0000000E+00   0.0000000E+00   0.0000000E+00
   9.5652174E-01   0.0000000E+00   0.0000000E+00   0.0000000E+00   0.0000000E+00   0.0000000E+00   0.0000000E+00
   9.7101449E-01   1.1309503E+01   0.0000000E+00   1.1309503E+01   1.4307861E-05   0.0000000E+00   1.4307861E-05
   9.8550725E-01   0.0000000E+00   1.1143187E+01   1.1143187E+01   0.0000000E+00   4.1037936E-01   4.1037936E-01
   1.0000000E+00   0.0000000E+00   0.0000000E+00   0.0000000E+00   0.0000000E+00   0.0000000E+00   0.0000000E+00
