   0.0000000E+00   7.8756120E+07   3.9153770E+07   1.1790989E+08   1.5113069E-03   4.7614763E-05   1.0048883E-03
   1.4492754E-02   8.6209976E+07   4.3514545E+07   1.2972452E+08   8.0850091E-04   2.9131503E-06   5.3698731E-04
   2.8985507E-02   7.1480332E+07   3.5859131E+07   1.0733795E+08   4.1517302E-04   1.4356577E-05   2.7247990E-04
   4.3478261E-02   4.1377980E+07   2.0731928E+07   6.2108392E+07   6.3438839E-04   9.6067879E-05   4.4234040E-04
   5.7971014E-02   2.4210255E+07   1.2119998E+07   3.6330064E+07   1.0954788E-03   2.0016676E-04   7.9244600E-04
   7.2463768E-02   5.0804729E+06   2.5114425E+06   7.5919154E+06   5.8354774E-03   8.6615825E-04   4.1779102E-03
   8.6956522E-02   1.5211564E+06   7.4851755E+05   2.2696739E+06   1.0118645E-02   1.1609190E-03   7.1644671E-03
   1.0144928E-01   7.7267492E+05   3.7475491E+05   1.1474298E+06   6.9397973E-03   1.0559563E-03   5.0169991E-03
   1.1594203E-01   2.3612969E+05   1.0721974E+05   3.4334943E+05   2.4504911E-02   3.4212433E-04   1.6884452E-02
   1.3043478E-01   4.8495148E+04   1.4144418E+04   6.2639566E+04   1.5399418E-01   6.8444364E-06   1.1921976E-01
   1.4492754E-01   4.2054386E+04   1.1062956E+04   5.3117342E+04   1.9715526E-01   1.3255630E-04   1.5606618E-01
   1.5942029E-01   4.1813288E+04   1.1297165E+04   5.3110453E+04   2.4954723E-01   1.1925910E-05   1.9646782E-01
   1.7391304E-01   4.1738662E+04   1.0734603E+04   5.2473265E+04   2.7170217E-01   1.4387938E-05   2.1611635E-01
   1.8840580E-01   3.1416929E+04   7.2276422E+03   3.8644571E+04   3.0135103E-01   4.5821677E-06   2.4498890E-01
   2.0289855E-01   2.3273341E+04   6.2783897E+03   2.9551731E+04   3.1566785E-01   1.9300317E-06   2.4860250E-01
   2.1739130E-01   1.5811439E+04   4.6474517E+03   2.0458890E+04   3.2385473E-01   8.1298042E-06   2.5028589E-01
   2.3188406E-01   1.1129258E+04   3.7886834E+03   1.4917941E+04   3.2536741E-01   1.1861920E-05   2.4273733E-01
   2.4637681E-01   8.4688218E+03   2.1840646E+03   1.0652886E+04   3.3513493E-01   4.3570243E-06   2.6642612E-01
   2.6086957E-01   5.5988322E+03   1.8522452E+03   7.4510774E+03   3.3806843E-01   1.7778523E-05   2.5402448E-01
   2.7536232E-01   4.4267775E+03   1.2761881E+03   5.7029656E+03   3.2952820E-01   1.2290110E-06   2.5578746E-01
   2.8985507E-01   3.4855887E+03   8.7139719E+02   4.3569859E+03   3.4555646E-01   1.6385715E-06   2.7644488E-01
   3.0434783E-01   2.4175408E+03   7.2165398E+02   3.1391948E+03   3.5088907E-01   6.5841494E-06   2.7022342E-01
   3.1884058E-01   1.6876863E+03   4.8219607E+02   2.1698823E+03   3.3551711E-01   2.7814979E-06   2.6095714E-01
   3.3333333E-01   8.8951698E+02   2.6356059E+02   1.1530776E+03   3.2530708E-01   2.5273542E-07   2.5095122E-01
   3.4782609E-01   1.0103156E+03   2.8415126E+02   1.2944668E+03   3.3400410E-01   6.5280007E-04   2.6054288E-01
   3.6231884E-01   6.9711775E+02   2.7278521E+02   9.6990296E+02   3.3052943E-01   1.0487382E-04   2.3753969E-01
   3.7681159E-01   4.9544322E+02   2.3314975E+02   7.2859297E+02   3.4661611E-01   8.0694770E-06   2.3569640E-01
   3.9130435E-01   3.0870754E+02   1.6838593E+02   4.7709347E+02   3.6230329E-01   2.1552110E-05   2.3442395E-01
   4.0579710E-01   3.2474429E+02   5.4124049E+01   3.7886834E+02   3.4281895E-01   7.7434964E-06   2.9384592E-01
   4.2028986E-01   1.8290196E+02   2.6128851E+01   2.0903081E+02   3.8055208E-01   2.7984957E-07   3.3298311E-01
   4.3478261E-01   2.5257889E+02   2.5257889E+01   2.7783678E+02   3.3247935E-01   4.1035479E-06   3.0225358E-01
   4.4927536E-01   1.9554495E+02   2.4443119E+01   2.1998807E+02   3.6071049E-01   1.1396711E-05   3.2063282E-01
   4.6376812E-01   1.4207563E+02   2.3679271E+01   1.6575490E+02   3.4073860E-01   3.9010716E-05   2.9206710E-01
   4.7826087E-01   9.1846871E+01   4.5923435E+01   1.3777031E+02   3.3492372E-01   2.3156123E-06   2.2328325E-01
   4.9275362E-01   2.2286373E+01   0.0000000E+00   2.2286373E+01   3.8983080E-01   0.0000000E+00   3.8983080E-01
   5.0724638E-01   6.4948859E+01   6.4948859E+01   1.2989772E+02   1.3848002E-01   1.7014212E-06   6.9239215E-02
   5.2173913E-01   8.4192965E+01   2.1048241E+01   1.0524121E+02   2.0084165E-01   5.4897114E-06   1.6067442E-01
   5.3623188E-01   8.1917479E+01   2.0479370E+01   1.0239685E+02   2.1205381E-01   8.2099247E-05   1.6965947E-01
   5.5072464E-01   5.9821317E+01   1.9940439E+01   7.9761756E+01   1.4277715E-01   4.9302176E-06   1.0708163E-01
   5.6521739E-01   0.0000000E+00   1.9429146E+01   1.9429146E+01   0.0000000E+00   1.0438579E-05   1.0438579E-05
   5.7971014E-01   5.6830251E+01   0.0000000E+00   5.6830251E+01   2.7353768E-01   0.0000000E+00   2.7353768E-01
   5.9420290E-01   0.0000000E+00   0.0000000E+00   0.0000000E+00   0.0000000E+00   0.0000000E+00   0.0000000E+00
   6.0869565E-01   0.0000000E+00   1.8041350E+01   1.8041350E+01   0.0000000E+00   3.1905668E-05   3.1905668E-05
   6.2318841E-01   3.5243567E+01   0.0000000E+00   3.5243567E+01   2.0205878E-01   0.0000000E+00   2.0205878E-01
   6.3768116E-01   0.0000000E+00   0.0000000E+00   0.0000000E+00   0.0000000E+00   0.0000000E+00   0.0000000E+00
   6.5217391E-01   1.6838593E+01   0.0000000E+00   1.6838593E+01   1.3538013E-05   0.0000000E+00   1.3538013E-05
   6.6666667E-01   0.0000000E+00   0.0000000E+00   0.0000000E+00   0.0000000E+00   0.0000000E+00   0.0000000E+00
   6.8115942E-01   3.2244114E+01   0.0000000E+00   3.2244114E+01   1.7810858E-01   0.0000000E+00   1.7810858E-01
   6.9565217E-01   3.1572362E+01   0.0000000E+00   3.1572362E+01   1.8002068E-01   0.0000000E+00   1.8002068E-01
   7.1014493E-01   1.5464014E+01   0.0000000E+00   1.5464014E+01   1.8614371E-05   0.0000000E+00   1.8614371E-05
   7.2463768E-01   1.5154734E+01   0.0000000E+00   1.5154734E+01   3.6452938E-05   0.0000000E+00   3.6452938E-05
   7.3913043E-01   1.4857582E+01   0.0000000E+00   1.4857582E+01   1.9675736E-06   0.0000000E+00   1.9675736E-06
   7.5362319E-01   2.9143719E+01   0.0000000E+00   2.9143719E+01   3.5341800E-05   0.0000000E+00   3.5341800E-05
   7.6811594E-01   2.8593837E+01   0.0000000E+00   2.8593837E+01   1.6630287E-05   0.0000000E+00   1.6630287E-05
   7.8260870E-01   0.0000000E+00   0.0000000E+00   0.0000000E+00   0.0000000E+00   0.0000000E+00   0.0000000E+00
   7.9710145E-01   0.0000000E+00   0.0000000E+00   0.0000000E+00   0.0000000E+00   0.0000000E+00   0.0000000E+00
   8.1159420E-01   0.0000000E+00   0.0000000E+00   0.0000000E+00   0.0000000E+00   0.0000000E+00   0.0000000E+00
   8.2608696E-01   2.6587252E+01   0.0000000E+00   2.6587252E+01   9.8849597E-06   0.0000000E+00   9.8849597E-06
   8.4057971E-01   0.0000000E+00   0.0000000E+00   0.0000000E+00   0.0000000E+00   0.0000000E+00   0.0000000E+00
   8.5507246E-01   0.0000000E+00   0.0000000E+00   0.0000000E+00   0.0000000E+00   0.0000000E+00   0.0000000E+00
   8.6956522E-01   0.0000000E+00   0.0000000E+00   0.0000000E+00   0.0000000E+00   0.0000000E+00   0.0000000E+00
   8.8405797E-01   0.0000000E+00   0.0000000E+00   0.0000000E+00   0.0000000E+00   0.0000000E+00   0.0000000E+00
   8.9855072E-01   0.0000000E+00   0.0000000E+00   0.0000000E+00   0.0000000E+00   0.0000000E+00   0.0000000E+00
   9.1304348E-01   1.2027566E+01   0.0000000E+00   1.2027566E+01   2.0982959E-06   0.0000000E+00   2.0982959E-06
   9.2753623E-01   0.0000000E+00   0.0000000E+00   0.0000000E+00   0.0000000E+00   0.0000000E+00   0.0000000E+00
   9.4202899E-01   1.1657487E+01   0.0000000E+00   1.1657487E+01   3.0512073E-06   0.0000000E+00   3.0512073E-06
   9.5652174E-01   0.0000000E+00   0.0000000E+00   0.0000000E+00   0.0000000E+00   0.0000000E+00   0.0000000E+00
   9.7101449E-01   0.0000000E+00   0.0000000E+00   0.0000000E+00   0.0000000E+00   0.0000000E+00   0.0000000E+00
   9.8550725E-01   0.0000000E+00   0.0000000E+00   0.0000000E+00   0.0000000E+00   0.0000000E+00   0.0000000E+00
   1.0000000E+00   0.0000000E+00   0.0000000E+00   0.0000000E+00   0.0000000E+00   0.0000000E+00   0.0000000E+00
