   0.0000000E+00   1.9398059E+05   1.0911408E+05   3.0309467E+05   4.1147326E-02   5.5038787E-06   2.6334773E-02
   1.4492754E-02   1.8109907E+05   1.1214503E+05   2.9324410E+05   4.6626581E-03   5.4527112E-03   4.5413215E-03
   2.8985507E-02   1.7162736E+05   9.4338217E+04   2.6596558E+05   1.3854251E-02   3.7532045E-03   9.9311356E-03
   4.3478261E-02   1.8665580E+05   9.6485138E+04   2.8314094E+05   6.2096700E-03   3.1941400E-03   4.9544526E-03
   5.7971014E-02   1.7541604E+05   8.5055943E+04   2.6047199E+05   1.4954652E-03   6.0078739E-03   2.7642427E-03
   7.2463768E-02   1.7079385E+05   7.9865446E+04   2.5065930E+05   8.6891018E-03   4.5754030E-03   6.7385636E-03
   8.6956522E-02   1.4775865E+05   7.4889642E+04   2.2264830E+05   1.4062068E-02   3.6362021E-03   9.6513496E-03
   1.0144928E-01   1.2535130E+05   6.0835431E+04   1.8618673E+05   1.4532124E-02   1.6589660E-03   9.6266547E-03
   1.1594203E-01   7.4637063E+04   3.1161921E+04   1.0579898E+05   4.2477817E-02   2.4142149E-03   2.9824924E-02
   1.3043478E-01   2.2732101E+03   4.2096482E+02   2.6941749E+03   1.4982890E-01   1.3890515E-05   1.2642019E-01
   1.4492754E-01   1.1366050E+03   6.0618935E+02   1.7427944E+03   2.3364862E-01   2.7505567E-02   1.6194498E-01
   1.5942029E-01   8.2662184E+02   0.0000000E+00   8.2662184E+02   1.2060939E-01   0.0000000E+00   1.2060939E-01
   1.7391304E-01   2.5257889E+02   6.3144724E+01   3.1572362E+02   3.3489300E-01   1.6968745E-05   2.6791191E-01
   1.8840580E-01   4.0801206E+02   1.1657487E+02   5.2458694E+02   2.1933794E-01   3.0238534E-06   1.7059572E-01
   2.0289855E-01   2.7062024E+02   5.4124049E+01   3.2474429E+02   1.7751924E-01   3.0241333E-06   1.4793312E-01
   2.1739130E-01   2.5257889E+02   0.0000000E+00   2.5257889E+02   2.2500144E-01   0.0000000E+00   2.2500144E-01
   2.3188406E-01   9.4717086E+01   4.7358543E+01   1.4207563E+02   1.6560853E-01   6.8448068E-06   1.1040743E-01
   2.4637681E-01   8.9145492E+01   0.0000000E+00   8.9145492E+01   3.5816446E-01   0.0000000E+00   3.5816446E-01
   2.6086957E-01   1.2628945E+02   0.0000000E+00   1.2628945E+02   3.3506074E-01   0.0000000E+00   3.3506074E-01
   2.7536232E-01   0.0000000E+00   0.0000000E+00   0.0000000E+00   0.0000000E+00   0.0000000E+00   0.0000000E+00
   2.8985507E-01   0.0000000E+00   3.7886834E+01   3.7886834E+01   0.0000000E+00   6.7145705E-06   6.7145705E-06
   3.0434783E-01   3.6082699E+01   0.0000000E+00   3.6082699E+01   4.6663758E-01   0.0000000E+00   4.6663758E-01
   3.1884058E-01   0.0000000E+00   0.0000000E+00   0.0000000E+00   0.0000000E+00   0.0000000E+00   0.0000000E+00
   3.3333333E-01   3.2945073E+01   0.0000000E+00   3.2945073E+01   4.1026669E-01   0.0000000E+00   4.1026669E-01
   3.4782609E-01   3.1572362E+01   0.0000000E+00   3.1572362E+01   2.9925017E-01   0.0000000E+00   2.9925017E-01
   3.6231884E-01   3.0309467E+01   0.0000000E+00   3.0309467E+01   2.6493027E-01   0.0000000E+00   2.6493027E-01
   3.7681159E-01   5.8287437E+01   0.0000000E+00   5.8287437E+01   2.6291201E-01   0.0000000E+00   2.6291201E-01
   3.9130435E-01   0.0000000E+00   0.0000000E+00   0.0000000E+00   0.0000000E+00   0.0000000E+00   0.0000000E+00
   4.0579710E-01   0.0000000E+00   0.0000000E+00   0.0000000E+00   0.0000000E+00   0.0000000E+00   0.0000000E+00
   4.2028986E-01   0.0000000E+00   0.0000000E+00   0.0000000E+00   0.0000000E+00   0.0000000E+00   0.0000000E+00
   4.3478261E-01   0.0000000E+00   0.0000000E+00   0.0000000E+00   0.0000000E+00   0.0000000E+00   0.0000000E+00
   4.4927536E-01   0.0000000E+00   0.0000000E+00   0.0000000E+00   0.0000000E+00   0.0000000E+00   0.0000000E+00
   4.6376812E-01   0.0000000E+00   0.0000000E+00   0.0000000E+00   0.0000000E+00   0.0000000E+00   0.0000000E+00
   4.7826087E-01   0.0000000E+00   0.0000000E+00   0.0000000E+00   0.0000000E+00   0.0000000E+00   0.0000000E+00
   4.9275362E-01   0.0000000E+00   0.0000000E+00   0.0000000E+00   0.0000000E+00   0.0000000E+00   0.0000000E+00
   5.0724638E-01   2.1649620E+01   0.0000000E+00   2.1649620E+01   1.0027738E-01   0.0000000E+00   1.0027738E-01
   5.2173913E-01   0.0000000E+00   0.0000000E+00   0.0000000E+00   0.0000000E+00   0.0000000E+00   0.0000000E+00
   5.3623188E-01   0.0000000E+00   0.0000000E+00   0.0000000E+00   0.0000000E+00   0.0000000E+00   0.0000000E+00
   5.5072464E-01   1.9940439E+01   0.0000000E+00   1.9940439E+01   2.8987189E-01   0.0000000E+00   2.8987189E-01
   5.6521739E-01   0.0000000E+00   0.0000000E+00   0.0000000E+00   0.0000000E+00   0.0000000E+00   0.0000000E+00
   5.7971014E-01   0.0000000E+00   0.0000000E+00   0.0000000E+00   0.0000000E+00   0.0000000E+00   0.0000000E+00
   5.9420290E-01   0.0000000E+00   0.0000000E+00   0.0000000E+00   0.0000000E+00   0.0000000E+00   0.0000000E+00
   6.0869565E-01   1.8041350E+01   0.0000000E+00   1.8041350E+01   4.0826280E-01   0.0000000E+00   4.0826280E-01
   6.2318841E-01   0.0000000E+00   0.0000000E+00   0.0000000E+00   0.0000000E+00   0.0000000E+00   0.0000000E+00
   6.3768116E-01   0.0000000E+00   0.0000000E+00   0.0000000E+00   0.0000000E+00   0.0000000E+00   0.0000000E+00
   6.5217391E-01   0.0000000E+00   0.0000000E+00   0.0000000E+00   0.0000000E+00   0.0000000E+00   0.0000000E+00
   6.6666667E-01   0.0000000E+00   0.0000000E+00   0.0000000E+00   0.0000000E+00   0.0000000E+00   0.0000000E+00
   6.8115942E-01   0.0000000E+00   0.0000000E+00   0.0000000E+00   0.0000000E+00   0.0000000E+00   0.0000000E+00
   6.9565217E-01   0.0000000E+00   0.0000000E+00   0.0000000E+00   0.0000000E+00   0.0000000E+00   0.0000000E+00
   7.1014493E-01   0.0000000E+00   0.0000000E+00   0.0000000E+00   0.0000000E+00   0.0000000E+00   0.0000000E+00
   7.2463768E-01   0.0000000E+00   0.0000000E+00   0.0000000E+00   0.0000000E+00   0.0000000E+00   0.0000000E+00
   7.3913043E-01   0.0000000E+00   0.0000000E+00   0.0000000E+00   0.0000000E+00   0.0000000E+00   0.0000000E+00
   7.5362319E-01   0.0000000E+00   0.0000000E+00   0.0000000E+00   0.0000000E+00   0.0000000E+00   0.0000000E+00
   7.6811594E-01   0.0000000E+00   0.0000000E+00   0.0000000E+00   0.0000000E+00   0.0000000E+00   0.0000000E+00
   7.8260870E-01   0.0000000E+00   0.0000000E+00   0.0000000E+00   0.0000000E+00   0.0000000E+00   0.0000000E+00
   7.9710145E-01   0.0000000E+00   0.0000000E+00   0.0000000E+00   0.0000000E+00   0.0000000E+00   0.0000000E+00
   8.1159420E-01   0.0000000E+00   0.0000000E+00   0.0000000E+00   0.0000000E+00   0.0000000E+00   0.0000000E+00
   8.2608696E-01   0.0000000E+00   0.0000000E+00   0.0000000E+00   0.0000000E+00   0.0000000E+00   0.0000000E+00
   8.4057971E-01   0.0000000E+00   0.0000000E+00   0.0000000E+00   0.0000000E+00   0.0000000E+00   0.0000000E+00
   8.5507246E-01   0.0000000E+00   0.0000000E+00   0.0000000E+00   0.0000000E+00   0.0000000E+00   0.0000000E+00
   8.6956522E-01   0.0000000E+00   0.0000000E+00   0.0000000E+00   0.0000000E+00   0.0000000E+00   0.0000000E+00
   8.8405797E-01   1.2421913E+01   0.0000000E+00   1.2421913E+01   3.7727400E-01   0.0000000E+00   3.7727400E-01
   8.9855072E-01   0.0000000E+00   0.0000000E+00   0.0000000E+00   0.0000000E+00   0.0000000E+00   0.0000000E+00
   9.1304348E-01   0.0000000E+00   0.0000000E+00   0.0000000E+00   0.0000000E+00   0.0000000E+00   0.0000000E+00
   9.2753623E-01   0.0000000E+00   0.0000000E+00   0.0000000E+00   0.0000000E+00   0.0000000E+00   0.0000000E+00
   9.4202899E-01   0.0000000E+00   0.0000000E+00   0.0000000E+00   0.0000000E+00   0.0000000E+00   0.0000000E+00
   9.5652174E-01   0.0000000E+00   0.0000000E+00   0.0000000E+00   0.0000000E+00   0.0000000E+00   0.0000000E+00
   9.7101449E-01   0.0000000E+00   0.0000000E+00   0.0000000E+00   0.0000000E+00   0.0000000E+00   0.0000000E+00
   9.8550725E-01   0.0000000E+00   0.0000000E+00   0.0000000E+00   0.0000000E+00   0.0000000E+00   0.0000000E+00
   1.0000000E+00   0.0000000E+00   0.0000000E+00   0.0000000E+00   0.0000000E+00   0.0000000E+00   0.0000000E+00
