   0.0000000E+00   2.2429006E+05   1.5760923E+05   3.8189929E+05   0.0000000E+00   0.0000000E+00   0.0000000E+00
   1.4492754E-02   2.6823879E+05   1.3639260E+05   4.0463139E+05   0.0000000E+00   0.0000000E+00   0.0000000E+00
   2.8985507E-02   2.9703278E+05   1.4472771E+05   4.4176049E+05   0.0000000E+00   0.0000000E+00   0.0000000E+00
   4.3478261E-02   3.0612562E+05   1.5078960E+05   4.5691522E+05   0.0000000E+00   0.0000000E+00   0.0000000E+00
   5.7971014E-02   2.9210749E+05   1.5003186E+05   4.4213936E+05   0.0000000E+00   0.0000000E+00   0.0000000E+00
   7.2463768E-02   2.9142553E+05   1.4730401E+05   4.3872954E+05   0.0000000E+00   0.0000000E+00   0.0000000E+00
   8.6956522E-02   3.0498902E+05   1.5091589E+05   4.5590490E+05   0.0000000E+00   0.0000000E+00   0.0000000E+00
   1.0144928E-01   3.0482664E+05   1.5349580E+05   4.5832245E+05   0.0000000E+00   0.0000000E+00   0.0000000E+00
   1.1594203E-01   3.1285053E+05   1.5268394E+05   4.6553448E+05   0.0000000E+00   0.0000000E+00   0.0000000E+00
   1.3043478E-01   3.1942811E+05   1.6030341E+05   4.7973151E+05   0.0000000E+00   0.0000000E+00   0.0000000E+00
   1.4492754E-01   3.1529423E+05   1.5586644E+05   4.7116067E+05   0.0000000E+00   0.0000000E+00   0.0000000E+00
   1.5942029E-01   3.2196921E+05   1.5816031E+05   4.8012952E+05   0.0000000E+00   0.0000000E+00   0.0000000E+00
   1.7391304E-01   3.1862828E+05   1.6512345E+05   4.8375173E+05   0.0000000E+00   0.0000000E+00   0.0000000E+00
   1.8840580E-01   3.2640965E+05   1.6495345E+05   4.9136310E+05   0.0000000E+00   0.0000000E+00   0.0000000E+00
   2.0289855E-01   3.2961546E+05   1.5901646E+05   4.8863191E+05   0.0000000E+00   0.0000000E+00   0.0000000E+00
   2.1739130E-01   3.2006798E+05   1.6796496E+05   4.8803294E+05   0.0000000E+00   0.0000000E+00   0.0000000E+00
   2.3188406E-01   3.3463546E+05   1.6944887E+05   5.0408433E+05   0.0000000E+00   0.0000000E+00   0.0000000E+00
   2.4637681E-01   3.3830714E+05   1.6808383E+05   5.0639097E+05   0.0000000E+00   0.0000000E+00   0.0000000E+00
   2.6086957E-01   3.4291795E+05   1.6825964E+05   5.1113549E+05   0.0000000E+00   0.0000000E+00   0.0000000E+00
   2.7536232E-01   3.4620590E+05   1.7320265E+05   5.1936868E+05   0.0000000E+00   0.0000000E+00   0.0000000E+00
   2.8985507E-01   3.4889986E+05   1.7390057E+05   5.2280043E+05   0.0000000E+00   0.0000000E+00   0.0000000E+00
   3.0434783E-01   3.4545576E+05   1.7121241E+05   5.1663209E+05   0.0000000E+00   0.0000000E+00   0.0000000E+00
   3.1884058E-01   3.5169315E+05   1.7489940E+05   5.2659255E+05   0.0000000E+00   0.0000000E+00   0.0000000E+00
   3.3333333E-01   3.5007435E+05   1.7961654E+05   5.2969089E+05   0.0000000E+00   0.0000000E+00   0.0000000E+00
   3.4782609E-01   3.5550479E+05   1.7926787E+05   5.3470952E+05   0.0000000E+00   0.0000000E+00   0.0000000E+00
   3.6231884E-01   3.6271340E+05   1.8018978E+05   5.4287287E+05   0.0000000E+00   0.0000000E+00   0.0000000E+00
   3.7681159E-01   3.6205242E+05   1.8121564E+05   5.4323892E+05   0.0000000E+00   0.0000000E+00   0.0000000E+00
   3.9130435E-01   3.6231039E+05   1.7916263E+05   5.4138883E+05   0.0000000E+00   0.0000000E+00   0.0000000E+00
   4.0579710E-01   3.6116978E+05   1.8158618E+05   5.4270184E+05   0.0000000E+00   0.0000000E+00   0.0000000E+00
   4.2028986E-01   3.5611011E+05   1.8316325E+05   5.3922110E+05   0.0000000E+00   0.0000000E+00   0.0000000E+00
   4.3478261E-01   3.5464603E+05   1.7720935E+05   5.3185538E+05   0.0000000E+00   0.0000000E+00   0.0000000E+00
   4.4927536E-01   3.5728507E+05   1.7823922E+05   5.3547540E+05   0.0000000E+00   0.0000000E+00   0.0000000E+00
   4.6376812E-01   3.5597049E+05   1.7844699E+05   5.3441748E+05   0.0000000E+00   0.0000000E+00   0.0000000E+00
   4.7826087E-01   3.5106170E+05   1.7997394E+05   5.3103565E+05   0.0000000E+00   0.0000000E+00   0.0000000E+00
   4.9275362E-01   3.5294929E+05   1.7704295E+05   5.2994767E+05   0.0000000E+00   0.0000000E+00   0.0000000E+00
   5.0724638E-01   3.4674031E+05   1.7391139E+05   5.2060840E+05   0.0000000E+00   0.0000000E+00   0.0000000E+00
   5.2173913E-01   3.4506487E+05   1.7295340E+05   5.1801826E+05   0.0000000E+00   0.0000000E+00   0.0000000E+00
   5.3623188E-01   3.3338366E+05   1.7315307E+05   5.0647530E+05   0.0000000E+00   0.0000000E+00   0.0000000E+00
   5.5072464E-01   3.2694344E+05   1.6135803E+05   4.8824165E+05   0.0000000E+00   0.0000000E+00   0.0000000E+00
   5.6521739E-01   3.2122207E+05   1.6361284E+05   4.8477662E+05   0.0000000E+00   0.0000000E+00   0.0000000E+00
   5.7971014E-01   3.1737801E+05   1.5571489E+05   4.7309290E+05   0.0000000E+00   0.0000000E+00   0.0000000E+00
   5.9420290E-01   3.0740084E+05   1.5513273E+05   4.6251508E+05   0.0000000E+00   0.0000000E+00   0.0000000E+00
   6.0869565E-01   3.0083950E+05   1.4927413E+05   4.5007755E+05   0.0000000E+00   0.0000000E+00   0.0000000E+00
   6.2318841E-01   2.8638922E+05   1.4520349E+05   4.3155747E+05   0.0000000E+00   0.0000000E+00   0.0000000E+00
   6.3768116E-01   2.7428346E+05   1.3560042E+05   4.0988388E+05   0.0000000E+00   0.0000000E+00   0.0000000E+00
   6.5217391E-01   2.6315353E+05   1.2770389E+05   3.9082374E+05   0.0000000E+00   0.0000000E+00   0.0000000E+00
   6.6666667E-01   2.5145327E+05   1.2621258E+05   3.7758348E+05   0.0000000E+00   0.0000000E+00   0.0000000E+00
   6.8115942E-01   2.3896113E+05   1.1983525E+05   3.5879638E+05   0.0000000E+00   0.0000000E+00   0.0000000E+00
   6.9565217E-01   2.3112547E+05   1.1504969E+05   3.4617516E+05   0.0000000E+00   0.0000000E+00   0.0000000E+00
   7.1014493E-01   2.2407356E+05   1.0998007E+05   3.3402270E+05   0.0000000E+00   0.0000000E+00   0.0000000E+00
   7.2463768E-01   2.0989306E+05   1.0559818E+05   3.1546094E+05   0.0000000E+00   0.0000000E+00   0.0000000E+00
   7.3913043E-01   2.0209283E+05   1.0193787E+05   3.0401584E+05   0.0000000E+00   0.0000000E+00   0.0000000E+00
   7.5362319E-01   1.8721925E+05   9.5139669E+04   2.8232977E+05   0.0000000E+00   0.0000000E+00   0.0000000E+00
   7.6811594E-01   1.7403639E+05   8.7654408E+04   2.6167650E+05   0.0000000E+00   0.0000000E+00   0.0000000E+00
   7.8260870E-01   1.6037357E+05   8.0755085E+04   2.4110059E+05   0.0000000E+00   0.0000000E+00   0.0000000E+00
   7.9710145E-01   1.5252551E+05   7.6531405E+04   2.2901558E+05   0.0000000E+00   0.0000000E+00   0.0000000E+00
   8.1159420E-01   1.3981595E+05   6.9414093E+04   2.0921651E+05   0.0000000E+00   0.0000000E+00   0.0000000E+00
   8.2608696E-01   1.3142079E+05   6.6720709E+04   1.9812820E+05   0.0000000E+00   0.0000000E+00   0.0000000E+00
   8.4057971E-01   1.1867724E+05   5.9142655E+04   1.7781990E+05   0.0000000E+00   0.0000000E+00   0.0000000E+00
   8.5507246E-01   1.0770135E+05   5.4454297E+04   1.6215565E+05   0.0000000E+00   0.0000000E+00   0.0000000E+00
   8.6956522E-01   9.9478198E+04   4.8545664E+04   1.4802386E+05   0.0000000E+00   0.0000000E+00   0.0000000E+00
   8.8405797E-01   8.8940896E+04   4.5948656E+04   1.3487713E+05   0.0000000E+00   0.0000000E+00   0.0000000E+00
   8.9855072E-01   7.9843448E+04   3.9891170E+04   1.1971017E+05   0.0000000E+00   0.0000000E+00   0.0000000E+00
   9.1304348E-01   6.8472936E+04   3.4627364E+04   1.0310030E+05   0.0000000E+00   0.0000000E+00   0.0000000E+00
   9.2753623E-01   6.0157189E+04   2.9705646E+04   8.9862835E+04   0.0000000E+00   0.0000000E+00   0.0000000E+00
   9.4202899E-01   4.9719184E+04   2.4177629E+04   7.3896813E+04   0.0000000E+00   0.0000000E+00   0.0000000E+00
   9.5652174E-01   3.8449396E+04   1.9448575E+04   5.7897971E+04   0.0000000E+00   0.0000000E+00   0.0000000E+00
   9.7101449E-01   2.7504711E+04   1.3277356E+04   4.0782067E+04   0.0000000E+00   0.0000000E+00   0.0000000E+00
   9.8550725E-01   9.0371243E+03   4.3458427E+03   1.3382967E+04   0.0000000E+00   0.0000000E+00   0.0000000E+00
   1.0000000E+00   0.0000000E+00   0.0000000E+00   0.0000000E+00   0.0000000E+00   0.0000000E+00   0.0000000E+00
