   0.0000000E+00   3.2734225E+05   1.7579491E+05   5.0313716E+05   0.0000000E+00   0.0000000E+00   0.0000000E+00
   1.4492754E-02   2.8566673E+05   1.5078960E+05   4.3645633E+05   0.0000000E+00   0.0000000E+00   0.0000000E+00
   2.8985507E-02   2.8945541E+05   1.3790808E+05   4.2736349E+05   0.0000000E+00   0.0000000E+00   0.0000000E+00
   4.3478261E-02   2.8263578E+05   1.5179992E+05   4.3443570E+05   0.0000000E+00   0.0000000E+00   0.0000000E+00
   5.7971014E-02   3.0157920E+05   1.5419942E+05   4.5577862E+05   0.0000000E+00   0.0000000E+00   0.0000000E+00
   7.2463768E-02   2.8536364E+05   1.5109269E+05   4.3645633E+05   0.0000000E+00   0.0000000E+00   0.0000000E+00
   8.6956522E-02   3.0587304E+05   1.5028444E+05   4.5615748E+05   0.0000000E+00   0.0000000E+00   0.0000000E+00
   1.0144928E-01   3.1370299E+05   1.4743391E+05   4.6113690E+05   0.0000000E+00   0.0000000E+00   0.0000000E+00
   1.1594203E-01   3.1360827E+05   1.5855640E+05   4.7216467E+05   0.0000000E+00   0.0000000E+00   0.0000000E+00
   1.3043478E-01   3.0385241E+05   1.5996663E+05   4.6381904E+05   0.0000000E+00   0.0000000E+00   0.0000000E+00
   1.4492754E-01   3.1999220E+05   1.5048651E+05   4.7047871E+05   0.0000000E+00   0.0000000E+00   0.0000000E+00
   1.5942029E-01   3.1756056E+05   1.6504883E+05   4.8260938E+05   0.0000000E+00   0.0000000E+00   0.0000000E+00
   1.7391304E-01   3.1963859E+05   1.5912470E+05   4.7876329E+05   0.0000000E+00   0.0000000E+00   0.0000000E+00
   1.8840580E-01   3.2547705E+05   1.6104819E+05   4.8652524E+05   0.0000000E+00   0.0000000E+00   0.0000000E+00
   2.0289855E-01   3.3113093E+05   1.6659382E+05   4.9772475E+05   0.0000000E+00   0.0000000E+00   0.0000000E+00
   2.1739130E-01   3.3188867E+05   1.6559072E+05   4.9747939E+05   0.0000000E+00   0.0000000E+00   0.0000000E+00
   2.3188406E-01   3.3795056E+05   1.6485509E+05   5.0280565E+05   0.0000000E+00   0.0000000E+00   0.0000000E+00
   2.4637681E-01   3.3634594E+05   1.7432401E+05   5.1058081E+05   0.0000000E+00   0.0000000E+00   0.0000000E+00
   2.6086957E-01   3.4708550E+05   1.7078543E+05   5.1787093E+05   0.0000000E+00   0.0000000E+00   0.0000000E+00
   2.7536232E-01   3.4269639E+05   1.7663241E+05   5.1932879E+05   0.0000000E+00   0.0000000E+00   0.0000000E+00
   2.8985507E-01   3.4185291E+05   1.7454465E+05   5.1639755E+05   0.0000000E+00   0.0000000E+00   0.0000000E+00
   3.0434783E-01   3.4469803E+05   1.7759905E+05   5.2226099E+05   0.0000000E+00   0.0000000E+00   0.0000000E+00
   3.1884058E-01   3.5871943E+05   1.7383168E+05   5.3255112E+05   0.0000000E+00   0.0000000E+00   0.0000000E+00
   3.3333333E-01   3.5587268E+05   1.7658559E+05   5.3245827E+05   0.0000000E+00   0.0000000E+00   0.0000000E+00
   3.4782609E-01   3.5654668E+05   1.7724724E+05   5.3373078E+05   0.0000000E+00   0.0000000E+00   0.0000000E+00
   3.6231884E-01   3.5674243E+05   1.7867431E+05   5.3541674E+05   0.0000000E+00   0.0000000E+00   0.0000000E+00
   3.7681159E-01   3.5310529E+05   1.7949616E+05   5.3257231E+05   0.0000000E+00   0.0000000E+00   0.0000000E+00
   3.9130435E-01   3.6284361E+05   1.8095875E+05   5.4380236E+05   0.0000000E+00   0.0000000E+00   0.0000000E+00
   4.0579710E-01   3.6303706E+05   1.7679621E+05   5.3977914E+05   0.0000000E+00   0.0000000E+00   0.0000000E+00
   4.2028986E-01   3.5757333E+05   1.8081165E+05   5.3830659E+05   0.0000000E+00   0.0000000E+00   0.0000000E+00
   4.3478261E-01   3.6727497E+05   1.7667894E+05   5.4395391E+05   0.0000000E+00   0.0000000E+00   0.0000000E+00
   4.4927536E-01   3.6161150E+05   1.7936361E+05   5.4090178E+05   0.0000000E+00   0.0000000E+00   0.0000000E+00
   4.6376812E-01   3.5857521E+05   1.8334860E+05   5.4190013E+05   0.0000000E+00   0.0000000E+00   0.0000000E+00
   4.7826087E-01   3.5432227E+05   1.7705781E+05   5.3133415E+05   0.0000000E+00   0.0000000E+00   0.0000000E+00
   4.9275362E-01   3.5406361E+05   1.7880357E+05   5.3282261E+05   0.0000000E+00   0.0000000E+00   0.0000000E+00
   5.0724638E-01   3.4838568E+05   1.7685574E+05   5.2524142E+05   0.0000000E+00   0.0000000E+00   0.0000000E+00
   5.2173913E-01   3.4146562E+05   1.6844907E+05   5.0987260E+05   0.0000000E+00   0.0000000E+00   0.0000000E+00
   5.3623188E-01   3.3502201E+05   1.6395783E+05   4.9889793E+05   0.0000000E+00   0.0000000E+00   0.0000000E+00
   5.5072464E-01   3.2871814E+05   1.6726040E+05   4.9593866E+05   0.0000000E+00   0.0000000E+00   0.0000000E+00
   5.6521739E-01   3.1819112E+05   1.6085390E+05   4.7898673E+05   0.0000000E+00   0.0000000E+00   0.0000000E+00
   5.7971014E-01   3.1214963E+05   1.6113271E+05   4.7318762E+05   0.0000000E+00   0.0000000E+00   0.0000000E+00
   5.9420290E-01   3.0854668E+05   1.5123315E+05   4.5970591E+05   0.0000000E+00   0.0000000E+00   0.0000000E+00
   6.0869565E-01   2.9824155E+05   1.4851639E+05   4.4670382E+05   0.0000000E+00   0.0000000E+00   0.0000000E+00
   6.2318841E-01   2.8526143E+05   1.4106238E+05   4.2630618E+05   0.0000000E+00   0.0000000E+00   0.0000000E+00
   6.3768116E-01   2.7447289E+05   1.3808029E+05   4.1251874E+05   0.0000000E+00   0.0000000E+00   0.0000000E+00
   6.5217391E-01   2.6281676E+05   1.3009497E+05   3.9286121E+05   0.0000000E+00   0.0000000E+00   0.0000000E+00
   6.6666667E-01   2.5105793E+05   1.2698678E+05   3.7799530E+05   0.0000000E+00   0.0000000E+00   0.0000000E+00
   6.8115942E-01   2.3738117E+05   1.2152807E+05   3.5887699E+05   0.0000000E+00   0.0000000E+00   0.0000000E+00
   6.9565217E-01   2.2931006E+05   1.1388151E+05   3.4319157E+05   0.0000000E+00   0.0000000E+00   0.0000000E+00
   7.1014493E-01   2.2077973E+05   1.1158832E+05   3.3230620E+05   0.0000000E+00   0.0000000E+00   0.0000000E+00
   7.2463768E-01   2.1059018E+05   1.0656809E+05   3.1709765E+05   0.0000000E+00   0.0000000E+00   0.0000000E+00
   7.3913043E-01   1.9873502E+05   1.0043725E+05   2.9914256E+05   0.0000000E+00   0.0000000E+00   0.0000000E+00
   7.5362319E-01   1.8816642E+05   9.2356444E+04   2.8050829E+05   0.0000000E+00   0.0000000E+00   0.0000000E+00
   7.6811594E-01   1.7041927E+05   8.6968156E+04   2.5731594E+05   0.0000000E+00   0.0000000E+00   0.0000000E+00
   7.8260870E-01   1.6306774E+05   8.0614764E+04   2.4365444E+05   0.0000000E+00   0.0000000E+00   0.0000000E+00
   7.9710145E-01   1.5029363E+05   7.6862054E+04   2.2710057E+05   0.0000000E+00   0.0000000E+00   0.0000000E+00
   8.1159420E-01   1.4336107E+05   7.0726601E+04   2.1406061E+05   0.0000000E+00   0.0000000E+00   0.0000000E+00
   8.2608696E-01   1.3030412E+05   6.4553848E+04   1.9485797E+05   0.0000000E+00   0.0000000E+00   0.0000000E+00
   8.4057971E-01   1.2014046E+05   6.0174744E+04   1.8031520E+05   0.0000000E+00   0.0000000E+00   0.0000000E+00
   8.5507246E-01   1.1000025E+05   5.4929488E+04   1.6492974E+05   0.0000000E+00   0.0000000E+00   0.0000000E+00
   8.6956522E-01   1.0004650E+05   5.1349289E+04   1.5135790E+05   0.0000000E+00   0.0000000E+00   0.0000000E+00
   8.8405797E-01   8.9847696E+04   4.5116387E+04   1.3496408E+05   0.0000000E+00   0.0000000E+00   0.0000000E+00
   8.9855072E-01   7.9000160E+04   4.0074493E+04   1.1907465E+05   0.0000000E+00   0.0000000E+00   0.0000000E+00
   9.1304348E-01   7.1359552E+04   3.4928053E+04   1.0628760E+05   0.0000000E+00   0.0000000E+00   0.0000000E+00
   9.2753623E-01   5.9115301E+04   2.8687437E+04   8.7802738E+04   0.0000000E+00   0.0000000E+00   0.0000000E+00
   9.4202899E-01   4.7539234E+04   2.4107684E+04   7.1646918E+04   0.0000000E+00   0.0000000E+00   0.0000000E+00
   9.5652174E-01   3.8059047E+04   1.9414132E+04   5.7473179E+04   0.0000000E+00   0.0000000E+00   0.0000000E+00
   9.7101449E-01   2.7052331E+04   1.3729736E+04   4.0782067E+04   0.0000000E+00   0.0000000E+00   0.0000000E+00
   9.8550725E-01   9.1374130E+03   4.5687065E+03   1.3706119E+04   0.0000000E+00   0.0000000E+00   0.0000000E+00
   1.0000000E+00   0.0000000E+00   0.0000000E+00   0.0000000E+00   0.0000000E+00   0.0000000E+00   0.0000000E+00
