   0.0000000E+00   9.0928402E+05   1.0644685E+07   1.1553969E+07   7.0297454E-06   3.9945463E-06   3.9983541E-06
   1.4492754E-02   9.8354222E+05   1.0830330E+07   1.1813873E+07   6.9432380E-05   3.3951378E-05   2.9151551E-05
   2.8985507E-02   9.8354222E+05   1.0070321E+07   1.1053863E+07   1.9469986E-04   1.5523720E-05   4.2168610E-06
   4.3478261E-02   9.7697516E+05   8.4884189E+06   9.4646363E+06   1.3190731E-04   1.7289841E-05   2.1879709E-05
   5.7971014E-02   9.9168789E+05   7.1236720E+06   8.1153599E+06   5.4189524E-05   9.0578528E-06   2.8810372E-06
   7.2463768E-02   1.0541633E+06   5.8282075E+06   6.8822192E+06   1.0454640E-04   1.0339364E-05   1.3784113E-05
   8.6956522E-02   1.0575478E+06   4.4655949E+06   5.5231427E+06   4.1658019E-05   3.0959484E-05   1.7582182E-05
   1.0144928E-01   1.0732799E+06   3.3732272E+06   4.4462906E+06   1.8765836E-05   1.4696243E-05   7.4442493E-06
   1.1594203E-01   1.1005178E+06   2.4400068E+06   3.5400511E+06   1.2207605E-04   8.6408906E-05   9.7462146E-05
   1.3043478E-01   1.1217029E+06   1.7292393E+06   2.8507738E+06   1.0576143E-04   6.2197734E-05   7.9016380E-05
   1.4492754E-01   1.1494108E+06   1.1893435E+06   2.3386785E+06   1.1110310E-04   7.0159118E-05   8.7288976E-05
   1.5942029E-01   1.1735275E+06   8.2407309E+05   1.9976006E+06   4.1843201E-05   8.5778954E-05   1.9887227E-05
   1.7391304E-01   1.1992446E+06   5.5529470E+05   1.7544761E+06   1.1458692E-04   1.9022565E-04   2.2364263E-05
   1.8840580E-01   1.2416390E+06   3.7805232E+05   1.6196330E+06   2.7156872E-05   5.6431890E-05   3.2036253E-05
   2.0289855E-01   1.2713198E+06   2.5941657E+05   1.5307363E+06   4.5901155E-05   2.7752205E-04   1.7626003E-05
   2.1739130E-01   1.3205835E+06   1.8519085E+05   1.5056733E+06   8.1999015E-05   4.5709240E-04   7.1981506E-05
   2.3188406E-01   1.3203562E+06   1.4430148E+05   1.4646103E+06   3.0650912E-05   6.2621689E-04   3.7110018E-05
   2.4637681E-01   1.3629900E+06   1.0675173E+05   1.4697863E+06   9.3918041E-05   1.0263186E-04   9.3775753E-05
   2.6086957E-01   1.3500342E+06   8.2930070E+04   1.4328801E+06   2.3155830E-05   7.0418308E-04   4.3794054E-05
   2.7536232E-01   1.3321809E+06   6.6640947E+04   1.3987819E+06   2.4963899E-05   2.5038564E-04   3.5701112E-05
   2.8985507E-01   1.3039512E+06   5.5769420E+04   1.3597206E+06   1.2533018E-05   4.3324774E-04   2.3856507E-05
   3.0434783E-01   1.2553893E+06   4.6258020E+04   1.3015751E+06   6.1163527E-05   9.1133969E-04   4.2826971E-05
   3.1884058E-01   1.1981195E+06   3.8816784E+04   1.2369018E+06   4.3126122E-05   1.3307009E-03   5.6481966E-07
   3.3333333E-01   1.0979275E+06   3.0935424E+04   1.1288629E+06   7.1591622E-05   2.8634729E-04   6.9974051E-05
   3.4782609E-01   1.0125572E+06   2.5068455E+04   1.0376257E+06   4.8883459E-05   7.0817145E-06   4.7698229E-05
   3.6231884E-01   9.0670772E+05   2.0792295E+04   9.2743939E+05   5.0603159E-05   2.7176414E-04   4.7736654E-05
   3.7681159E-01   7.9227199E+05   1.5941614E+04   8.0821360E+05   2.8699777E-05   1.3525233E-06   2.8108258E-05
   3.9130435E-01   6.7446984E+05   1.1618629E+04   6.8606041E+05   4.3689426E-05   1.1307533E-03   3.1877472E-05
   4.0579710E-01   5.5774832E+05   8.1456694E+03   5.6586693E+05   8.2817101E-05   1.7777196E-04   8.1470222E-05
   4.2028986E-01   4.5189848E+05   5.6177030E+03   4.5751618E+05   6.8385230E-05   2.9282206E-03   3.2208744E-05
   4.3478261E-01   3.5671717E+05   4.4453885E+03   3.6113730E+05   5.2719853E-05   2.0554766E-06   5.2082164E-05
   4.4927536E-01   2.7576727E+05   2.9820605E+03   2.7874933E+05   2.1893704E-05   6.2987228E-03   4.7793458E-05
   4.6376812E-01   2.1415533E+05   1.8943417E+03   2.1604967E+05   5.3634572E-05   1.2413362E-05   5.3056410E-05
   4.7826087E-01   1.6204084E+05   1.4925117E+03   1.6353335E+05   2.5315912E-05   1.0961083E-03   3.2746330E-05
   4.9275362E-01   1.2175046E+05   8.9145492E+02   1.2264191E+05   1.5686064E-05   7.9111398E-05   1.5123627E-05
   5.0724638E-01   9.1967584E+04   4.5464201E+02   9.2422226E+04   3.5845928E-05   1.4933951E-05   3.5734199E-05
   5.2173913E-01   6.8932990E+04   3.7886834E+02   6.9311858E+04   1.0347807E-04   1.2374007E-05   1.0296740E-04
   5.3623188E-01   5.2713898E+04   2.8671118E+02   5.3000609E+04   1.3807244E-04   1.3338535E-05   1.3739524E-04
   5.5072464E-01   4.0937721E+04   1.9940439E+02   4.1137126E+04   1.9219007E-04   2.0642781E-06   1.9125174E-04
   5.6521739E-01   3.1922086E+04   1.1657487E+02   3.2038661E+04   9.0656633E-05   3.8232057E-06   9.0334011E-05
   5.7971014E-01   2.4569612E+04   9.4717086E+01   2.4664329E+04   2.5089859E-04   4.9305101E-06   2.4992226E-04
   5.9420290E-01   1.9516340E+04   9.2406913E+01   1.9608747E+04   2.5395991E-04   2.4084619E-06   2.5276603E-04
   6.0869565E-01   1.6183091E+04   9.0206748E+01   1.6273297E+04   1.6950758E-04   7.2508690E-06   1.6852856E-04
   6.2318841E-01   1.2493844E+04   5.2865350E+01   1.2546710E+04   1.8233308E-05   1.5336687E-06   1.8151222E-05
   6.3768116E-01   1.0504986E+04   6.8885153E+01   1.0573871E+04   4.4042448E-06   2.5330106E-06   4.3607377E-06
   6.5217391E-01   9.1938718E+03   5.0515779E+01   9.2443875E+03   2.4913001E-05   2.6909342E-01   1.4909795E-03
   6.6666667E-01   6.3583991E+03   8.2362683E+01   6.4407618E+03   1.5790702E-04   1.0641655E-05   1.5575732E-04
   6.8115942E-01   5.7878185E+03   1.6122057E+01   5.8039406E+03   1.1840874E-03   2.0706653E-06   1.1808035E-03
   6.9565217E-01   4.4201307E+03   3.1572362E+01   4.4517030E+03   1.6953586E-05   8.1797779E-06   1.6859678E-05
   7.1014493E-01   3.6185793E+03   3.0928028E+01   3.6495073E+03   5.3113390E-06   2.6722601E-07   5.2679671E-06
   7.2463768E-01   3.4552793E+03   0.0000000E+00   3.4552793E+03   1.2661059E-03   0.0000000E+00   1.2661059E-03
   7.3913043E-01   2.2880676E+03   0.0000000E+00   2.2880676E+03   2.7763171E-06   0.0000000E+00   2.7763171E-06
   7.5362319E-01   2.1712070E+03   1.4571859E+01   2.1857789E+03   1.2261498E-05   0.0000000E+00   1.2179754E-05
   7.6811594E-01   1.3868011E+03   0.0000000E+00   1.3868011E+03   4.0748123E-03   0.0000000E+00   4.0748123E-03
   7.8260870E-01   1.1085407E+03   1.4032161E+01   1.1225729E+03   7.8270208E-06   3.8419194E-06   7.7772060E-06
   7.9710145E-01   8.4039887E+02   0.0000000E+00   8.4039887E+02   8.8627525E-06   0.0000000E+00   8.8627525E-06
   8.1159420E-01   6.2242656E+02   0.0000000E+00   6.2242656E+02   2.7634607E-06   0.0000000E+00   2.7634607E-06
   8.2608696E-01   5.4503867E+02   1.3293626E+01   5.5833229E+02   8.8749089E-03   1.4057063E-05   8.6635926E-03
   8.4057971E-01   4.0499719E+02   2.6128851E+01   4.3112604E+02   1.0081779E-02   1.0505729E-05   9.4711330E-03
   8.5507246E-01   3.7244684E+02   0.0000000E+00   3.7244684E+02   1.7897630E-05   0.0000000E+00   1.7897630E-05
   8.6956522E-01   2.7783678E+02   1.2628945E+01   2.9046573E+02   8.7549367E-05   6.0563427E-07   8.3717575E-05
   8.8405797E-01   1.2421913E+02   0.0000000E+00   1.2421913E+02   2.5493704E-02   0.0000000E+00   2.5493704E-02
   8.9855072E-01   1.4665871E+02   2.4443119E+01   1.7110183E+02   3.5601398E-02   6.5240428E-05   3.0507031E-02
   9.1304348E-01   4.8110266E+01   0.0000000E+00   4.8110266E+01   2.1587949E-01   0.0000000E+00   2.1587949E-01
   9.2753623E-01   5.9198178E+01   0.0000000E+00   5.9198178E+01   3.8246527E-02   0.0000000E+00   3.8246527E-02
   9.4202899E-01   5.8287437E+01   0.0000000E+00   5.8287437E+01   1.0959509E-06   0.0000000E+00   1.0959509E-06
   9.5652174E-01   5.7404294E+01   0.0000000E+00   5.7404294E+01   1.4590403E-01   0.0000000E+00   1.4590403E-01
   9.7101449E-01   0.0000000E+00   0.0000000E+00   0.0000000E+00   0.0000000E+00   0.0000000E+00   0.0000000E+00
   9.8550725E-01   0.0000000E+00   0.0000000E+00   0.0000000E+00   0.0000000E+00   0.0000000E+00   0.0000000E+00
   1.0000000E+00   0.0000000E+00   0.0000000E+00   0.0000000E+00   0.0000000E+00   0.0000000E+00   0.0000000E+00
