   0.0000000E+00   3.5522696E+06   2.3823241E+06   5.9345937E+06   1.5060346E-03   2.0181843E-03   1.6712262E-04
   1.4492754E-02   3.5613624E+06   2.5512994E+06   6.1126618E+06   3.6586062E-04   1.1026929E-04   2.3469722E-04
   2.8985507E-02   3.5302952E+06   2.5899440E+06   6.1198603E+06   3.8060345E-04   1.6230099E-04   1.5841078E-04
   4.3478261E-02   3.5868729E+06   2.4800722E+06   6.0666925E+06   3.8247890E-04   1.9399273E-04   3.0286292E-04
   5.7971014E-02   3.5456394E+06   2.3470894E+06   5.8927288E+06   1.4725414E-04   1.8329375E-04   3.6166266E-05
   7.2463768E-02   3.5124126E+06   2.1809177E+06   5.6931788E+06   2.7618451E-04   1.9068812E-04   2.2668772E-04
   8.6956522E-02   3.4426503E+06   1.9896902E+06   5.4322143E+06   7.1971464E-05   1.8907295E-04   5.4309983E-05
   1.0144928E-01   3.2343449E+06   1.7800317E+06   5.0143766E+06   2.1450629E-04   4.7385350E-04   3.0570700E-04
   1.1594203E-01   2.9966592E+06   1.5897316E+06   4.5862960E+06   3.8975094E-04   2.1833467E-04   2.4435614E-04
   1.3043478E-01   2.7526890E+06   1.3946565E+06   4.1472613E+06   1.0928263E-04   5.9777331E-05   8.1084191E-05
   1.4492754E-01   2.4443828E+06   1.2216231E+06   3.6660059E+06   3.0484549E-04   4.9351125E-04   1.8294543E-04
   1.5942029E-01   2.1634071E+06   1.0547695E+06   3.2180388E+06   2.7083351E-04   2.6272241E-04   2.5104737E-04
   1.7391304E-01   1.8911213E+06   9.2923775E+05   2.8203591E+06   3.5535098E-04   1.3841845E-04   2.0018034E-04
   1.8840580E-01   1.6311156E+06   7.8693869E+05   2.4178795E+06   3.7458045E-04   2.4584620E-04   1.9475639E-04
   2.0289855E-01   1.4302821E+06   6.7774134E+05   2.1079693E+06   1.6364209E-04   4.8398565E-04   1.8050410E-04
   2.1739130E-01   1.2106106E+06   5.7103037E+05   1.7816410E+06   9.4362763E-06   5.5315503E-04   1.7666648E-04
   2.3188406E-01   1.0609261E+06   4.9532300E+05   1.5561070E+06   2.8037209E-04   5.9560306E-04   1.4411571E-04
   2.4637681E-01   9.1659395E+05   4.2673947E+05   1.3432888E+06   2.8490990E-04   4.5723178E-04   8.0860466E-05
   2.6086957E-01   7.9036146E+05   3.6274539E+05   1.1531068E+06   2.0295016E-04   1.0876886E-03   3.0413637E-04
   2.7536232E-01   6.8244159E+05   3.1876786E+05   1.0012094E+06   3.3338062E-04   3.5419847E-04   3.2395626E-04
   2.8985507E-01   5.8887506E+05   2.8074144E+05   8.6957862E+05   4.7486678E-04   5.5274077E-04   1.4314372E-04
   3.0434783E-01   5.1944654E+05   2.4229533E+05   7.6174186E+05   3.2722491E-04   1.6976953E-03   6.1143402E-04
   3.1884058E-01   4.4021057E+05   2.1023749E+05   6.5044806E+05   1.5220197E-04   6.1052134E-04   9.7864261E-05
   3.3333333E-01   3.9679046E+05   1.8515131E+05   5.8194177E+05   1.1124523E-03   9.6223138E-04   1.0601484E-03
   3.4782609E-01   3.4713812E+05   1.6588119E+05   5.1301931E+05   5.1440724E-04   1.2011348E-03   6.5310080E-04
   3.6231884E-01   3.0397365E+05   1.4600070E+05   4.4997435E+05   9.0521547E-04   3.6798779E-04   7.1954022E-04
   3.7681159E-01   2.7409667E+05   1.2671689E+05   4.0081356E+05   1.2282004E-03   9.5617367E-04   5.6582168E-04
   3.9130435E-01   2.4286864E+05   1.0849667E+05   3.5136531E+05   2.0245112E-04   4.1119110E-04   1.1190590E-04
   4.0579710E-01   2.1203096E+05   1.0061661E+05   3.1264757E+05   1.3458297E-03   1.7126941E-03   1.4550434E-03
   4.2028986E-01   1.9379769E+05   8.7583909E+04   2.8138160E+05   3.3566983E-04   2.6954136E-03   1.0404234E-03
   4.3478261E-01   1.7907844E+05   7.9132968E+04   2.5821140E+05   7.7041350E-04   1.0388120E-03   5.1239078E-04
   4.4927536E-01   1.5873361E+05   7.3842662E+04   2.3257628E+05   1.9878951E-03   2.1031036E-03   2.0219345E-03
   4.6376812E-01   1.4619582E+05   6.2868466E+04   2.0906429E+05   1.4478289E-03   1.0408359E-03   7.8514723E-04
   4.7826087E-01   1.3145583E+05   6.0251547E+04   1.9170738E+05   1.6379127E-03   1.0155913E-03   1.0495630E-03
   4.9275362E-01   1.1695889E+05   5.4869050E+04   1.7182794E+05   3.1146994E-03   3.4840350E-03   2.7584066E-03
   5.0724638E-01   1.1013161E+05   4.9599278E+04   1.5973089E+05   2.5972605E-03   1.3908674E-03   1.9494486E-03
   5.2173913E-01   9.9452940E+04   4.6516613E+04   1.4596955E+05   2.3011479E-03   2.6621017E-03   2.3654126E-03
   5.3623188E-01   9.1665659E+04   4.1020178E+04   1.3268584E+05   6.0525686E-04   9.0136865E-04   5.3342631E-04
   5.5072464E-01   8.4487640E+04   3.7747251E+04   1.2223489E+05   1.5689941E-03   1.7414330E-03   1.2049146E-03
   5.6521739E-01   7.8785186E+04   3.4603309E+04   1.1338849E+05   2.3721036E-03   2.0416374E-03   2.2397685E-03
   5.7971014E-01   7.3936157E+04   3.2999433E+04   1.0693559E+05   3.9342881E-03   2.5184833E-03   3.1703142E-03
   5.9420290E-01   6.7253751E+04   2.9422361E+04   9.6676112E+04   5.1712587E-03   7.5806292E-03   5.9044938E-03
   6.0869565E-01   6.3613799E+04   2.8108423E+04   9.1722221E+04   5.2958327E-03   4.7745185E-03   4.7924291E-03
   6.2318841E-01   5.8151885E+04   2.6467919E+04   8.4619804E+04   7.5293823E-03   6.2174137E-03   7.0293080E-03
   6.3768116E-01   5.6640817E+04   2.4402565E+04   8.1043383E+04   7.0303500E-03   3.2888760E-03   5.8002664E-03
   6.5217391E-01   5.0111653E+04   2.3506676E+04   7.3618329E+04   7.0973956E-03   4.2516444E-03   5.5131910E-03
   6.6666667E-01   4.7605631E+04   2.1200155E+04   6.8805785E+04   8.4091147E-03   7.1501187E-03   7.7664995E-03
   6.8115942E-01   4.3336090E+04   2.0555623E+04   6.3891712E+04   5.0004568E-03   7.7239261E-03   5.7345313E-03
   6.9565217E-01   4.1849166E+04   1.9338072E+04   6.1187237E+04   6.6273652E-03   6.2477417E-03   6.3870362E-03
   7.1014493E-01   3.8041474E+04   1.7830008E+04   5.5871482E+04   6.0226534E-03   1.1328578E-02   7.6907457E-03
   7.2463768E-01   3.6871467E+04   1.6624743E+04   5.3496210E+04   1.1682895E-02   9.9792616E-03   1.1141282E-02
   7.3913043E-01   3.4885603E+04   1.4946728E+04   4.9832330E+04   1.1492433E-02   8.0420071E-03   9.2573393E-03
   7.5362319E-01   3.3865001E+04   1.4061844E+04   4.7926845E+04   1.1993633E-02   1.7693732E-03   8.9921146E-03
   7.6811594E-01   2.9680403E+04   1.3253244E+04   4.2933646E+04   1.1639244E-02   1.3648476E-02   1.2125330E-02
   7.8260870E-01   2.8597544E+04   1.1801047E+04   4.0398591E+04   1.6649926E-02   1.7827306E-02   1.6846328E-02
   7.9710145E-01   2.6038588E+04   1.1627814E+04   3.7666402E+04   1.4457073E-02   1.2879887E-02   1.3969481E-02
   8.1159420E-01   2.4261105E+04   1.1027775E+04   3.5288880E+04   1.5561205E-02   2.4920125E-02   1.8274481E-02
   8.2608696E-01   2.2798569E+04   1.0036688E+04   3.2835256E+04   2.3309392E-02   1.9825873E-02   2.2230883E-02
   8.4057971E-01   2.1464851E+04   9.2234845E+03   3.0688336E+04   1.8588206E-02   2.5309968E-02   1.9919700E-02
   8.5507246E-01   1.9495666E+04   8.3479465E+03   2.7843612E+04   1.9990995E-02   2.0393220E-02   1.9698986E-02
   8.6956522E-01   1.7377428E+04   8.4108772E+03   2.5788305E+04   1.8469091E-02   1.7673776E-02   1.8095486E-02
   8.8405797E-01   1.5328640E+04   7.0556465E+03   2.2384287E+04   1.7805543E-02   2.6359801E-02   2.0049298E-02
   8.9855072E-01   1.5130291E+04   6.6485283E+03   2.1778819E+04   3.1614403E-02   2.1222137E-02   2.8441890E-02
   9.1304348E-01   1.3266406E+04   6.1100037E+03   1.9376409E+04   2.6757425E-02   3.1734835E-02   2.8242116E-02
   9.2753623E-01   1.2147466E+04   5.4935910E+03   1.7641057E+04   3.3750207E-02   3.6235425E-02   3.4120390E-02
   9.4202899E-01   1.0923066E+04   4.5697351E+03   1.5492801E+04   2.9892289E-02   4.2258563E-02   3.3386342E-02
   9.5652174E-01   9.3798617E+03   4.4086498E+03   1.3788511E+04   3.5895070E-02   4.5678814E-02   3.9022555E-02
   9.7101449E-01   7.1476057E+03   3.1214228E+03   1.0269028E+04   4.2782939E-02   3.7444772E-02   4.1147145E-02
   9.8550725E-01   3.1980945E+03   1.2703233E+03   4.4684178E+03   6.8146397E-02   6.0544067E-02   6.5398699E-02
   1.0000000E+00   0.0000000E+00   0.0000000E+00   0.0000000E+00   0.0000000E+00   0.0000000E+00   0.0000000E+00
