   0.0000000E+00   1.4002974E+06   9.0928402E+05   2.3095814E+06   4.9884039E-03   1.5946612E-03   2.5781365E-03
   1.4492754E-02   1.2949720E+06   9.0625307E+05   2.2012251E+06   4.7516226E-03   1.6067866E-03   3.0367253E-03
   2.8985507E-02   1.3764287E+06   9.6081012E+05   2.3372388E+06   1.6867092E-03   1.9621919E-03   7.4294180E-04
   4.3478261E-02   1.4316172E+06   1.0274909E+06   2.4591081E+06   1.2379939E-03   4.8139922E-04   5.7309574E-04
   5.7971014E-02   1.4959616E+06   1.0756072E+06   2.5711900E+06   1.3437432E-03   4.2472796E-04   9.5855591E-04
   7.2463768E-02   1.5460859E+06   1.1096296E+06   2.6554124E+06   1.4323903E-03   4.8590531E-04   6.4690814E-04
   8.6956522E-02   1.4914784E+06   1.0926563E+06   2.5840084E+06   1.7197084E-03   4.7826506E-04   8.1235799E-04
   1.0144928E-01   1.4375347E+06   1.0162331E+06   2.4534431E+06   2.5765771E-05   4.6065424E-04   2.0559386E-04
   1.1594203E-01   1.4019076E+06   9.8145844E+05   2.3833660E+06   1.9220171E-03   5.4012774E-04   9.4626113E-04
   1.3043478E-01   1.2943826E+06   8.9732862E+05   2.1916271E+06   1.5781633E-03   5.0504521E-04   1.1385105E-03
   1.4492754E-01   1.1917683E+06   8.3616243E+05   2.0278549E+06   1.2749625E-03   2.1982883E-04   7.3778267E-04
   1.5942029E-01   1.1213125E+06   7.6751838E+05   1.8888309E+06   1.8637439E-03   7.1201064E-04   1.3828596E-03
   1.7391304E-01   1.0468132E+06   7.0343222E+05   1.7501192E+06   4.0078979E-03   4.9331436E-04   2.2586167E-03
   1.8840580E-01   9.7345849E+05   6.3760628E+05   1.6110065E+06   3.9127027E-03   6.4797366E-04   2.6161783E-03
   2.0289855E-01   8.9883808E+05   5.9098049E+05   1.4898186E+06   4.3861011E-03   3.4495751E-04   2.7677128E-03
   2.1739130E-01   8.4416918E+05   5.4198379E+05   1.3860519E+06   5.2443510E-03   1.1942781E-04   3.1720305E-03
   2.3188406E-01   7.7881124E+05   4.8888224E+05   1.2675988E+06   5.3168162E-03   9.8413672E-04   3.6148653E-03
   2.4637681E-01   7.1846809E+05   4.4702007E+05   1.1653990E+06   6.1787398E-03   5.7353535E-04   4.0053815E-03
   2.6086957E-01   6.7463823E+05   4.0959877E+05   1.0841949E+06   5.7134151E-03   1.1957738E-03   4.0002565E-03
   2.7536232E-01   6.2134408E+05   3.7208859E+05   9.9339279E+05   5.6209244E-03   9.3231905E-04   3.7787040E-03
   2.8985507E-01   5.8921605E+05   3.4302740E+05   9.3209190E+05   5.8700932E-03   1.0686534E-03   4.0152706E-03
   3.0434783E-01   5.4477659E+05   3.1161019E+05   8.5631462E+05   8.9539269E-03   5.3229064E-04   5.8472366E-03
   3.1884058E-01   5.1195446E+05   2.8218803E+05   7.9407360E+05   7.8994005E-03   7.5969038E-04   5.3222059E-03
   3.3333333E-01   4.7605631E+05   2.5917889E+05   7.3523520E+05   8.6527742E-03   2.2633269E-04   5.6528327E-03
   3.4782609E-01   4.4277080E+05   2.4077083E+05   6.8354163E+05   9.9011030E-03   9.2677346E-04   6.7175141E-03
   3.6231884E-01   4.1508816E+05   2.2041045E+05   6.3549860E+05   8.0900607E-03   9.0196113E-04   5.5946053E-03
   3.7681159E-01   3.8539654E+05   2.0330658E+05   5.8870312E+05   1.0558934E-02   2.0369334E-03   7.5886150E-03
   3.9130435E-01   3.6696907E+05   1.8264261E+05   5.4949942E+05   1.1294567E-02   7.8321318E-04   7.7729195E-03
   4.0579710E-01   3.4872125E+05   1.6911059E+05   5.1780478E+05   1.0285701E-02   2.1356609E-03   7.6087564E-03
   4.2028986E-01   3.2180293E+05   1.5541441E+05   4.7719121E+05   1.1457320E-02   1.2468319E-03   8.1312112E-03
   4.3478261E-01   3.0766635E+05   1.4447513E+05   4.5211622E+05   1.2137104E-02   1.0176657E-03   8.5193579E-03
   4.4927536E-01   2.8324686E+05   1.3358164E+05   4.1675518E+05   1.2104098E-02   1.7304364E-03   8.7798118E-03
   4.6376812E-01   2.7678700E+05   1.2017230E+05   3.9693563E+05   1.2741223E-02   2.2393348E-03   9.4638708E-03
   4.7826087E-01   2.6006441E+05   1.1127248E+05   3.7133690E+05   1.5121662E-02   6.4416110E-04   1.0767260E-02
   4.9275362E-01   2.4506096E+05   1.0316362E+05   3.4820229E+05   1.4754620E-02   1.7352926E-03   1.0797575E-02
   5.0724638E-01   2.3158598E+05   9.6578953E+04   3.2814328E+05   1.4541965E-02   2.1407505E-03   1.0772205E-02
   5.2173913E-01   2.1717575E+05   8.8613096E+04   3.0576780E+05   1.4595022E-02   2.9137607E-03   1.1130501E-02
   5.3623188E-01   2.0667780E+05   8.2183711E+04   2.8888199E+05   1.5570134E-02   2.0880739E-03   1.1698022E-02
   5.5072464E-01   1.9798862E+05   7.6690929E+04   2.7467955E+05   1.6239343E-02   8.2392008E-04   1.1935291E-02
   5.6521739E-01   1.8904559E+05   6.9420338E+04   2.5846593E+05   1.5326941E-02   2.3891503E-03   1.1771433E-02
   5.7971014E-01   1.7875008E+05   6.4691769E+04   2.4344185E+05   1.5947683E-02   1.0343355E-03   1.1974305E-02
   5.9420290E-01   1.7348474E+05   5.9657903E+04   2.3314264E+05   1.6919531E-02   2.8597168E-03   1.3306375E-02
   6.0869565E-01   1.6165049E+05   5.6433342E+04   2.1808383E+05   1.8254916E-02   2.2383712E-03   1.4045734E-02
   6.2318841E-01   1.5339762E+05   4.9746294E+04   2.0314392E+05   1.8949436E-02   2.0162264E-03   1.4708896E-02
   6.3768116E-01   1.4293669E+05   4.9321770E+04   1.9225846E+05   2.0316927E-02   1.6503436E-03   1.5475202E-02
   6.5217391E-01   1.3608951E+05   4.5935682E+04   1.8202519E+05   1.7529291E-02   1.8737863E-03   1.3550579E-02
   6.6666667E-01   1.3319693E+05   4.0720110E+04   1.7391704E+05   2.1587456E-02   3.8695751E-03   1.7439066E-02
   6.8115942E-01   1.2504267E+05   3.8225397E+04   1.6326807E+05   2.2678207E-02   3.0820192E-03   1.8089828E-02
   6.9565217E-01   1.1896466E+05   3.6024065E+04   1.5498872E+05   2.0418563E-02   2.5844466E-03   1.6179574E-02
   7.1014493E-01   1.1231513E+05   3.1623909E+04   1.4393904E+05   2.4874358E-02   2.2755634E-03   1.9899440E-02
   7.2463768E-01   1.0688634E+05   3.0930811E+04   1.3781715E+05   2.3405976E-02   2.5512849E-03   1.8714476E-02
   7.3913043E-01   1.0137328E+05   2.8422554E+04   1.2979584E+05   2.4821102E-02   2.3087656E-03   1.9890386E-02
   7.5362319E-01   9.6873721E+04   2.5719332E+04   1.2259305E+05   2.6676703E-02   2.5861869E-03   2.1437066E-02
   7.6811594E-01   9.1900593E+04   2.4905232E+04   1.1680582E+05   2.5405404E-02   3.1761389E-03   2.0472126E-02
   7.8260870E-01   8.6480207E+04   2.1581463E+04   1.0806167E+05   2.8411905E-02   2.3250895E-03   2.3103771E-02
   7.9710145E-01   8.0196095E+04   2.0541553E+04   1.0073765E+05   2.4553742E-02   1.9500765E-03   1.9932502E-02
   8.1159420E-01   7.7816851E+04   1.8212742E+04   9.6029594E+04   2.8764826E-02   3.4696878E-03   2.3826207E-02
   8.2608696E-01   7.3168118E+04   1.7388063E+04   9.0556181E+04   2.9121080E-02   3.4229766E-03   2.4149345E-02
   8.4057971E-01   6.6027607E+04   1.5625053E+04   8.1652660E+04   2.7246611E-02   7.7905729E-04   2.2170015E-02
   8.5507246E-01   6.2596756E+04   1.4499741E+04   7.7096497E+04   2.8637696E-02   3.4794907E-03   2.3862809E-02
   8.6956522E-01   5.8257322E+04   1.3108845E+04   7.1366167E+04   2.9906197E-02   1.8865608E-03   2.4750026E-02
   8.8405797E-01   5.2432894E+04   1.1303941E+04   6.3736835E+04   3.0884599E-02   3.2790068E-03   2.5902325E-02
   8.9855072E-01   4.7920734E+04   9.9361278E+03   5.7856862E+04   2.9510395E-02   5.0954776E-03   2.4666864E-02
   9.1304348E-01   4.3130853E+04   8.6839030E+03   5.1814756E+04   3.0435389E-02   4.6494326E-03   2.6100134E-02
   9.2753623E-01   3.6229285E+04   7.6839236E+03   4.3913209E+04   3.2273130E-02   2.5704081E-03   2.6955936E-02
   9.4202899E-01   3.2804170E+04   6.5515079E+03   3.9355678E+04   3.4301199E-02   1.9207720E-03   2.8882679E-02
   9.5652174E-01   2.6463380E+04   5.3385994E+03   3.1801979E+04   3.5597856E-02   1.1237118E-03   2.9528377E-02
   9.7101449E-01   1.9610678E+04   3.9470165E+03   2.3557694E+04   3.1523023E-02   2.6471128E-03   2.6657970E-02
   9.8550725E-01   1.0040011E+04   1.9834872E+03   1.2023498E+04   4.0535812E-02   5.0420757E-03   3.3811574E-02
   1.0000000E+00   1.0723205E+03   1.7507274E+02   1.2473932E+03   5.0821028E-02   1.4758337E-05   4.3690255E-02
