   0.0000000E+00   2.7278521E+05   1.3336166E+05   4.0614686E+05   0.0000000E+00   0.0000000E+00   0.0000000E+00
   1.4492754E-02   3.1142978E+05   1.4245450E+05   4.5388427E+05   0.0000000E+00   0.0000000E+00   0.0000000E+00
   2.8985507E-02   3.0006373E+05   1.3752921E+05   4.3759294E+05   0.0000000E+00   0.0000000E+00   0.0000000E+00
   4.3478261E-02   3.0991430E+05   1.5331539E+05   4.6322969E+05   0.0000000E+00   0.0000000E+00   0.0000000E+00
   5.7971014E-02   2.9040258E+05   1.5060017E+05   4.4100275E+05   0.0000000E+00   0.0000000E+00   0.0000000E+00
   7.2463768E-02   2.9657814E+05   1.4457616E+05   4.4115430E+05   0.0000000E+00   0.0000000E+00   0.0000000E+00
   8.6956522E-02   2.9678020E+05   1.4775865E+05   4.4453885E+05   0.0000000E+00   0.0000000E+00   0.0000000E+00
   1.0144928E-01   3.0309467E+05   1.5706799E+05   4.6016266E+05   0.0000000E+00   0.0000000E+00   0.0000000E+00
   1.1594203E-01   3.1010374E+05   1.5135790E+05   4.6146164E+05   0.0000000E+00   0.0000000E+00   0.0000000E+00
   1.3043478E-01   3.1109301E+05   1.6181888E+05   4.7291188E+05   0.0000000E+00   0.0000000E+00   0.0000000E+00
   1.4492754E-01   3.1324835E+05   1.6071595E+05   4.7396430E+05   0.0000000E+00   0.0000000E+00   0.0000000E+00
   1.5942029E-01   3.2355356E+05   1.6050241E+05   4.8405597E+05   0.0000000E+00   0.0000000E+00   0.0000000E+00
   1.7391304E-01   3.1900714E+05   1.5685149E+05   4.7585864E+05   0.0000000E+00   0.0000000E+00   0.0000000E+00
   1.8840580E-01   3.2174665E+05   1.6209736E+05   4.8384402E+05   0.0000000E+00   0.0000000E+00   0.0000000E+00
   2.0289855E-01   3.2658451E+05   1.6280514E+05   4.8938965E+05   0.0000000E+00   0.0000000E+00   0.0000000E+00
   2.1739130E-01   3.2820102E+05   1.6533814E+05   4.9353916E+05   0.0000000E+00   0.0000000E+00   0.0000000E+00
   2.3188406E-01   3.3681396E+05   1.6632320E+05   5.0308980E+05   0.0000000E+00   0.0000000E+00   0.0000000E+00
   2.4637681E-01   3.4093694E+05   1.7124849E+05   5.1218543E+05   0.0000000E+00   0.0000000E+00   0.0000000E+00
   2.6086957E-01   3.3875039E+05   1.6745981E+05   5.0616810E+05   0.0000000E+00   0.0000000E+00   0.0000000E+00
   2.7536232E-01   3.4209817E+05   1.7344194E+05   5.1550023E+05   0.0000000E+00   0.0000000E+00   0.0000000E+00
   2.8985507E-01   3.4136038E+05   1.7492351E+05   5.1624600E+05   0.0000000E+00   0.0000000E+00   0.0000000E+00
   3.0434783E-01   3.4657433E+05   1.7265572E+05   5.1908571E+05   0.0000000E+00   0.0000000E+00   0.0000000E+00
   3.1884058E-01   3.5648067E+05   1.7886030E+05   5.3530652E+05   0.0000000E+00   0.0000000E+00   0.0000000E+00
   3.3333333E-01   3.4908600E+05   1.7533368E+05   5.2438673E+05   0.0000000E+00   0.0000000E+00   0.0000000E+00
   3.4782609E-01   3.6254543E+05   1.7437415E+05   5.3691959E+05   0.0000000E+00   0.0000000E+00   0.0000000E+00
   3.6231884E-01   3.6104638E+05   1.7925019E+05   5.4026626E+05   0.0000000E+00   0.0000000E+00   0.0000000E+00
   3.7681159E-01   3.5593224E+05   1.8109907E+05   5.3703130E+05   0.0000000E+00   0.0000000E+00   0.0000000E+00
   3.9130435E-01   3.5829719E+05   1.8135165E+05   5.3964884E+05   0.0000000E+00   0.0000000E+00   0.0000000E+00
   4.0579710E-01   3.5813883E+05   1.7850111E+05   5.3658582E+05   0.0000000E+00   0.0000000E+00   0.0000000E+00
   4.2028986E-01   3.6543811E+05   1.8099455E+05   5.4632815E+05   0.0000000E+00   0.0000000E+00   0.0000000E+00
   4.3478261E-01   3.6386516E+05   1.8375115E+05   5.4754053E+05   0.0000000E+00   0.0000000E+00   0.0000000E+00
   4.4927536E-01   3.5914275E+05   1.7718817E+05   5.3625758E+05   0.0000000E+00   0.0000000E+00   0.0000000E+00
   4.6376812E-01   3.6413984E+05   1.7773661E+05   5.4185277E+05   0.0000000E+00   0.0000000E+00   0.0000000E+00
   4.7826087E-01   3.4993658E+05   1.7873401E+05   5.2864763E+05   0.0000000E+00   0.0000000E+00   0.0000000E+00
   4.9275362E-01   3.5121095E+05   1.7494803E+05   5.2613670E+05   0.0000000E+00   0.0000000E+00   0.0000000E+00
   5.0724638E-01   3.4823413E+05   1.7581656E+05   5.2400739E+05   0.0000000E+00   0.0000000E+00   0.0000000E+00
   5.2173913E-01   3.4632776E+05   1.7329017E+05   5.1961793E+05   0.0000000E+00   0.0000000E+00   0.0000000E+00
   5.3623188E-01   3.3500153E+05   1.7300972E+05   5.0797029E+05   0.0000000E+00   0.0000000E+00   0.0000000E+00
   5.5072464E-01   3.2899730E+05   1.6329226E+05   4.9216992E+05   0.0000000E+00   0.0000000E+00   0.0000000E+00
   5.6521739E-01   3.2168837E+05   1.6345740E+05   4.8514577E+05   0.0000000E+00   0.0000000E+00   0.0000000E+00
   5.7971014E-01   3.1205491E+05   1.5899210E+05   4.7100912E+05   0.0000000E+00   0.0000000E+00   0.0000000E+00
   5.9420290E-01   3.1059811E+05   1.5650035E+05   4.6706150E+05   0.0000000E+00   0.0000000E+00   0.0000000E+00
   6.0869565E-01   2.9571576E+05   1.4770453E+05   4.4338421E+05   0.0000000E+00   0.0000000E+00   0.0000000E+00
   6.2318841E-01   2.8647733E+05   1.4335321E+05   4.2979530E+05   0.0000000E+00   0.0000000E+00   0.0000000E+00
   6.3768116E-01   2.7276798E+05   1.3949244E+05   4.1226042E+05   0.0000000E+00   0.0000000E+00   0.0000000E+00
   6.5217391E-01   2.6111606E+05   1.3235134E+05   3.9345056E+05   0.0000000E+00   0.0000000E+00   0.0000000E+00
   6.6666667E-01   2.5100851E+05   1.2352755E+05   3.7451959E+05   0.0000000E+00   0.0000000E+00   0.0000000E+00
   6.8115942E-01   2.4300777E+05   1.2009320E+05   3.6306873E+05   0.0000000E+00   0.0000000E+00   0.0000000E+00
   6.9565217E-01   2.2811031E+05   1.1599686E+05   3.4407560E+05   0.0000000E+00   0.0000000E+00   0.0000000E+00
   7.1014493E-01   2.2138282E+05   1.1053677E+05   3.3190413E+05   0.0000000E+00   0.0000000E+00   0.0000000E+00
   7.2463768E-01   2.0931718E+05   1.0443127E+05   3.1373330E+05   0.0000000E+00   0.0000000E+00   0.0000000E+00
   7.3913043E-01   2.0099337E+05   9.9471512E+04   3.0045002E+05   0.0000000E+00   0.0000000E+00   0.0000000E+00
   7.5362319E-01   1.8494604E+05   9.3187040E+04   2.7810393E+05   0.0000000E+00   0.0000000E+00   0.0000000E+00
   7.6811594E-01   1.7390772E+05   8.6910968E+04   2.6080439E+05   0.0000000E+00   0.0000000E+00   0.0000000E+00
   7.8260870E-01   1.6079453E+05   8.0797182E+04   2.4157768E+05   0.0000000E+00   0.0000000E+00   0.0000000E+00
   7.9710145E-01   1.5069316E+05   7.7054932E+04   2.2773432E+05   0.0000000E+00   0.0000000E+00   0.0000000E+00
   8.1159420E-01   1.3936943E+05   6.9116410E+04   2.0848584E+05   0.0000000E+00   0.0000000E+00   0.0000000E+00
   8.2608696E-01   1.3035730E+05   6.4354444E+04   1.9471174E+05   0.0000000E+00   0.0000000E+00   0.0000000E+00
   8.4057971E-01   1.1896466E+05   5.9991842E+04   1.7895650E+05   0.0000000E+00   0.0000000E+00   0.0000000E+00
   8.5507246E-01   1.1181111E+05   5.5340464E+04   1.6713873E+05   0.0000000E+00   0.0000000E+00   0.0000000E+00
   8.6956522E-01   1.0094316E+05   4.9732784E+04   1.5067594E+05   0.0000000E+00   0.0000000E+00   0.0000000E+00
   8.8405797E-01   9.0158243E+04   4.4333807E+04   1.3449205E+05   0.0000000E+00   0.0000000E+00   0.0000000E+00
   8.9855072E-01   7.9586795E+04   4.0673350E+04   1.2024792E+05   0.0000000E+00   0.0000000E+00   0.0000000E+00
   9.1304348E-01   6.9567444E+04   3.4446950E+04   1.0400237E+05   0.0000000E+00   0.0000000E+00   0.0000000E+00
   9.2753623E-01   5.9150820E+04   2.8533522E+04   8.7684342E+04   0.0000000E+00   0.0000000E+00   0.0000000E+00
   9.4202899E-01   4.8961447E+04   2.4678901E+04   7.3628691E+04   0.0000000E+00   0.0000000E+00   0.0000000E+00
   9.5652174E-01   3.8082009E+04   2.0263716E+04   5.8345725E+04   0.0000000E+00   0.0000000E+00   0.0000000E+00
   9.7101449E-01   2.6848760E+04   1.3243428E+04   4.0092187E+04   0.0000000E+00   0.0000000E+00   0.0000000E+00
   9.8550725E-01   9.3491335E+03   4.7024247E+03   1.4051558E+04   0.0000000E+00   0.0000000E+00   0.0000000E+00
   1.0000000E+00   0.0000000E+00   0.0000000E+00   0.0000000E+00   0.0000000E+00   0.0000000E+00   0.0000000E+00
