   0.0000000E+00   2.9703278E+05   2.0610438E+05   5.0313716E+05   0.0000000E+00   0.0000000E+00   0.0000000E+00
   1.4492754E-02   3.0006373E+05   1.4018129E+05   4.4024501E+05   0.0000000E+00   0.0000000E+00   0.0000000E+00
   2.8985507E-02   2.9210749E+05   1.4624318E+05   4.3835067E+05   0.0000000E+00   0.0000000E+00   0.0000000E+00
   4.3478261E-02   2.9349668E+05   1.4396997E+05   4.3746665E+05   0.0000000E+00   0.0000000E+00   0.0000000E+00
   5.7971014E-02   2.9172862E+05   1.5022130E+05   4.4194992E+05   0.0000000E+00   0.0000000E+00   0.0000000E+00
   7.2463768E-02   3.0354932E+05   1.4897103E+05   4.5252035E+05   0.0000000E+00   0.0000000E+00   0.0000000E+00
   8.6956522E-02   3.0258952E+05   1.5281023E+05   4.5539975E+05   0.0000000E+00   0.0000000E+00   0.0000000E+00
   1.0144928E-01   3.0006373E+05   1.5349580E+05   4.5355953E+05   0.0000000E+00   0.0000000E+00   0.0000000E+00
   1.1594203E-01   3.0622034E+05   1.5836697E+05   4.6458730E+05   0.0000000E+00   0.0000000E+00   0.0000000E+00
   1.3043478E-01   3.2473227E+05   1.5542021E+05   4.8015248E+05   0.0000000E+00   0.0000000E+00   0.0000000E+00
   1.4492754E-01   3.1946179E+05   1.5980667E+05   4.7919268E+05   0.0000000E+00   0.0000000E+00   0.0000000E+00
   1.5942029E-01   3.1308302E+05   1.6002021E+05   4.7310323E+05   0.0000000E+00   0.0000000E+00   0.0000000E+00
   1.7391304E-01   3.2102778E+05   1.6386056E+05   4.8476204E+05   0.0000000E+00   0.0000000E+00   0.0000000E+00
   1.8840580E-01   3.2425301E+05   1.6250538E+05   4.8670010E+05   0.0000000E+00   0.0000000E+00   0.0000000E+00
   2.0289855E-01   3.2625977E+05   1.6323813E+05   4.8949790E+05   0.0000000E+00   0.0000000E+00   0.0000000E+00
   2.1739130E-01   3.3027216E+05   1.6857115E+05   4.9884332E+05   0.0000000E+00   0.0000000E+00   0.0000000E+00
   2.3188406E-01   3.3340414E+05   1.6760188E+05   5.0100602E+05   0.0000000E+00   0.0000000E+00   0.0000000E+00
   2.4637681E-01   3.4423532E+05   1.7298683E+05   5.1717757E+05   0.0000000E+00   0.0000000E+00   0.0000000E+00
   2.6086957E-01   3.3921346E+05   1.7200623E+05   5.1121968E+05   0.0000000E+00   0.0000000E+00   0.0000000E+00
   2.7536232E-01   3.4249698E+05   1.7188658E+05   5.1434368E+05   0.0000000E+00   0.0000000E+00   0.0000000E+00
   2.8985507E-01   3.4545215E+05   1.7446887E+05   5.1992103E+05   0.0000000E+00   0.0000000E+00   0.0000000E+00
   3.0434783E-01   3.5660532E+05   1.7409902E+05   5.3063218E+05   0.0000000E+00   0.0000000E+00   0.0000000E+00
   3.1884058E-01   3.5003991E+05   1.7665598E+05   5.2669588E+05   0.0000000E+00   0.0000000E+00   0.0000000E+00
   3.3333333E-01   3.5399481E+05   1.7628909E+05   5.3025095E+05   0.0000000E+00   0.0000000E+00   0.0000000E+00
   3.4782609E-01   3.5383146E+05   1.7869957E+05   5.3249945E+05   0.0000000E+00   0.0000000E+00   0.0000000E+00
   3.6231884E-01   3.5913688E+05   1.7694667E+05   5.3608355E+05   0.0000000E+00   0.0000000E+00   0.0000000E+00
   3.7681159E-01   3.5712713E+05   1.8293512E+05   5.4000396E+05   0.0000000E+00   0.0000000E+00   0.0000000E+00
   3.9130435E-01   3.6615520E+05   1.8224970E+05   5.4834878E+05   0.0000000E+00   0.0000000E+00   0.0000000E+00
   4.0579710E-01   3.5640686E+05   1.8166737E+05   5.3799305E+05   0.0000000E+00   0.0000000E+00   0.0000000E+00
   4.2028986E-01   3.5804365E+05   1.8303260E+05   5.4105012E+05   0.0000000E+00   0.0000000E+00   0.0000000E+00
   4.3478261E-01   3.5651511E+05   1.8233670E+05   5.3882656E+05   0.0000000E+00   0.0000000E+00   0.0000000E+00
   4.4927536E-01   3.5767616E+05   1.7955915E+05   5.3723531E+05   0.0000000E+00   0.0000000E+00   0.0000000E+00
   4.6376812E-01   3.5805426E+05   1.7619746E+05   5.3422804E+05   0.0000000E+00   0.0000000E+00   0.0000000E+00
   4.7826087E-01   3.5528666E+05   1.7747112E+05   5.3273481E+05   0.0000000E+00   0.0000000E+00   0.0000000E+00
   4.9275362E-01   3.5725056E+05   1.7517089E+05   5.3239917E+05   0.0000000E+00   0.0000000E+00   0.0000000E+00
   5.0724638E-01   3.4314647E+05   1.7646605E+05   5.1950427E+05   0.0000000E+00   0.0000000E+00   0.0000000E+00
   5.2173913E-01   3.3856096E+05   1.7211147E+05   5.1065138E+05   0.0000000E+00   0.0000000E+00   0.0000000E+00
   5.3623188E-01   3.3743858E+05   1.6809467E+05   5.0551277E+05   0.0000000E+00   0.0000000E+00   0.0000000E+00
   5.5072464E-01   3.2303511E+05   1.6456844E+05   4.8758362E+05   0.0000000E+00   0.0000000E+00   0.0000000E+00
   5.6521739E-01   3.2367014E+05   1.6137848E+05   4.8502919E+05   0.0000000E+00   0.0000000E+00   0.0000000E+00
   5.7971014E-01   3.1362721E+05   1.5577172E+05   4.6936105E+05   0.0000000E+00   0.0000000E+00   0.0000000E+00
   5.9420290E-01   3.0928594E+05   1.5504032E+05   4.6425233E+05   0.0000000E+00   0.0000000E+00   0.0000000E+00
   6.0869565E-01   3.0096579E+05   1.4611689E+05   4.4706464E+05   0.0000000E+00   0.0000000E+00   0.0000000E+00
   6.2318841E-01   2.8663593E+05   1.4603172E+05   4.3261478E+05   0.0000000E+00   0.0000000E+00   0.0000000E+00
   6.3768116E-01   2.7233745E+05   1.4037072E+05   4.1270817E+05   0.0000000E+00   0.0000000E+00   0.0000000E+00
   6.5217391E-01   2.6141916E+05   1.2997710E+05   3.9131206E+05   0.0000000E+00   0.0000000E+00   0.0000000E+00
   6.6666667E-01   2.5469836E+05   1.2634436E+05   3.8102624E+05   0.0000000E+00   0.0000000E+00   0.0000000E+00
   6.8115942E-01   2.3884828E+05   1.2107665E+05   3.5986044E+05   0.0000000E+00   0.0000000E+00   0.0000000E+00
   6.9565217E-01   2.2831553E+05   1.1443403E+05   3.4273377E+05   0.0000000E+00   0.0000000E+00   0.0000000E+00
   7.1014493E-01   2.2192406E+05   1.1243885E+05   3.3436291E+05   0.0000000E+00   0.0000000E+00   0.0000000E+00
   7.2463768E-01   2.0954450E+05   1.0396147E+05   3.1349082E+05   0.0000000E+00   0.0000000E+00   0.0000000E+00
   7.3913043E-01   2.0152824E+05   1.0042240E+05   3.0192092E+05   0.0000000E+00   0.0000000E+00   0.0000000E+00
   7.5362319E-01   1.8767098E+05   9.3828202E+04   2.8145546E+05   0.0000000E+00   0.0000000E+00   0.0000000E+00
   7.6811594E-01   1.7452248E+05   8.8211988E+04   2.6270588E+05   0.0000000E+00   0.0000000E+00   0.0000000E+00
   7.8260870E-01   1.6152420E+05   8.0755085E+04   2.4222316E+05   0.0000000E+00   0.0000000E+00   0.0000000E+00
   7.9710145E-01   1.5329702E+05   7.6875831E+04   2.3015907E+05   0.0000000E+00   0.0000000E+00   0.0000000E+00
   8.1159420E-01   1.4126377E+05   6.9995926E+04   2.1124616E+05   0.0000000E+00   0.0000000E+00   0.0000000E+00
   8.2608696E-01   1.3051682E+05   6.4926070E+04   1.9544289E+05   0.0000000E+00   0.0000000E+00   0.0000000E+00
   8.4057971E-01   1.1788031E+05   5.8541691E+04   1.7642200E+05   0.0000000E+00   0.0000000E+00   0.0000000E+00
   8.5507246E-01   1.0978192E+05   5.4813901E+04   1.6457013E+05   0.0000000E+00   0.0000000E+00   0.0000000E+00
   8.6956522E-01   9.9402424E+04   4.8646695E+04   1.4803649E+05   0.0000000E+00   0.0000000E+00   0.0000000E+00
   8.8405797E-01   8.7462688E+04   4.3526383E+04   1.3098907E+05   0.0000000E+00   0.0000000E+00   0.0000000E+00
   8.9855072E-01   8.0662292E+04   4.0477805E+04   1.2114010E+05   0.0000000E+00   0.0000000E+00   0.0000000E+00
   9.1304348E-01   7.0192878E+04   3.4615336E+04   1.0480821E+05   0.0000000E+00   0.0000000E+00   0.0000000E+00
   9.2753623E-01   5.8558838E+04   2.9433334E+04   8.7992172E+04   0.0000000E+00   0.0000000E+00   0.0000000E+00
   9.4202899E-01   4.8996420E+04   2.3489837E+04   7.2486257E+04   0.0000000E+00   0.0000000E+00   0.0000000E+00
   9.5652174E-01   3.8656052E+04   1.8851570E+04   5.7496141E+04   0.0000000E+00   0.0000000E+00   0.0000000E+00
   9.7101449E-01   2.7640425E+04   1.3096404E+04   4.0736829E+04   0.0000000E+00   0.0000000E+00   0.0000000E+00
   9.8550725E-01   9.1374130E+03   4.5129905E+03   1.3650403E+04   0.0000000E+00   0.0000000E+00   0.0000000E+00
   1.0000000E+00   0.0000000E+00   0.0000000E+00   0.0000000E+00   0.0000000E+00   0.0000000E+00   0.0000000E+00
