   0.0000000E+00   6.5407831E+06   3.3097938E+06   9.8505769E+06   2.2374451E-03   4.8357465E-03   6.9025750E-04
   1.4492754E-02   7.2954888E+06   3.9303802E+06   1.1225869E+07   1.2149171E-03   5.2748862E-04   8.5316312E-04
   2.8985507E-02   7.4917426E+06   3.9432617E+06   1.1435004E+07   1.1667473E-03   3.4743921E-04   6.7663373E-04
   4.3478261E-02   6.7574957E+06   3.5260014E+06   1.0283497E+07   1.3695577E-03   9.7879348E-04   8.4929390E-04
   5.7971014E-02   5.6752583E+06   2.9212644E+06   8.5965227E+06   9.2545039E-04   3.3307797E-04   4.9785097E-04
   7.2463768E-02   4.7203964E+06   2.4346080E+06   7.1547013E+06   1.6391792E-03   7.1925106E-04   1.2041398E-03
   8.6956522E-02   3.9159832E+06   2.0035821E+06   5.9195653E+06   3.6712754E-04   6.3891495E-04   3.3410841E-04
   1.0144928E-01   3.2097726E+06   1.6122472E+06   4.8219115E+06   7.1750826E-04   3.2755149E-04   4.5678482E-04
   1.1594203E-01   2.6605082E+06   1.3552121E+06   4.0157203E+06   2.1950818E-03   1.9288273E-04   1.4882842E-03
   1.3043478E-01   2.2331342E+06   1.0986340E+06   3.3316840E+06   1.0699949E-03   5.0262982E-04   8.8487632E-04
   1.4492754E-01   1.8630472E+06   9.2890940E+05   2.7919566E+06   4.2686522E-04   1.9713824E-03   6.5966265E-04
   1.5942029E-01   1.5838074E+06   7.8797727E+05   2.3717847E+06   1.1911166E-03   2.0431459E-03   1.6201342E-04
   1.7391304E-01   1.3732083E+06   6.8158415E+05   2.0547293E+06   6.6966603E-04   1.4619616E-03   8.5943939E-04
   1.8840580E-01   1.1915118E+06   5.8473957E+05   1.7762514E+06   1.0688679E-04   2.5247492E-03   7.9171686E-04
   2.0289855E-01   1.0337693E+06   5.1704704E+05   1.5508164E+06   1.6117881E-03   1.8467622E-03   1.6242889E-03
   2.1739130E-01   9.1140568E+05   4.5095436E+05   1.3623600E+06   2.4774379E-03   2.7875096E-03   1.0612670E-03
   2.3188406E-01   8.1210429E+05   4.0434724E+05   1.2164515E+06   2.3015287E-03   1.3565162E-03   1.7636589E-03
   2.4637681E-01   7.1423368E+05   3.5087666E+05   1.0651103E+06   2.2317203E-03   3.3394660E-03   2.4744944E-03
   2.6086957E-01   6.3814058E+05   3.1206122E+05   9.5020180E+05   2.6206867E-03   1.8238289E-03   1.8384728E-03
   2.7536232E-01   5.7276917E+05   2.7477925E+05   8.4754842E+05   1.9262887E-03   1.2094931E-03   1.3777626E-03
   2.8985507E-01   5.0874441E+05   2.5236420E+05   7.6110861E+05   1.8863580E-03   1.1644422E-03   1.4483847E-03
   3.0434783E-01   4.5049250E+05   2.2079004E+05   6.7128254E+05   1.9859050E-03   1.9510239E-03   7.5111056E-04
   3.1884058E-01   4.0356367E+05   2.0520887E+05   6.0877254E+05   1.4521793E-03   1.6206011E-03   1.2564980E-03
   3.3333333E-01   3.7323473E+05   1.7526779E+05   5.4850252E+05   1.5018390E-03   1.1446882E-03   7.1646204E-04
   3.4782609E-01   3.2636350E+05   1.6013502E+05   4.8649852E+05   5.1821642E-03   2.7447179E-03   2.6696632E-03
   3.6231884E-01   2.9609319E+05   1.4615225E+05   4.4224544E+05   5.5779132E-03   8.0346619E-04   3.6770452E-03
   3.7681159E-01   2.6016598E+05   1.3164218E+05   3.9180815E+05   1.5335026E-03   1.1084082E-03   9.2236231E-04
   3.9130435E-01   2.3360741E+05   1.1859982E+05   3.5220724E+05   3.9981665E-03   3.9735832E-04   2.5344610E-03
   4.0579710E-01   2.1603614E+05   1.0451354E+05   3.2054968E+05   5.5378132E-03   1.8497957E-03   4.3306175E-03
   4.2028986E-01   1.9222996E+05   1.0046543E+05   2.9269539E+05   2.4992907E-03   2.9191471E-03   1.6377427E-03
   4.3478261E-01   1.7728513E+05   8.7922713E+04   2.6520784E+05   3.7307361E-03   4.8994475E-03   2.6171659E-03
   4.4927536E-01   1.6530881E+05   8.2079993E+04   2.4738881E+05   2.5513234E-03   1.2086274E-03   1.9846971E-03
   4.6376812E-01   1.5050545E+05   7.3145269E+04   2.2365072E+05   4.5286734E-03   2.6192127E-03   2.8654044E-03
   4.7826087E-01   1.4155899E+05   6.8448880E+04   2.1000787E+05   2.6086093E-03   3.1952117E-03   1.7856041E-03
   4.9275362E-01   1.2629688E+05   6.5343646E+04   1.9164052E+05   5.6084846E-03   2.5253092E-03   4.0390010E-03
   5.0724638E-01   1.1946260E+05   6.0294190E+04   1.7975679E+05   5.9793267E-03   4.8498169E-03   5.5349394E-03
   5.2173913E-01   1.1004021E+05   5.7566940E+04   1.6760714E+05   5.5276436E-03   2.5693329E-03   2.9104132E-03
   5.3623188E-01   1.0432191E+05   5.2570542E+04   1.5689245E+05   6.8423222E-03   2.7428853E-03   5.3977642E-03
   5.5072464E-01   1.0133731E+05   4.9452289E+04   1.5078960E+05   2.2767811E-03   2.9953577E-03   2.2568960E-03
   5.6521739E-01   9.1336414E+04   4.7096249E+04   1.3843266E+05   4.5205621E-03   1.5341019E-03   2.9644504E-03
   5.7971014E-01   8.6514586E+04   4.2774236E+04   1.2928882E+05   1.2844723E-02   4.3007452E-03   8.2092053E-03
   5.9420290E-01   8.1059344E+04   4.1102595E+04   1.2216194E+05   1.0537594E-02   1.8430899E-03   7.6085131E-03
   6.0869565E-01   7.7415431E+04   3.9095605E+04   1.1651104E+05   5.4379719E-03   4.7957009E-03   3.8985384E-03
   6.2318841E-01   7.3641433E+04   3.6565200E+04   1.1020663E+05   3.2934379E-03   4.1247545E-03   2.2105457E-03
   6.3768116E-01   7.0383405E+04   3.6302476E+04   1.0668588E+05   8.4778214E-03   1.7297929E-03   6.1448123E-03
   6.5217391E-01   6.7017600E+04   3.3054158E+04   1.0007176E+05   5.6129939E-03   3.5580352E-03   4.4940300E-03
   6.6666667E-01   6.1590814E+04   3.2055556E+04   9.3646371E+04   1.2641880E-02   2.0868181E-03   8.2419286E-03
   6.8115942E-01   5.8103894E+04   3.0664153E+04   8.8768046E+04   5.9527421E-03   4.7345796E-03   5.1402025E-03
   6.9565217E-01   5.7082830E+04   2.7736320E+04   8.4819150E+04   1.2980271E-02   5.6227022E-03   1.0441381E-02
   7.1014493E-01   5.3428168E+04   2.8438322E+04   8.1866490E+04   7.4199951E-03   3.0514286E-03   5.6295298E-03
   7.2463768E-01   5.0495573E+04   2.4793144E+04   7.5288717E+04   1.2518146E-02   1.3298150E-03   8.2184222E-03
   7.3913043E-01   4.8361430E+04   2.4009853E+04   7.2371282E+04   1.6225758E-02   4.1514112E-03   1.1535823E-02
   7.5362319E-01   4.5609920E+04   2.2717529E+04   6.8327448E+04   1.2282500E-02   6.2067851E-03   9.8065660E-03
   7.6811594E-01   4.3820055E+04   2.1688425E+04   6.5508481E+04   1.5756366E-02   4.6878151E-03   1.2087276E-02
   7.8260870E-01   4.2124547E+04   2.0669373E+04   6.2793920E+04   1.5200550E-02   5.5689822E-03   1.1993327E-02
   7.9710145E-01   3.8093490E+04   1.9274066E+04   5.7367555E+04   1.8303790E-02   2.8367053E-03   1.2896438E-02
   8.1159420E-01   3.5721872E+04   1.8293929E+04   5.4015801E+04   1.8403449E-02   8.9485084E-03   1.4950053E-02
   8.2608696E-01   3.4084857E+04   1.6603739E+04   5.0688596E+04   1.8595848E-02   8.5084118E-03   1.5251040E-02
   8.4057971E-01   3.3013803E+04   1.6056179E+04   4.9069983E+04   2.6453560E-02   7.1854687E-03   1.9976456E-02
   8.5507246E-01   3.0360839E+04   1.4152980E+04   4.4513819E+04   1.9713192E-02   5.6992832E-03   1.4860309E-02
   8.6956522E-01   2.8276207E+04   1.3866581E+04   4.2142789E+04   1.4737367E-02   1.4117445E-02   1.4298111E-02
   8.8405797E-01   2.5949376E+04   1.2806992E+04   3.8756368E+04   2.2760594E-02   5.9732412E-03   1.7213229E-02
   8.9855072E-01   2.4504227E+04   1.2343775E+04   3.6848002E+04   1.7043928E-02   6.3160696E-03   1.3337353E-02
   9.1304348E-01   2.1830033E+04   1.1101444E+04   3.2931477E+04   2.5740407E-02   1.5498903E-02   2.2282538E-02
   9.2753623E-01   2.0411532E+04   1.0051851E+04   3.0463383E+04   3.9817278E-02   1.0952544E-02   3.0162291E-02
   9.4202899E-01   1.8057448E+04   9.8272619E+03   2.7884710E+04   3.9623084E-02   1.1135070E-02   2.9526653E-02
   9.5652174E-01   1.6497994E+04   7.8758692E+03   2.4373863E+04   4.0160754E-02   1.5394892E-02   3.1759960E-02
   9.7101449E-01   1.3492237E+04   6.0505840E+03   1.9542821E+04   4.4208318E-02   1.1255012E-02   3.3615856E-02
   9.8550725E-01   6.9199188E+03   3.2983832E+03   1.0218302E+04   5.4664259E-02   2.3376721E-02   4.4415668E-02
   1.0000000E+00   8.7536368E+01   0.0000000E+00   8.7536368E+01   8.0168133E-02   0.0000000E+00   8.0168133E-02
