   0.0000000E+00   2.1701579E+06   1.2851214E+06   3.4552793E+06   1.1633747E-02   2.2685589E-06   7.3065123E-03
   1.4492754E-02   2.1762198E+06   1.2729976E+06   3.4492174E+06   3.4703886E-03   1.5247743E-06   2.1896543E-03
   2.8985507E-02   2.2898803E+06   1.2119998E+06   3.5015012E+06   1.2674656E-03   8.3640537E-07   8.2873302E-04
   4.3478261E-02   2.4144017E+06   1.2924462E+06   3.7068479E+06   2.5298483E-03   3.4650678E-06   1.6466503E-03
   5.7971014E-02   2.5647492E+06   1.4241661E+06   3.9889153E+06   7.6624060E-04   3.4946546E-07   4.9268890E-04
   7.2463768E-02   2.6307102E+06   1.3930231E+06   4.0234302E+06   2.2198752E-03   1.9634830E-06   1.4521004E-03
   8.6956522E-02   2.6208849E+06   1.3877947E+06   4.0081745E+06   5.7239666E-04   1.0873354E-06   3.6909413E-04
   1.0144928E-01   2.4965259E+06   1.3041731E+06   3.7999412E+06   2.4597314E-03   1.7431803E-06   1.6163720E-03
   1.1594203E-01   2.3393226E+06   1.2464768E+06   3.5854206E+06   1.3013337E-03   1.1296430E-05   8.5032192E-04
   1.3043478E-01   2.1432161E+06   1.1536120E+06   3.2958178E+06   1.1596091E-03   3.6762634E-06   7.6905390E-04
   1.4492754E-01   1.9599617E+06   1.0574215E+06   3.0170044E+06   3.5133554E-04   7.1181120E-06   2.4093388E-04
   1.5942029E-01   1.7516806E+06   9.5068400E+05   2.7020201E+06   1.0909277E-03   2.7642318E-05   6.9342401E-04
   1.7391304E-01   1.5847431E+06   8.6192548E+05   2.4464792E+06   1.0633557E-03   6.0182699E-06   6.8860950E-04
   1.8840580E-01   1.4232626E+06   7.8857074E+05   2.2113088E+06   2.9702210E-03   2.5611465E-06   1.9113222E-03
   2.0289855E-01   1.3008715E+06   6.8991925E+05   1.9905201E+06   1.8431250E-03   1.8216563E-05   1.1972432E-03
   2.1739130E-01   1.1489309E+06   6.2412245E+05   1.7728513E+06   1.6875574E-03   8.2047061E-07   1.0946261E-03
   2.3188406E-01   1.0299062E+06   5.5608401E+05   1.5856114E+06   1.4010187E-03   5.4253208E-06   8.9875745E-04
   2.4637681E-01   9.2189811E+05   5.0598981E+05   1.4276651E+06   2.4882980E-03   8.2653223E-06   1.6302651E-03
   2.6086957E-01   8.3090037E+05   4.5809392E+05   1.2888680E+06   2.0926654E-03   1.0146206E-05   1.3431232E-03
   2.7536232E-01   7.5051825E+05   4.0100223E+05   1.1512413E+06   9.7781013E-04   1.7653474E-05   6.0048334E-04
   2.8985507E-01   6.6506549E+05   3.6288010E+05   1.0279077E+06   1.8508500E-03   2.2610294E-05   1.2062924E-03
   3.0434783E-01   6.0496254E+05   3.2322882E+05   9.2815527E+05   4.0439108E-03   1.5968668E-05   2.6357891E-03
   3.1884058E-01   5.4160952E+05   2.8969651E+05   8.3120270E+05   1.7398061E-03   2.0609060E-06   1.1384310E-03
   3.3333333E-01   4.8274416E+05   2.5766342E+05   7.4034169E+05   5.0098207E-03   2.0952711E-05   3.2631606E-03
   3.4782609E-01   4.3225721E+05   2.3142541E+05   6.6361947E+05   3.4677183E-03   1.1153840E-05   2.2571066E-03
   3.6231884E-01   3.9435648E+05   2.0786233E+05   6.0218850E+05   3.4771588E-03   1.3134828E-05   2.2783580E-03
   3.7681159E-01   3.5091952E+05   1.8509176E+05   5.3598213E+05   2.1924251E-03   9.1998140E-06   1.4469412E-03
   3.9130435E-01   3.2223454E+05   1.6462531E+05   4.8674759E+05   3.0366466E-03   6.7413410E-06   1.9889329E-03
   4.0579710E-01   2.8453012E+05   1.5160146E+05   4.3610452E+05   4.8054164E-04   1.0831463E-05   3.0349181E-04
   4.2028986E-01   2.6115787E+05   1.3511229E+05   3.9621790E+05   1.0360927E-03   3.5260466E-05   7.1876197E-04
   4.3478261E-01   2.3982366E+05   1.2111158E+05   3.6093524E+05   4.4192278E-03   3.7379899E-06   2.9364685E-03
   4.4927536E-01   2.1299734E+05   1.0923630E+05   3.2218475E+05   2.7154237E-03   5.5962161E-06   1.8143497E-03
   4.6376812E-01   1.9537767E+05   9.6682465E+04   2.9206013E+05   4.7614597E-03   3.5805033E-05   3.1799730E-03
   4.7826087E-01   1.7832070E+05   8.9091465E+04   2.6741216E+05   3.1607821E-03   5.4318551E-06   2.1063330E-03
   4.9275362E-01   1.6206650E+05   7.7957733E+04   2.4002424E+05   2.7041627E-03   1.7798877E-06   1.8254970E-03
   5.0724638E-01   1.4708752E+05   7.2331379E+04   2.1939724E+05   3.7876912E-03   5.0135826E-06   2.5409708E-03
   5.2173913E-01   1.3334061E+05   6.2702711E+04   1.9604332E+05   4.6155557E-03   6.3747727E-06   3.1373112E-03
   5.3623188E-01   1.2398211E+05   5.7915658E+04   1.8189776E+05   3.2827809E-03   7.3237763E-06   2.2365258E-03
   5.5072464E-01   1.1324175E+05   5.1645737E+04   1.6486755E+05   1.5768020E-03   4.6377103E-06   1.0819813E-03
   5.6521739E-01   1.0178929E+05   4.6202509E+04   1.4799180E+05   3.5867775E-03   3.2794883E-05   2.4750905E-03
   5.7971014E-01   9.7444938E+04   4.1145102E+04   1.3859004E+05   5.9614265E-04   3.2017427E-06   4.2009404E-04
   5.9420290E-01   8.9080264E+04   3.6112621E+04   1.2519289E+05   3.6117397E-03   1.8290586E-06   2.5703532E-03
   6.0869565E-01   8.3513407E+04   3.4134233E+04   1.1764764E+05   2.5811702E-03   7.8698064E-05   1.8191672E-03
   6.2318841E-01   7.6954328E+04   3.0626659E+04   1.0758099E+05   2.6988079E-03   2.1284185E-04   1.9910480E-03
   6.3768116E-01   7.2828828E+04   2.8380683E+04   1.0119229E+05   4.8350895E-03   1.9592209E-05   3.4753916E-03
   6.5217391E-01   6.9998031E+04   2.5560984E+04   9.5559015E+04   2.8191625E-03   1.3677495E-06   2.0650898E-03
   6.6666667E-01   6.1557869E+04   2.3703980E+04   8.5245377E+04   2.6079926E-03   3.6243961E-06   1.8836639E-03
   6.8115942E-01   5.9216316E+04   2.1232749E+04   8.0449065E+04   2.9156646E-03   1.6672016E-05   2.1429558E-03
   6.9565217E-01   5.5220061E+04   1.8959203E+04   7.4179264E+04   4.0980502E-03   2.6689912E-04   3.1151669E-03
   7.1014493E-01   5.4139513E+04   1.7412480E+04   7.1551993E+04   2.7390058E-03   3.1814753E-06   2.0716966E-03
   7.2463768E-01   5.1268464E+04   1.5745768E+04   6.7014232E+04   4.2389256E-03   3.1383547E-06   3.2426404E-03
   7.3913043E-01   4.8480290E+04   1.4233564E+04   6.2713854E+04   1.8837936E-03   1.2583018E-06   1.4563505E-03
   7.5362319E-01   4.5755638E+04   1.2298649E+04   5.8054287E+04   1.1476462E-03   6.6192649E-05   8.9186620E-04
   7.6811594E-01   4.4892324E+04   1.2138084E+04   5.7030408E+04   3.2048280E-03   8.8126413E-07   2.5228666E-03
   7.8260870E-01   4.1479067E+04   9.8926734E+03   5.1371741E+04   4.7803839E-04   1.8653374E-06   3.8633918E-04
   7.9710145E-01   3.9292091E+04   8.9275158E+03   4.8219607E+04   3.0949993E-03   4.1250161E-06   2.5219068E-03
   8.1159420E-01   3.9091094E+04   8.7275029E+03   4.7818597E+04   3.6558978E-03   9.7194308E-07   2.9885941E-03
   8.2608696E-01   3.6397948E+04   7.4710178E+03   4.3868966E+04   4.8252565E-03   6.6289925E-06   4.0026197E-03
   8.4057971E-01   3.3013803E+04   6.8588234E+03   3.9872627E+04   3.6915260E-03   2.3794691E-06   3.0568862E-03
   8.5507246E-01   3.1593767E+04   6.3701253E+03   3.7963892E+04   2.8433192E-03   1.0069974E-04   2.3591583E-03
   8.6956522E-01   3.0814625E+04   5.7335409E+03   3.6535537E+04   2.3528127E-03   1.7798134E-05   1.9831120E-03
   8.8405797E-01   2.9315714E+04   4.8569679E+03   3.4172682E+04   2.2256965E-03   1.1701066E-03   1.7769601E-03
   8.9855072E-01   2.8024036E+04   4.1186655E+03   3.2142701E+04   2.9482723E-03   1.2622175E-05   2.5711554E-03
   9.1304348E-01   2.5522496E+04   3.3917737E+03   2.8914270E+04   2.7516287E-03   1.9351927E-06   2.4288163E-03
   9.2753623E-01   2.3264884E+04   2.8888711E+03   2.6153755E+04   2.5153814E-03   4.1642342E-06   2.2374771E-03
   9.4202899E-01   2.0307343E+04   2.7511670E+03   2.3058510E+04   3.7849625E-03   2.1390316E-06   3.3332766E-03
   9.5652174E-01   1.7301654E+04   2.1354397E+03   1.9437094E+04   3.0045794E-03   4.0304179E-06   2.6744372E-03
   9.7101449E-01   1.3107714E+04   1.4363068E+03   1.4544021E+04   3.2176164E-03   4.0712908E-06   2.9000497E-03
   9.8550725E-01   6.7639142E+03   7.8002306E+02   7.5439373E+03   5.7079168E-03   1.8689679E-06   5.1176992E-03
   1.0000000E+00   7.0029094E+02   0.0000000E+00   7.0029094E+02   1.2811055E-02   0.0000000E+00   1.2811055E-02
