   0.0000000E+00   7.5652431E+06   6.3407406E+06   1.3905984E+07   1.5359505E-03   4.3507185E-04   7.1093979E-04
   1.4492754E-02   7.8994049E+06   7.2409318E+06   1.5140337E+07   9.6735029E-04   7.3432789E-05   4.9918256E-04
   2.8985507E-02   7.8429535E+06   7.4311237E+06   1.5273698E+07   1.4120932E-03   1.0531403E-04   7.0436421E-04
   4.3478261E-02   7.0709462E+06   6.4675352E+06   1.3537471E+07   1.8862478E-03   1.6654378E-04   1.0595224E-03
   5.7971014E-02   5.9078835E+06   5.3446957E+06   1.1252011E+07   8.2682907E-04   7.6695375E-05   4.3722339E-04
   7.2463768E-02   4.8081424E+06   4.1863436E+06   8.9932736E+06   2.0350647E-03   2.0455717E-04   1.0045092E-03
   8.6956522E-02   3.7819901E+06   3.1931024E+06   6.9745873E+06   2.9953072E-04   2.4028506E-04   2.6456621E-04
   1.0144928E-01   2.9891630E+06   2.4263811E+06   5.4151111E+06   6.9369350E-04   2.6635210E-04   4.6496471E-04
   1.1594203E-01   2.3052244E+06   1.7747140E+06   4.0798437E+06   2.4219741E-03   2.6418856E-04   1.2971586E-03
   1.3043478E-01   1.8120852E+06   1.3253657E+06   3.1372825E+06   2.8055020E-03   1.0513163E-04   1.5876396E-03
   1.4492754E-01   1.4224233E+06   9.7604062E+05   2.3980851E+06   2.7505426E-03   4.3968793E-04   1.7966704E-03
   1.5942029E-01   1.1381205E+06   7.4926381E+05   1.8873154E+06   3.4006186E-04   4.6634345E-04   2.7665312E-04
   1.7391304E-01   9.2532278E+05   5.7114403E+05   1.4964037E+06   2.5259162E-03   1.6357173E-04   1.5704472E-03
   1.8840580E-01   7.7895331E+05   4.4269309E+05   1.2216464E+06   9.3548841E-05   1.8218207E-04   1.0534265E-04
   2.0289855E-01   6.7644236E+05   3.7280645E+05   1.0492488E+06   2.6021109E-03   2.3124171E-04   1.7030673E-03
   2.1739130E-01   5.8042630E+05   3.0380189E+05   8.8422819E+05   1.5341189E-03   4.2399664E-04   1.0866841E-03
   2.3188406E-01   5.1919170E+05   2.5843557E+05   7.7762727E+05   1.5646635E-03   2.6152696E-04   1.0389151E-03
   2.4637681E-01   4.7100021E+05   2.2669699E+05   6.9769720E+05   2.5348310E-03   3.8039668E-04   1.8296111E-03
   2.6086957E-01   4.2563753E+05   1.9827443E+05   6.2391197E+05   2.0718627E-03   1.3141371E-04   1.3840763E-03
   2.7536232E-01   3.9079272E+05   1.7647289E+05   5.6722573E+05   1.5691657E-03   6.2435663E-04   1.1080271E-03
   2.8985507E-01   3.6185715E+05   1.5973089E+05   5.2158805E+05   2.5602326E-03   7.4430983E-04   1.9690713E-03
   3.0434783E-01   3.4264131E+05   1.3924314E+05   4.8184837E+05   8.0910933E-04   2.3961751E-04   5.8457282E-04
   3.1884058E-01   3.1883493E+05   1.2888412E+05   4.4771905E+05   2.1427949E-03   3.7406098E-04   1.6277803E-03
   3.3333333E-01   2.9057555E+05   1.1072839E+05   4.0123805E+05   2.8613680E-03   2.9572582E-04   2.0311888E-03
   3.4782609E-01   2.7284835E+05   1.0358892E+05   3.7643727E+05   4.8911740E-03   3.7705075E-04   3.4447746E-03
   3.6231884E-01   2.5953997E+05   9.0685926E+04   3.5022590E+05   3.5888397E-04   7.3718531E-04   3.1222578E-04
   3.7681159E-01   2.4512782E+05   8.2972167E+04   3.2809998E+05   3.5430091E-03   4.3249835E-04   2.7525269E-03
   3.9130435E-01   2.2580553E+05   7.4903674E+04   3.0070921E+05   2.9582657E-03   2.6161897E-04   2.1563569E-03
   4.0579710E-01   2.1627970E+05   6.6491394E+04   2.8277109E+05   1.5278782E-03   4.0189118E-04   1.2606990E-03
   4.2028986E-01   2.1229692E+05   6.0331517E+04   2.7262843E+05   4.6291724E-03   6.8346492E-04   3.7145897E-03
   4.3478261E-01   1.9208625E+05   5.5870452E+04   2.4795670E+05   4.7904011E-03   4.2807372E-04   3.6592198E-03
   4.4927536E-01   1.8261454E+05   4.7395207E+04   2.2998531E+05   3.5867988E-03   5.1990514E-04   2.9276556E-03
   4.6376812E-01   1.8391690E+05   4.7192788E+04   2.3110969E+05   2.9528682E-03   6.7991471E-04   2.2632703E-03
   4.7826087E-01   1.6876863E+05   4.2571025E+04   2.1133965E+05   4.7674857E-03   3.3711012E-04   3.8642315E-03
   4.9275362E-01   1.6594433E+05   4.0628058E+04   2.0657239E+05   5.9405637E-03   1.9180076E-04   4.7502165E-03
   5.0724638E-01   1.6018554E+05   3.8428075E+04   1.9861361E+05   4.1352977E-03   3.3815533E-04   3.2700946E-03
   5.2173913E-01   1.5270499E+05   3.3803475E+04   1.8650847E+05   4.6698233E-03   1.9562020E-04   3.8443032E-03
   5.3623188E-01   1.4798393E+05   3.1046725E+04   1.7903065E+05   4.7638439E-03   2.8258477E-04   3.8978658E-03
   5.5072464E-01   1.3978248E+05   2.9452028E+04   1.6923451E+05   5.3908354E-03   6.1737414E-05   4.4419985E-03
   5.6521739E-01   1.3479941E+05   2.7977970E+04   1.6277738E+05   5.3060350E-03   3.8269664E-04   4.3303100E-03
   5.7971014E-01   1.3478241E+05   2.5327349E+04   1.6010976E+05   5.2790958E-03   5.7385519E-04   4.5322927E-03
   5.9420290E-01   1.2770635E+05   2.4007316E+04   1.5171367E+05   5.0127772E-03   4.7363220E-04   4.1449514E-03
   6.0869565E-01   1.2073271E+05   2.1685702E+04   1.4241841E+05   6.2536380E-03   3.7906087E-04   5.3577687E-03
   6.2318841E-01   1.1945807E+05   2.0423647E+04   1.3988172E+05   4.9820114E-03   4.5318093E-05   4.2483859E-03
   6.3768116E-01   1.1517598E+05   1.8822868E+04   1.3399884E+05   3.6508604E-03   3.0412445E-04   3.1020220E-03
   6.5217391E-01   1.1251548E+05   1.6939625E+04   1.2945510E+05   5.9907177E-03   4.2821972E-04   5.2316874E-03
   6.6666667E-01   1.0619844E+05   1.7049075E+04   1.2324752E+05   9.3156771E-03   1.5213879E-04   8.0412219E-03
   6.8115942E-01   1.0202038E+05   1.4364753E+04   1.1636901E+05   4.8036953E-03   7.0817390E-06   4.2105575E-03
   6.9565217E-01   1.0082634E+05   1.3907625E+04   1.1473396E+05   9.1319940E-03   6.7228524E-05   8.0205263E-03
   7.1014493E-01   9.7237720E+04   1.2015539E+04   1.0923779E+05   7.1213938E-03   2.3646725E-04   6.3624212E-03
   7.2463768E-01   9.2428721E+04   1.1078110E+04   1.0350683E+05   8.1039504E-03   2.6228959E-05   7.2357284E-03
   7.3913043E-01   9.1671281E+04   1.0548883E+04   1.0222016E+05   6.6149295E-03   3.6429508E-04   5.8947025E-03
   7.5362319E-01   8.8334611E+04   9.4279930E+03   9.7762604E+04   6.8828283E-03   4.3786908E-05   6.2161450E-03
   7.6811594E-01   8.4766430E+04   8.7354172E+03   9.3501847E+04   6.0487911E-03   4.0135078E-04   5.4466082E-03
   7.8260870E-01   7.9520255E+04   7.8860744E+03   8.7406330E+04   7.1903122E-03   8.9353410E-06   6.5411664E-03
   7.9710145E-01   7.4395965E+04   7.8391304E+03   8.2235096E+04   7.1487392E-03   3.7105295E-06   6.4670132E-03
   8.1159420E-01   7.3500458E+04   6.4813549E+03   7.9981813E+04   8.2048511E-03   9.1274946E-06   7.5406767E-03
   8.2608696E-01   6.9605426E+04   6.2214170E+03   7.5826843E+04   7.7077812E-03   8.0964283E-04   7.1267922E-03
   8.4057971E-01   6.6288895E+04   5.0167394E+03   7.1305635E+04   8.4048398E-03   4.4427782E-04   7.8379132E-03
   8.5507246E-01   6.2468326E+04   4.8546520E+03   6.7322978E+04   9.8811036E-03   3.6281266E-05   9.1683705E-03
   8.6956522E-01   5.8307838E+04   4.7737411E+03   6.3081579E+04   7.4066035E-03   5.4345389E-04   6.8781225E-03
   8.8405797E-01   5.3923524E+04   3.8880587E+03   5.7811582E+04   6.4206495E-03   2.8402648E-05   5.9883132E-03
   8.9855072E-01   4.9961735E+04   3.2998210E+03   5.3261556E+04   7.8872047E-03   8.5318159E-06   7.3986349E-03
   9.1304348E-01   4.5933276E+04   2.8505332E+03   4.8783809E+04   6.1430514E-03   3.5852142E-06   5.7839272E-03
   9.2753623E-01   3.9698298E+04   2.4389650E+03   4.2137263E+04   3.2646245E-03   2.6762539E-06   3.0755400E-03
   9.4202899E-01   3.3165552E+04   1.8535405E+03   3.5019092E+04   6.3440796E-03   8.8722002E-06   6.0078358E-03
   9.5652174E-01   2.6899652E+04   1.4236265E+03   2.8323279E+04   7.1860764E-03   6.8074620E-06   6.8251875E-03
   9.7101449E-01   1.8773775E+04   1.1988073E+03   1.9972582E+04   8.0576276E-03   1.9848432E-05   7.5729196E-03
   9.8550725E-01   6.5633369E+03   3.1200922E+02   6.8753461E+03   1.1625113E-02   3.4224088E-05   1.1096111E-02
   1.0000000E+00   6.5652276E+01   0.0000000E+00   6.5652276E+01   2.0120983E-06   0.0000000E+00   2.0120983E-06
