   0.0000000E+00   3.0309467E+05   1.0911408E+05   4.1220876E+05   0.0000000E+00   0.0000000E+00   0.0000000E+00
   1.4492754E-02   3.2885772E+05   1.7200623E+05   5.0086395E+05   0.0000000E+00   0.0000000E+00   0.0000000E+00
   2.8985507E-02   3.1105091E+05   1.4851639E+05   4.5956730E+05   0.0000000E+00   0.0000000E+00   0.0000000E+00
   4.3478261E-02   2.9627504E+05   1.4295965E+05   4.3923470E+05   0.0000000E+00   0.0000000E+00   0.0000000E+00
   5.7971014E-02   2.8434069E+05   1.4662205E+05   4.3096274E+05   0.0000000E+00   0.0000000E+00   0.0000000E+00
   7.2463768E-02   3.0021527E+05   1.4942567E+05   4.4964095E+05   0.0000000E+00   0.0000000E+00   0.0000000E+00
   8.6956522E-02   3.0120033E+05   1.4472771E+05   4.4592804E+05   0.0000000E+00   0.0000000E+00   0.0000000E+00
   1.0144928E-01   3.0017197E+05   1.5382055E+05   4.5399252E+05   0.0000000E+00   0.0000000E+00   0.0000000E+00
   1.1594203E-01   3.1360827E+05   1.5202092E+05   4.6562919E+05   0.0000000E+00   0.0000000E+00   0.0000000E+00
   1.3043478E-01   3.1538685E+05   1.5356797E+05   4.6895481E+05   0.0000000E+00   0.0000000E+00   0.0000000E+00
   1.4492754E-01   3.2006798E+05   1.5813965E+05   4.7820762E+05   0.0000000E+00   0.0000000E+00   0.0000000E+00
   1.5942029E-01   3.2438019E+05   1.5760923E+05   4.8198942E+05   0.0000000E+00   0.0000000E+00   0.0000000E+00
   1.7391304E-01   3.1452387E+05   1.5299967E+05   4.6752353E+05   0.0000000E+00   0.0000000E+00   0.0000000E+00
   1.8840580E-01   3.2792512E+05   1.6390427E+05   4.9182940E+05   0.0000000E+00   0.0000000E+00   0.0000000E+00
   2.0289855E-01   3.3129330E+05   1.6237215E+05   4.9366545E+05   0.0000000E+00   0.0000000E+00   0.0000000E+00
   2.1739130E-01   3.2749379E+05   1.6720723E+05   4.9465051E+05   0.0000000E+00   0.0000000E+00   0.0000000E+00
   2.3188406E-01   3.3212546E+05   1.6556547E+05   4.9769093E+05   0.0000000E+00   0.0000000E+00   0.0000000E+00
   2.4637681E-01   3.4124894E+05   1.7294225E+05   5.1419120E+05   0.0000000E+00   0.0000000E+00   0.0000000E+00
   2.6086957E-01   3.3614041E+05   1.7095382E+05   5.0705213E+05   0.0000000E+00   0.0000000E+00   0.0000000E+00
   2.7536232E-01   3.4469043E+05   1.7156754E+05   5.1617821E+05   0.0000000E+00   0.0000000E+00   0.0000000E+00
   2.8985507E-01   3.5068054E+05   1.6939204E+05   5.2007257E+05   0.0000000E+00   0.0000000E+00   0.0000000E+00
   3.0434783E-01   3.5278055E+05   1.7936710E+05   5.3211157E+05   0.0000000E+00   0.0000000E+00   0.0000000E+00
   3.1884058E-01   3.5648067E+05   1.7569158E+05   5.3206892E+05   0.0000000E+00   0.0000000E+00   0.0000000E+00
   3.3333333E-01   3.4648334E+05   1.7684915E+05   5.2333249E+05   0.0000000E+00   0.0000000E+00   0.0000000E+00
   3.4782609E-01   3.5133724E+05   1.7737353E+05   5.2864763E+05   0.0000000E+00   0.0000000E+00   0.0000000E+00
   3.6231884E-01   3.6062204E+05   1.8018978E+05   5.4081183E+05   0.0000000E+00   0.0000000E+00   0.0000000E+00
   3.7681159E-01   3.5558251E+05   1.7972931E+05   5.3528268E+05   0.0000000E+00   0.0000000E+00   0.0000000E+00
   3.9130435E-01   3.5936364E+05   1.8166035E+05   5.4096786E+05   0.0000000E+00   0.0000000E+00   0.0000000E+00
   4.0579710E-01   3.5830120E+05   1.8237098E+05   5.4064512E+05   0.0000000E+00   0.0000000E+00   0.0000000E+00
   4.2028986E-01   3.6209362E+05   1.8237938E+05   5.4442074E+05   0.0000000E+00   0.0000000E+00   0.0000000E+00
   4.3478261E-01   3.6050586E+05   1.8218516E+05   5.4266576E+05   0.0000000E+00   0.0000000E+00   0.0000000E+00
   4.4927536E-01   3.5853167E+05   1.8051243E+05   5.3901966E+05   0.0000000E+00   0.0000000E+00   0.0000000E+00
   4.6376812E-01   3.6049323E+05   1.7529765E+05   5.3567248E+05   0.0000000E+00   0.0000000E+00   0.0000000E+00
   4.7826087E-01   3.5195721E+05   1.7689707E+05   5.2873947E+05   0.0000000E+00   0.0000000E+00   0.0000000E+00
   4.9275362E-01   3.5132238E+05   1.7635207E+05   5.2760760E+05   0.0000000E+00   0.0000000E+00   0.0000000E+00
   5.0724638E-01   3.5267230E+05   1.7248252E+05   5.2515482E+05   0.0000000E+00   0.0000000E+00   0.0000000E+00
   5.2173913E-01   3.4327577E+05   1.7436363E+05   5.1755520E+05   0.0000000E+00   0.0000000E+00   0.0000000E+00
   5.3623188E-01   3.4231267E+05   1.6723453E+05   5.0950624E+05   0.0000000E+00   0.0000000E+00   0.0000000E+00
   5.5072464E-01   3.2708302E+05   1.6219553E+05   4.8921873E+05   0.0000000E+00   0.0000000E+00   0.0000000E+00
   5.6521739E-01   3.2013403E+05   1.5964929E+05   4.7972504E+05   0.0000000E+00   0.0000000E+00   0.0000000E+00
   5.7971014E-01   3.1982171E+05   1.5740085E+05   4.7718468E+05   0.0000000E+00   0.0000000E+00   0.0000000E+00
   5.9420290E-01   3.0547877E+05   1.5402384E+05   4.5941021E+05   0.0000000E+00   0.0000000E+00   0.0000000E+00
   6.0869565E-01   2.9699670E+05   1.4730762E+05   4.4426823E+05   0.0000000E+00   0.0000000E+00   0.0000000E+00
   6.2318841E-01   2.8483851E+05   1.4398759E+05   4.2875561E+05   0.0000000E+00   0.0000000E+00   0.0000000E+00
   6.3768116E-01   2.7411125E+05   1.3978520E+05   4.1387922E+05   0.0000000E+00   0.0000000E+00   0.0000000E+00
   6.5217391E-01   2.6342295E+05   1.2925304E+05   3.9260863E+05   0.0000000E+00   0.0000000E+00   0.0000000E+00
   6.6666667E-01   2.5016841E+05   1.2425234E+05   3.7435487E+05   0.0000000E+00   0.0000000E+00   0.0000000E+00
   6.8115942E-01   2.4068619E+05   1.2112502E+05   3.6181121E+05   0.0000000E+00   0.0000000E+00   0.0000000E+00
   6.9565217E-01   2.2877333E+05   1.1609157E+05   3.4486491E+05   0.0000000E+00   0.0000000E+00   0.0000000E+00
   7.1014493E-01   2.1996013E+05   1.0880480E+05   3.2874947E+05   0.0000000E+00   0.0000000E+00   0.0000000E+00
   7.2463768E-01   2.0952935E+05   1.0794717E+05   3.1741590E+05   0.0000000E+00   0.0000000E+00   0.0000000E+00
   7.3913043E-01   1.9980476E+05   1.0131385E+05   3.0108890E+05   0.0000000E+00   0.0000000E+00   0.0000000E+00
   7.5362319E-01   1.8515004E+05   9.4848232E+04   2.7996913E+05   0.0000000E+00   0.0000000E+00   0.0000000E+00
   7.6811594E-01   1.7545178E+05   8.6639327E+04   2.6207681E+05   0.0000000E+00   0.0000000E+00   0.0000000E+00
   7.8260870E-01   1.6294145E+05   8.4641994E+04   2.4755538E+05   0.0000000E+00   0.0000000E+00   0.0000000E+00
   7.9710145E-01   1.5052784E+05   7.5677229E+04   2.2619129E+05   0.0000000E+00   0.0000000E+00   0.0000000E+00
   8.1159420E-01   1.3731271E+05   6.8737542E+04   2.0602319E+05   0.0000000E+00   0.0000000E+00   0.0000000E+00
   8.2608696E-01   1.2833667E+05   6.6215551E+04   1.9455222E+05   0.0000000E+00   0.0000000E+00   0.0000000E+00
   8.4057971E-01   1.2360253E+05   6.1141512E+04   1.8474404E+05   0.0000000E+00   0.0000000E+00   0.0000000E+00
   8.5507246E-01   1.0754724E+05   5.4788215E+04   1.6232261E+05   0.0000000E+00   0.0000000E+00   0.0000000E+00
   8.6956522E-01   9.9920211E+04   5.0149540E+04   1.5006975E+05   0.0000000E+00   0.0000000E+00   0.0000000E+00
   8.8405797E-01   9.1698561E+04   4.5563576E+04   1.3724972E+05   0.0000000E+00   0.0000000E+00   0.0000000E+00
   8.9855072E-01   7.9036825E+04   3.9035661E+04   1.1804804E+05   0.0000000E+00   0.0000000E+00   0.0000000E+00
   9.1304348E-01   6.7763309E+04   3.4458978E+04   1.0221026E+05   0.0000000E+00   0.0000000E+00   0.0000000E+00
   9.2753623E-01   5.9399452E+04   2.8793994E+04   8.8193446E+04   0.0000000E+00   0.0000000E+00   0.0000000E+00
   9.4202899E-01   5.0302058E+04   2.4410779E+04   7.4712837E+04   0.0000000E+00   0.0000000E+00   0.0000000E+00
   9.5652174E-01   3.8656052E+04   1.8931936E+04   5.7587988E+04   0.0000000E+00   0.0000000E+00   0.0000000E+00
   9.7101449E-01   2.8217209E+04   1.3627951E+04   4.1845160E+04   0.0000000E+00   0.0000000E+00   0.0000000E+00
   9.8550725E-01   9.0371243E+03   4.3569859E+03   1.3394110E+04   0.0000000E+00   0.0000000E+00   0.0000000E+00
   1.0000000E+00   0.0000000E+00   0.0000000E+00   0.0000000E+00   0.0000000E+00   0.0000000E+00   0.0000000E+00
