   0.0000000E+00   1.0608314E+06   1.0244600E+06   2.0852914E+06   1.8800096E-02   1.2598833E-06   9.5634383E-03
   1.4492754E-02   9.9793921E+05   1.0843212E+06   2.0822604E+06   5.5146159E-03   1.4654335E-06   2.6422704E-03
   2.8985507E-02   1.0047588E+06   1.1835847E+06   2.1883435E+06   1.4124766E-03   9.9375986E-07   6.4884724E-04
   4.3478261E-02   1.0504756E+06   1.2318273E+06   2.2823029E+06   1.3632183E-03   4.1842973E-06   6.2900365E-04
   5.7971014E-02   1.1006125E+06   1.3055803E+06   2.4060034E+06   1.8143453E-03   6.9030895E-07   8.3988136E-04
   7.2463768E-02   1.0908377E+06   1.3264938E+06   2.4173316E+06   2.0001403E-03   3.3426020E-07   9.0270534E-04
   8.6956522E-02   1.0748495E+06   1.2943405E+06   2.3690637E+06   1.1375697E-04   2.6319462E-06   5.0325081E-05
   1.0144928E-01   1.0348518E+06   1.2450696E+06   2.2798132E+06   1.5211776E-03   1.0393306E-05   6.9402777E-04
   1.1594203E-01   9.7795391E+05   1.1799855E+06   2.1579394E+06   3.4141017E-03   8.4479704E-06   1.5429191E-03
   1.3043478E-01   9.2629100E+05   1.0695032E+06   1.9957942E+06   2.8333387E-03   4.5110227E-06   1.3142136E-03
   1.4492754E-01   8.7026058E+05   1.0002882E+06   1.8705488E+06   2.1395997E-03   4.3811513E-07   9.9534550E-04
   1.5942029E-01   8.3275262E+05   9.1651696E+05   1.7492696E+06   3.0124258E-03   5.9836978E-06   1.4309554E-03
   1.7391304E-01   7.7712211E+05   8.2448066E+05   1.6016028E+06   3.7668669E-03   8.5449793E-07   1.8273423E-03
   1.8840580E-01   7.2649462E+05   7.4479687E+05   1.4711749E+06   3.4120708E-03   5.7033890E-07   1.6851934E-03
   2.0289855E-01   6.8293725E+05   6.7449390E+05   1.3573229E+06   2.5959177E-03   1.1901297E-06   1.3194413E-03
   2.1739130E-01   6.4003492E+05   6.2386987E+05   1.2638543E+06   5.9505464E-03   1.5918809E-06   3.0135452E-03
   2.3188406E-01   6.0202180E+05   5.4718060E+05   1.1491077E+06   4.4601642E-03   4.9644037E-06   2.3354954E-03
   2.4637681E-01   5.8421498E+05   5.0175540E+05   1.0859258E+06   6.8566137E-03   1.9367375E-06   3.6891028E-03
   2.6086957E-01   5.4855926E+05   4.5531555E+05   1.0038327E+06   5.0065887E-03   7.2517693E-06   2.7392089E-03
   2.7536232E-01   5.1290797E+05   4.0913793E+05   9.2192626E+05   2.4871394E-03   1.7571050E-06   1.3841370E-03
   2.8985507E-01   4.7790453E+05   3.6359995E+05   8.4139081E+05   5.1532783E-03   2.8214947E-05   2.9420555E-03
   3.0434783E-01   4.6279670E+05   3.3217733E+05   7.9486578E+05   3.6707277E-03   7.7532490E-07   2.1360773E-03
   3.1884058E-01   4.3707630E+05   2.9520732E+05   7.3224918E+05   4.7669748E-03   1.4844571E-05   2.8416689E-03
   3.3333333E-01   4.1662340E+05   2.6777756E+05   6.8440095E+05   4.4260999E-03   2.2663365E-06   2.6937168E-03
   3.4782609E-01   3.9433880E+05   2.4348605E+05   6.3782485E+05   4.4827566E-03   2.8392604E-06   2.7704684E-03
   3.6231884E-01   3.7647389E+05   2.1668238E+05   5.9312597E+05   5.0115281E-03   5.4016509E-06   3.1790079E-03
   3.7681159E-01   3.5931291E+05   1.9864359E+05   5.5792735E+05   4.7553267E-03   1.9193711E-05   3.0645052E-03
   3.9130435E-01   3.5060757E+05   1.8008875E+05   5.3069632E+05   4.6301755E-03   1.5432898E-06   3.0584542E-03
   4.0579710E-01   3.3627272E+05   1.5917883E+05   4.9545154E+05   5.0628791E-03   2.2497888E-06   3.4355531E-03
   4.2028986E-01   3.2504291E+05   1.4308159E+05   4.6812450E+05   6.0127081E-03   1.9173196E-06   4.1744289E-03
   4.3478261E-01   3.1016688E+05   1.3144206E+05   4.4160894E+05   3.7931240E-03   9.1229599E-06   2.6667785E-03
   4.4927536E-01   3.0468348E+05   1.1664256E+05   4.2132604E+05   5.6020431E-03   3.6558879E-05   4.0467333E-03
   4.6376812E-01   2.8841353E+05   1.0423615E+05   3.9262600E+05   3.1071541E-03   1.4911578E-06   2.2823449E-03
   4.7826087E-01   2.8415126E+05   9.4854856E+04   3.7896019E+05   2.9691345E-03   2.5201692E-06   2.2269345E-03
   4.9275362E-01   2.7193832E+05   8.6203691E+04   3.5814202E+05   2.9075768E-03   9.6038235E-05   2.2231842E-03
   5.0724638E-01   2.6492639E+05   7.7895331E+04   3.4282173E+05   3.2485966E-03   8.4529945E-06   2.5103669E-03
   5.2173913E-01   2.6152440E+05   6.8701459E+04   3.3020481E+05   2.1938283E-03   3.4542395E-06   1.7378564E-03
   5.3623188E-01   2.4950016E+05   6.1315233E+04   3.1081540E+05   1.4998196E-03   1.4762783E-06   1.2038619E-03
   5.5072464E-01   2.4732127E+05   5.7408524E+04   3.0472979E+05   2.2664220E-03   2.2466355E-06   1.8398509E-03
   5.6521739E-01   2.3394634E+05   5.0127196E+04   2.8407354E+05   1.5715888E-03   3.0017827E-06   1.2947881E-03
   5.7971014E-01   2.2518040E+05   4.5407371E+04   2.7058777E+05   3.1521599E-03   9.7583536E-06   2.6238036E-03
   5.9420290E-01   2.2343991E+05   4.1934257E+04   2.6537417E+05   2.3988531E-03   3.2301619E-06   2.0196577E-03
   6.0869565E-01   2.1460185E+05   3.8301785E+04   2.5288560E+05   2.5356697E-03   8.5283095E-05   2.1517194E-03
   6.2318841E-01   2.0878289E+05   3.3780959E+04   2.4256385E+05   2.9121413E-03   1.2542611E-06   2.5064323E-03
   6.3768116E-01   1.9539274E+05   3.0498902E+04   2.2589164E+05   1.0124321E-03   6.4802627E-07   8.7565119E-04
   6.5217391E-01   1.9295344E+05   2.8137289E+04   2.2109073E+05   2.7430057E-03   2.0965836E-06   2.3936771E-03
   6.6666667E-01   1.8790223E+05   2.5746575E+04   2.1364880E+05   1.8931953E-03   4.5511200E-06   1.6655289E-03
   6.8115942E-01   1.7468249E+05   2.3376983E+04   1.9804335E+05   1.8478442E-03   4.0818538E-06   1.6294110E-03
   6.9565217E-01   1.7034868E+05   2.0679897E+04   1.9102858E+05   1.6967386E-03   2.1282178E-06   1.5128650E-03
   7.1014493E-01   1.5833604E+05   1.8572281E+04   1.7690832E+05   2.7392612E-03   3.2175521E-04   2.4813468E-03
   7.2463768E-01   1.5571489E+05   1.7776503E+04   1.7349139E+05   1.0485438E-03   4.2321292E-06   9.4091135E-04
   7.3913043E-01   1.4463856E+05   1.5570746E+04   1.6020931E+05   2.6858597E-03   1.2963744E-06   2.4247577E-03
   7.5362319E-01   1.3873867E+05   1.4076416E+04   1.5281509E+05   1.9642426E-03   6.7263492E-07   1.7833615E-03
   7.6811594E-01   1.2918696E+05   1.1923630E+04   1.4111059E+05   1.4939101E-03   1.7512015E-06   1.3676431E-03
   7.8260870E-01   1.2396011E+05   1.1267825E+04   1.3522793E+05   1.1032037E-03   3.7085493E-06   1.0112857E-03
   7.9710145E-01   1.1568573E+05   1.0084786E+04   1.2577051E+05   1.2793327E-03   6.3412213E-07   1.1768000E-03
   8.1159420E-01   1.0569074E+05   9.1469643E+03   1.1483770E+05   1.6151417E-03   2.9559518E-06   1.4866852E-03
   8.2608696E-01   9.9329974E+04   8.6142697E+03   1.0794424E+05   1.1853330E-03   1.4083940E-06   1.0907156E-03
   8.4057971E-01   9.1895170E+04   6.9502744E+03   9.8845444E+04   2.0209081E-03   9.3635242E-07   1.8788711E-03
   8.5507246E-01   8.2503398E+04   6.4600263E+03   8.8963424E+04   1.9828317E-03   6.7019670E-06   1.8384123E-03
   8.6956522E-01   7.5243253E+04   5.9861198E+03   8.1229373E+04   1.1538351E-03   9.3611368E-07   1.0688240E-03
   8.8405797E-01   6.8680756E+04   4.8072803E+03   7.3488036E+04   1.3638921E-03   2.4176489E-05   1.2731381E-03
   8.9855072E-01   6.0814480E+04   4.1064440E+03   6.4920924E+04   1.3472586E-03   6.3705034E-06   1.2620030E-03
   9.1304348E-01   5.2788989E+04   3.8849040E+03   5.6673893E+04   1.3764817E-03   3.8179543E-06   1.2821578E-03
   9.2753623E-01   4.5298446E+04   3.0901449E+03   4.8388591E+04   2.3528741E-03   8.7358934E-07   2.2025916E-03
   9.4202899E-01   3.8061697E+04   2.7395096E+03   4.0801206E+04   6.0716624E-04   2.7635887E-06   5.6624112E-04
   9.5652174E-01   2.9689501E+04   2.0435929E+03   3.1733094E+04   2.3104878E-03   3.3366590E-06   2.1615886E-03
   9.7101449E-01   2.2698172E+04   1.5946399E+03   2.4292812E+04   8.1819320E-04   3.8828048E-06   7.6439754E-04
   9.8550725E-01   1.1031755E+04   7.9116624E+02   1.1822921E+04   4.0798238E-03   2.5991933E-06   3.8066364E-03
   1.0000000E+00   8.7536368E+02   2.1884092E+01   8.9724777E+02   1.7150641E-05   4.5719000E-06   1.6840632E-05
