   0.0000000E+00   1.0972027E+06   9.2322638E+06   1.0329466E+07   3.4767060E-06   2.2110276E-06   1.7006571E-06
   1.4492754E-02   1.1411514E+06   9.8505769E+06   1.0991728E+07   4.1676590E-04   8.4476376E-06   3.8514997E-05
   2.8985507E-02   1.1400148E+06   9.6789495E+06   1.0818964E+07   2.2935230E-04   1.7621404E-05   8.4028024E-06
   4.3478261E-02   1.1431721E+06   8.4601301E+06   9.6033022E+06   7.2125459E-05   2.3285440E-05   2.2224634E-05
   5.7971014E-02   1.1820692E+06   7.0514976E+06   8.2335668E+06   2.5509645E-05   5.1184771E-06   7.4312193E-06
   7.2463768E-02   1.1844940E+06   5.7059088E+06   6.8902512E+06   1.7416496E-04   3.1934684E-05   3.7058783E-05
   8.6956522E-02   1.1810589E+06   4.3641844E+06   5.5451171E+06   1.4280303E-04   1.3449278E-05   4.0948542E-05
   1.0144928E-01   1.2176829E+06   3.3444332E+06   4.5618996E+06   4.6715694E-05   1.1569846E-05   1.4258040E-05
   1.1594203E-01   1.2343531E+06   2.4608446E+06   3.6950082E+06   1.6410434E-05   2.3178169E-05   1.2187821E-05
   1.3043478E-01   1.2553171E+06   1.7490247E+06   3.0042576E+06   1.1949103E-04   3.8654918E-05   2.7596262E-05
   1.4492754E-01   1.3110360E+06   1.2481439E+06   2.5588768E+06   1.1803375E-04   1.0428403E-04   1.1102816E-04
   1.5942029E-01   1.3070269E+06   8.3233930E+05   2.1393662E+06   9.8096390E-05   1.3800926E-04   1.0751835E-04
   1.7391304E-01   1.3446037E+06   5.9854884E+05   1.9430894E+06   3.9285848E-05   1.9054361E-05   3.2512676E-05
   1.8840580E-01   1.3828112E+06   4.1652203E+05   1.7993332E+06   3.0504044E-05   1.4679887E-04   1.7892493E-05
   2.0289855E-01   1.3984031E+06   2.8988841E+05   1.6880750E+06   1.1703674E-04   1.9785019E-04   1.2472808E-04
   2.1739130E-01   1.4149470E+06   2.1125699E+05   1.6261534E+06   5.7579401E-05   2.2577188E-04   2.3549061E-05
   2.3188406E-01   1.4133210E+06   1.5438885E+05   1.5676151E+06   3.2479065E-05   3.0961696E-04   2.3238022E-05
   2.4637681E-01   1.3954835E+06   1.1655773E+05   1.5120413E+06   6.9519397E-06   1.0981080E-04   1.3773423E-05
   2.6086957E-01   1.3653994E+06   9.2822744E+04   1.4582222E+06   1.9867469E-05   5.1793999E-04   2.3767673E-05
   2.7536232E-01   1.3411142E+06   7.2024866E+04   1.4130992E+06   2.2589643E-05   4.6308459E-04   4.3654644E-05
   2.8985507E-01   1.2829619E+06   5.6337722E+04   1.3392996E+06   1.5877302E-05   4.9040853E-04   2.9350392E-05
   3.0434783E-01   1.2191622E+06   4.7304419E+04   1.2664306E+06   2.3448735E-05   1.7284350E-04   2.8630736E-05
   3.1884058E-01   1.1372250E+06   4.0883338E+04   1.1780739E+06   1.9597073E-05   7.1816793E-06   1.8669078E-05
   3.3333333E-01   1.0296653E+06   3.0968369E+04   1.0605678E+06   1.6323393E-05   1.0476706E-04   1.8897610E-05
   3.4782609E-01   9.3027964E+05   2.7720534E+04   9.5800018E+05   1.6577208E-05   1.7885626E-06   1.6138664E-05
   3.6231884E-01   8.3220705E+05   2.1034770E+04   8.5324182E+05   2.1421235E-05   8.6406028E-04   4.1710246E-05
   3.7681159E-01   7.1034900E+05   1.5329596E+04   7.2567859E+05   4.1178699E-05   8.6539861E-04   5.0118252E-05
   3.9130435E-01   5.9872424E+05   1.2095723E+04   6.1079190E+05   5.7327452E-05   1.3264464E-03   4.4603593E-05
   4.0579710E-01   4.9802244E+05   9.5799566E+03   5.0760239E+05   8.2663802E-05   2.1297135E-06   8.1091407E-05
   4.2028986E-01   4.0625138E+05   6.4538262E+03   4.1270520E+05   3.5474533E-05   2.6413152E-06   3.4961020E-05
   4.3478261E-01   3.2249273E+05   4.2433254E+03   3.2673606E+05   5.9711067E-05   4.1270906E-03   1.1012408E-04
   4.4927536E-01   2.5007755E+05   2.9576174E+03   2.5303517E+05   2.5699657E-05   5.8695243E-06   2.5334201E-05
   4.6376812E-01   1.9291502E+05   2.3679271E+03   1.9528295E+05   5.4072469E-05   1.0512675E-05   5.3383289E-05
   4.7826087E-01   1.4943486E+05   1.1940093E+03   1.5062887E+05   1.0014234E-04   4.2669098E-06   9.9341661E-05
   4.9275362E-01   1.1207817E+05   8.0230943E+02   1.1288048E+05   1.2339799E-04   2.3125616E-05   1.2243472E-04
   5.0724638E-01   8.6944872E+04   7.3608706E+02   8.7680959E+04   1.0989992E-04   3.3432736E-05   1.0869904E-04
   5.2173913E-01   6.6554539E+04   5.8935075E+02   6.7143890E+04   1.1402641E-04   4.2523862E-06   1.1305637E-04
   5.3623188E-01   5.1198425E+04   2.8671118E+02   5.1485136E+04   1.3222030E-06   2.4638055E-05   1.2048221E-06
   5.5072464E-01   3.9422248E+04   2.3928527E+02   3.9661533E+04   2.7689789E-04   3.8642203E-05   2.7522083E-04
   5.6521739E-01   3.0950629E+04   1.9429146E+02   3.1144921E+04   4.9680649E-06   2.2433422E-04   6.3144904E-06
   5.7971014E-01   2.5175801E+04   1.7049075E+02   2.5346292E+04   7.1543454E-05   6.8979051E-06   7.1054428E-05
   5.9420290E-01   2.0551297E+04   1.1088830E+02   2.0662186E+04   1.6310381E-04   9.5571471E-06   1.6227964E-04
   6.0869565E-01   1.5659891E+04   9.0206748E+01   1.5750098E+04   3.6383565E-04   2.9921040E-07   3.6175293E-04
   6.2318841E-01   1.2952011E+04   1.2335248E+02   1.3075363E+04   3.6152341E-04   8.6303932E-06   3.5819366E-04
   6.3768116E-01   1.0642756E+04   5.1663865E+01   1.0694420E+04   5.1285877E-04   8.3980865E-06   5.1038610E-04
   6.5217391E-01   8.1330404E+03   3.3677186E+01   8.1667176E+03   2.2702781E-06   4.7135305E-06   2.2706506E-06
   6.6666667E-01   7.8079824E+03   3.2945073E+01   7.8409274E+03   1.1288093E-03   1.1848470E-05   1.1241064E-03
   6.8115942E-01   5.5621097E+03   3.2244114E+01   5.5943538E+03   5.8968530E-06   7.2759703E-06   5.8211001E-06
   6.9565217E-01   4.1359794E+03   7.8930905E+01   4.2149103E+03   2.8303519E-05   4.8874439E-06   2.7857938E-05
   7.1014493E-01   3.8660035E+03   1.5464014E+01   3.8814675E+03   2.7858650E-05   0.0000000E+00   2.7747659E-05
   7.2463768E-01   2.5005311E+03   1.5154734E+01   2.5156858E+03   3.7349701E-04   7.0992696E-01   4.3936913E-03
   7.3913043E-01   2.3326404E+03   0.0000000E+00   2.3326404E+03   5.1367703E-03   0.0000000E+00   5.1367703E-03
   7.5362319E-01   1.5591889E+03   1.4571859E+01   1.5737608E+03   4.2327570E-05   8.4292293E-01   7.7686710E-03
   7.6811594E-01   1.4153949E+03   0.0000000E+00   1.4153949E+03   1.0290236E-05   0.0000000E+00   1.0290236E-05
   7.8260870E-01   1.4032161E+03   1.4032161E+01   1.4172482E+03   8.4093485E-06   2.0184112E-05   8.2030523E-06
   7.9710145E-01   9.0928402E+02   1.3777031E+01   9.2306105E+02   1.0306183E-05   4.6444192E-05   1.0426813E-05
   8.1159420E-01   6.4948859E+02   2.7062024E+01   6.7655061E+02   1.9499312E-05   2.6885673E-07   1.8726219E-05
   8.2608696E-01   4.5198329E+02   1.3293626E+01   4.6527691E+02   1.0596734E-02   1.4602752E-06   1.0294008E-02
   8.4057971E-01   3.3967507E+02   0.0000000E+00   3.3967507E+02   1.4139067E-02   0.0000000E+00   1.4139067E-02
   8.5507246E-01   4.4950481E+02   1.2842995E+01   4.6234781E+02   4.6660977E-06   1.4749443E-05   4.4249621E-06
   8.6956522E-01   2.0206312E+02   1.2628945E+01   2.1469206E+02   3.0433513E-05   0.0000000E+00   2.8643306E-05
   8.8405797E-01   1.2421913E+02   1.2421913E+01   1.3664104E+02   2.3988608E-06   0.0000000E+00   2.1807826E-06
   8.9855072E-01   9.7772475E+01   0.0000000E+00   9.7772475E+01   5.0070952E-02   0.0000000E+00   5.0070952E-02
   9.1304348E-01   1.4433080E+02   0.0000000E+00   1.4433080E+02   5.0970461E-06   0.0000000E+00   5.0970461E-06
   9.2753623E-01   7.1037814E+01   1.1839636E+01   8.2877450E+01   9.9267303E-07   0.0000000E+00   8.5086260E-07
   9.4202899E-01   9.3259900E+01   0.0000000E+00   9.3259900E+01   2.0449508E-06   0.0000000E+00   2.0449508E-06
   9.5652174E-01   2.2961718E+01   0.0000000E+00   2.2961718E+01   7.7101366E-06   0.0000000E+00   7.7101366E-06
   9.7101449E-01   3.3928508E+01   0.0000000E+00   3.3928508E+01   1.2121140E-01   0.0000000E+00   1.2121140E-01
   9.8550725E-01   1.1143187E+01   0.0000000E+00   1.1143187E+01   7.8070810E-06   0.0000000E+00   7.8070810E-06
   1.0000000E+00   0.0000000E+00   0.0000000E+00   0.0000000E+00   0.0000000E+00   0.0000000E+00   0.0000000E+00
