   0.0000000E+00   2.2125911E+06   1.1396360E+06   3.3522271E+06   7.5332953E-03   3.1917210E-03   4.1543347E-03
   1.4492754E-02   2.2004673E+06   1.0911408E+06   3.2916082E+06   8.1432926E-03   1.6704932E-03   5.4863831E-03
   2.8985507E-02   2.3190531E+06   1.0990971E+06   3.4181502E+06   3.4748989E-03   1.9568278E-03   1.7477998E-03
   4.3478261E-02   2.3767674E+06   1.1608526E+06   3.5376200E+06   2.3129313E-03   1.0039322E-03   1.7864598E-03
   5.7971014E-02   2.4152857E+06   1.1828270E+06   3.5981126E+06   2.4295507E-03   3.6006772E-04   1.6988416E-03
   7.2463768E-02   2.4653721E+06   1.1867672E+06   3.6518362E+06   1.9010473E-03   8.5666132E-04   1.3632830E-03
   8.6956522E-02   2.4192007E+06   1.1915409E+06   3.6107416E+06   1.1434167E-03   8.3995958E-04   6.7358475E-04
   1.0144928E-01   2.3274423E+06   1.1489453E+06   3.4760629E+06   4.0123989E-03   1.7723434E-04   2.6548743E-03
   1.1594203E-01   2.1934583E+06   1.0926563E+06   3.2861146E+06   2.2853457E-03   6.3590689E-04   1.4645396E-03
   1.3043478E-01   2.0591915E+06   1.0223552E+06   3.0814625E+06   2.9473579E-03   4.0403331E-04   1.8427111E-03
   1.4492754E-01   1.9054804E+06   9.1595210E+05   2.8213568E+06   4.0430475E-04   7.2879921E-04   4.8259943E-04
   1.5942029E-01   1.7255731E+06   8.3109937E+05   2.5566725E+06   2.0387696E-03   3.1990108E-04   1.4005453E-03
   1.7391304E-01   1.5617585E+06   7.7705897E+05   2.3388174E+06   9.6049673E-04   4.2391790E-04   6.9410252E-04
   1.8840580E-01   1.3884068E+06   6.9006497E+05   2.0784717E+06   2.4694827E-03   4.7441148E-04   1.5401776E-03
   2.0289855E-01   1.2468016E+06   6.1024865E+05   1.8570502E+06   2.8797963E-03   7.4024784E-04   1.8852295E-03
   2.1739130E-01   1.1176111E+06   5.5026838E+05   1.6678795E+06   1.5731077E-03   4.7685815E-04   9.8948176E-04
   2.3188406E-01   9.9841280E+05   4.9574923E+05   1.4941620E+06   1.8473258E-03   1.7091140E-04   1.1898219E-03
   2.4637681E-01   8.9885400E+05   4.4287481E+05   1.3417288E+06   4.0841348E-03   1.2004856E-03   2.3778411E-03
   2.6086957E-01   7.8547827E+05   3.9549645E+05   1.1809747E+06   2.8992729E-03   9.2173770E-04   1.7289755E-03
   2.7536232E-01   7.1171415E+05   3.5095173E+05   1.0626260E+06   3.6852849E-03   4.9291497E-04   2.6298026E-03
   2.8985507E-01   6.2774696E+05   3.2491749E+05   9.5270233E+05   3.0816623E-03   4.0342511E-04   1.8939829E-03
   3.0434783E-01   5.6693137E+05   2.7596048E+05   8.4289185E+05   8.3043281E-04   4.4711903E-04   6.9929624E-04
   3.1884058E-01   5.0051952E+05   2.5738937E+05   7.5790890E+05   2.3861761E-03   4.5152733E-04   1.4474908E-03
   3.3333333E-01   4.5391722E+05   2.2359821E+05   6.7751543E+05   2.8524420E-03   9.7400702E-04   2.2067154E-03
   3.4782609E-01   4.0785177E+05   2.0727256E+05   6.1512433E+05   8.7327275E-04   1.1902907E-03   6.6296451E-04
   3.6231884E-01   3.7116974E+05   1.8446342E+05   5.5563316E+05   8.8732705E-04   2.0939932E-03   4.8234305E-04
   3.7681159E-01   3.3244240E+05   1.7060733E+05   5.0304973E+05   3.0895012E-03   5.4341815E-04   2.2132826E-03
   3.9130435E-01   2.9467538E+05   1.5151927E+05   4.4619465E+05   3.3924558E-03   2.4172747E-03   1.4584908E-03
   4.0579710E-01   2.7416537E+05   1.4010010E+05   4.1426547E+05   1.5802707E-03   9.6148201E-04   1.2891889E-03
   4.2028986E-01   2.5054955E+05   1.2711686E+05   3.7766641E+05   7.0923655E-03   1.5243648E-03   5.2150490E-03
   4.3478261E-01   2.3371125E+05   1.1772702E+05   3.5143827E+05   6.1195959E-03   2.0552046E-04   4.1292374E-03
   4.4927536E-01   2.0996639E+05   1.0737862E+05   3.1734501E+05   4.3392531E-03   2.8175545E-03   3.2600455E-03
   4.6376812E-01   1.9715361E+05   9.8411052E+04   2.9556467E+05   3.8467547E-03   2.1812793E-03   3.1139664E-03
   4.7826087E-01   1.8231604E+05   9.1571330E+04   2.7388737E+05   3.8397820E-03   4.2633469E-04   2.5761288E-03
   4.9275362E-01   1.6810611E+05   8.4688218E+04   2.5279433E+05   6.3245624E-03   9.8386395E-04   4.1595866E-03
   5.0724638E-01   1.5455663E+05   7.8696367E+04   2.3325300E+05   6.6363347E-03   8.5204424E-04   4.4891095E-03
   5.2173913E-01   1.4708511E+05   7.2342805E+04   2.1942791E+05   8.9538624E-03   1.9120469E-03   6.4247571E-03
   5.3623188E-01   1.3481569E+05   7.0203280E+04   2.0501897E+05   7.4691755E-03   1.8531603E-03   5.5278658E-03
   5.5072464E-01   1.3003160E+05   6.6321900E+04   1.9635350E+05   4.7004311E-03   8.7897821E-04   3.3664952E-03
   5.6521739E-01   1.1826521E+05   6.1143522E+04   1.7940873E+05   7.8294842E-03   2.1941167E-03   5.2884639E-03
   5.7971014E-01   1.1295960E+05   5.7720592E+04   1.7068019E+05   9.8415774E-03   1.8264738E-03   6.5558606E-03
   5.9420290E-01   1.0739531E+05   5.5185408E+04   1.6258072E+05   1.1480758E-02   1.5970156E-03   7.0912206E-03
   6.0869565E-01   1.0144651E+05   5.2049294E+04   1.5349580E+05   1.5569990E-02   1.3285230E-03   1.0705615E-02
   6.2318841E-01   9.4294163E+04   4.8424661E+04   1.4270120E+05   8.3176913E-03   1.3068276E-03   5.7159886E-03
   6.3768116E-01   8.9550699E+04   4.6514700E+04   1.3606540E+05   1.3535858E-02   2.3227194E-03   8.5281428E-03
   6.5217391E-01   8.5135926E+04   4.2500609E+04   1.2763653E+05   8.5715494E-03   2.5111106E-03   6.4178746E-03
   6.6666667E-01   7.9957693E+04   4.1922606E+04   1.2188030E+05   1.4435954E-02   9.3576494E-04   9.7870162E-03
   6.8115942E-01   7.5386739E+04   3.8725181E+04   1.1411192E+05   1.5593901E-02   5.4870268E-04   1.0453097E-02
   6.9565217E-01   7.2442784E+04   3.7949979E+04   1.1039276E+05   1.6231437E-02   2.1411141E-03   1.1292879E-02
   7.1014493E-01   6.7376709E+04   3.4500215E+04   1.0187692E+05   1.3583541E-02   8.4906175E-04   9.1470328E-03
   7.2463768E-01   6.4210607E+04   3.3173712E+04   9.7384319E+04   1.6378166E-02   1.8737529E-03   1.1257019E-02
   7.3913043E-01   6.0722938E+04   3.2404386E+04   9.3127324E+04   1.6831505E-02   1.7627870E-03   1.1587788E-02
   7.5362319E-01   5.7121688E+04   3.0455186E+04   8.7576874E+04   1.3526612E-02   9.4669480E-04   8.8343974E-03
   7.6811594E-01   5.3527663E+04   2.7736022E+04   8.1263685E+04   1.9683982E-02   8.8090925E-04   1.3222904E-02
   7.8260870E-01   5.0894647E+04   2.7615292E+04   7.8509940E+04   2.4399772E-02   1.1277445E-03   1.5445365E-02
   7.9710145E-01   5.0079506E+04   2.5694162E+04   7.5773668E+04   2.4963779E-02   2.5521472E-03   1.7160208E-02
   8.1159420E-01   4.6100159E+04   2.4328760E+04   7.0428919E+04   3.0755397E-02   3.7757732E-03   2.1318418E-02
   8.2608696E-01   4.3576506E+04   2.3237258E+04   6.6813764E+04   1.6790700E-02   1.7930207E-03   1.1543681E-02
   8.4057971E-01   4.1335843E+04   2.1778397E+04   6.3114240E+04   2.3589331E-02   2.9075623E-03   1.6426278E-02
   8.5507246E-01   3.7668503E+04   2.0291932E+04   5.7960435E+04   2.8023978E-02   2.7198632E-03   1.9070542E-02
   8.6956522E-01   3.6093524E+04   1.8842386E+04   5.4935910E+04   2.7394809E-02   1.1014693E-03   1.8374107E-02
   8.8405797E-01   3.4172682E+04   1.7813023E+04   5.1985705E+04   2.6651075E-02   1.5373393E-03   1.8015820E-02
   8.9855072E-01   3.0162809E+04   1.5802476E+04   4.5965285E+04   3.1106375E-02   1.7128602E-03   2.0611335E-02
   9.1304348E-01   2.8457222E+04   1.5359202E+04   4.3816424E+04   3.4571803E-02   1.8538686E-03   2.2863163E-02
   9.2753623E-01   2.5443377E+04   1.4349638E+04   3.9793016E+04   3.5433878E-02   3.5997222E-03   2.3924752E-02
   9.4202899E-01   2.3011880E+04   1.2508484E+04   3.5520364E+04   3.7968061E-02   5.1707506E-03   2.6322006E-02
   9.5652174E-01   1.9701154E+04   1.0814969E+04   3.0516123E+04   4.9542727E-02   5.4609752E-03   3.3725194E-02
   9.7101449E-01   1.6579731E+04   9.2624827E+03   2.5842214E+04   5.6866502E-02   3.8736831E-03   3.7463135E-02
   9.8550725E-01   9.3825631E+03   3.7775402E+03   1.3160103E+04   7.6429728E-02   7.5874788E-03   5.6665271E-02
   1.0000000E+00   6.5652276E+01   4.3768184E+01   1.0942046E+02   1.3941627E-01   2.7999553E-05   8.3638605E-02
