   0.0000000E+00   2.3598951E+07   1.1954054E+07   3.5553005E+07   1.2014779E-02   2.1564107E-05   7.9817264E-03
   1.4492754E-02   2.2901076E+07   1.1635047E+07   3.4535365E+07   4.0636565E-04   7.1260614E-06   2.7719331E-04
   2.8985507E-02   2.0953314E+07   1.0457903E+07   3.1408564E+07   8.9932635E-04   1.8390438E-05   5.9861360E-04
   4.3478261E-02   1.8573642E+07   9.1537117E+06   2.7725838E+07   1.5271812E-03   1.4041477E-05   1.0191512E-03
   5.7971014E-02   1.5346630E+07   7.5661902E+06   2.2910358E+07   1.2317793E-03   1.5152843E-05   8.2501559E-04
   7.2463768E-02   1.1919046E+07   5.9946065E+06   1.7911531E+07   7.8823852E-04   2.8674537E-05   5.3714366E-04
   8.6956522E-02   9.0039324E+06   4.4907265E+06   1.3493017E+07   7.2615241E-04   2.3362300E-05   4.7613265E-04
   1.0144928E-01   6.4698806E+06   3.2482007E+06   9.7169987E+06   1.1481367E-03   1.2348303E-04   7.7765408E-04
   1.1594203E-01   4.5951994E+06   2.3154539E+06   6.9099903E+06   6.9479374E-04   1.1618289E-04   4.6465298E-04
   1.3043478E-01   3.2125510E+06   1.6016870E+06   4.8138170E+06   3.1420491E-03   2.1601897E-04   2.1621746E-03
   1.4492754E-01   2.1686424E+06   1.1021280E+06   3.2705431E+06   1.8933021E-03   2.5271005E-04   1.2557048E-03
   1.5942029E-01   1.4712491E+06   7.3596898E+05   2.2072181E+06   1.8285735E-03   4.7676972E-04   1.2639640E-03
   1.7391304E-01   9.9970727E+05   5.0029565E+05   1.4999398E+06   5.0194117E-04   6.2097854E-04   4.2163333E-04
   1.8840580E-01   6.7671715E+05   3.4599423E+05   1.0226531E+06   1.7338669E-03   6.5176276E-04   1.3661608E-03
   2.0289855E-01   4.7358543E+05   2.3760457E+05   7.1113588E+05   5.2975398E-03   9.8256452E-04   3.7775481E-03
   2.1739130E-01   3.3916294E+05   1.7402686E+05   5.1318980E+05   5.1378529E-03   1.4911831E-03   3.8067799E-03
   2.3188406E-01   2.5744104E+05   1.2971505E+05   3.8720345E+05   3.5803579E-03   2.0445459E-03   3.0798021E-03
   2.4637681E-01   1.9522863E+05   9.8817778E+04   2.9404641E+05   3.9611256E-03   2.6178417E-03   3.2496812E-03
   2.6086957E-01   1.6122953E+05   8.0530571E+04   2.4176010E+05   4.7983586E-03   1.8366644E-03   3.8117233E-03
   2.7536232E-01   1.3200571E+05   6.5324878E+04   1.9733058E+05   5.0319812E-03   2.2561308E-03   3.9604846E-03
   2.8985507E-01   1.0972027E+05   5.2245944E+04   1.6196622E+05   7.8249438E-03   1.8644735E-03   5.8748573E-03
   3.0434783E-01   9.1036650E+04   4.7448750E+04   1.3848540E+05   1.0035670E-02   1.6985235E-03   7.1694383E-03
   3.1884058E-01   7.6496963E+04   3.8024605E+04   1.1452157E+05   4.2862740E-03   2.6556958E-03   3.1601526E-03
   3.3333333E-01   6.3386321E+04   3.1627270E+04   9.5013591E+04   3.0885907E-03   1.8136182E-03   2.6618661E-03
   3.4782609E-01   5.2757417E+04   2.4437008E+04   7.7194425E+04   1.8051759E-02   2.1174047E-03   1.3006323E-02
   3.6231884E-01   4.0099425E+04   1.9276821E+04   5.9376247E+04   4.4634773E-03   2.7125705E-03   2.1992893E-03
   3.7681159E-01   3.0105461E+04   1.4892440E+04   4.4997902E+04   1.0408718E-02   2.7669413E-03   6.8117108E-03
   3.9130435E-01   2.2311136E+04   1.2151851E+04   3.4462987E+04   7.2663422E-03   1.6748716E-03   4.8442007E-03
   4.0579710E-01   1.6183091E+04   8.0915453E+03   2.4274636E+04   8.6928873E-03   2.3553204E-03   6.4107738E-03
   4.2028986E-01   1.1366050E+04   4.4941624E+03   1.5860213E+04   1.4347636E-02   1.3039764E-03   1.0281813E-02
   4.3478261E-01   7.2490143E+03   3.7886834E+03   1.1037698E+04   1.3273258E-02   1.1856645E-02   4.7127896E-03
   4.4927536E-01   4.7419651E+03   2.2243238E+03   6.9662889E+03   2.8683159E-02   2.8416379E-03   1.8646583E-02
   4.6376812E-01   3.0309467E+03   1.7285868E+03   4.7595335E+03   3.0795899E-02   1.8448528E-02   1.4804036E-02
   4.7826087E-01   2.1813632E+03   1.1021624E+03   3.2835256E+03   1.2555236E-02   1.6651101E-02   1.2747891E-02
   4.9275362E-01   1.4263279E+03   8.0230943E+02   2.2286373E+03   2.2996602E-02   8.4118472E-03   1.2432588E-02
   5.0724638E-01   1.0608314E+03   3.8969315E+02   1.4505245E+03   2.1846584E-02   4.0422777E-06   1.5977302E-02
   5.2173913E-01   8.6297789E+02   5.0515779E+02   1.3681357E+03   1.8876200E-02   3.0202375E-02   1.7514007E-02
   5.3623188E-01   7.1677794E+02   2.6623181E+02   9.8300975E+02   7.4781229E-02   3.1941731E-02   5.9729436E-02
   5.5072464E-01   3.3898746E+02   2.7916615E+02   6.1815361E+02   9.3743901E-02   3.8622964E-02   6.8118168E-02
   5.6521739E-01   5.2458694E+02   2.1372060E+02   7.3830754E+02   4.0131635E-02   4.0433780E-02   2.7141663E-02
   5.7971014E-01   2.6520784E+02   1.3260392E+02   3.9781176E+02   3.9020812E-02   1.8502730E-05   2.6013271E-02
   5.9420290E-01   1.4785106E+02   3.6962765E+01   1.8481383E+02   7.3687679E-02   1.8029492E-01   3.2681548E-02
   6.0869565E-01   1.9845485E+02   5.4124049E+01   2.5257889E+02   9.6929119E-02   2.3252860E-05   7.6157435E-02
   6.2318841E-01   8.8108917E+01   5.2865350E+01   1.4097427E+02   1.7030659E-01   7.9403370E-02   8.4655664E-02
   6.3768116E-01   8.6106441E+01   6.8885153E+01   1.5499159E+02   9.5448285E-02   3.5360070E-05   5.3013298E-02
   6.5217391E-01   1.5154734E+02   8.4192965E+01   2.3574030E+02   7.7478878E-02   1.8308799E-01   6.0875744E-02
   6.6666667E-01   1.4825283E+02   1.6472537E+01   1.6472537E+02   9.8337770E-02   1.0115027E-05   8.8503247E-02
   6.8115942E-01   9.6732343E+01   4.8366171E+01   1.4509851E+02   4.6603220E-02   5.7306249E-06   3.1070236E-02
   6.9565217E-01   9.4717086E+01   1.5786181E+01   1.1050327E+02   3.6004485E-02   5.3360290E-06   3.0861091E-02
   7.1014493E-01   1.5464014E+02   3.0928028E+01   1.8556817E+02   1.1712012E-02   5.5481677E-05   9.7510177E-03
   7.2463768E-01   1.5154734E+02   1.5154734E+01   1.6670207E+02   6.1339064E-02   5.6791025E-01   4.3960398E-02
   7.3913043E-01   8.9145492E+01   0.0000000E+00   8.9145492E+01   2.5143599E-02   0.0000000E+00   2.5143599E-02
   7.5362319E-01   1.0200302E+02   0.0000000E+00   1.0200302E+02   1.1869223E-01   0.0000000E+00   1.1869223E-01
   7.6811594E-01   5.7187674E+01   0.0000000E+00   5.7187674E+01   9.1580514E-02   0.0000000E+00   9.1580514E-02
   7.8260870E-01   1.4032161E+01   1.4032161E+01   2.8064322E+01   5.9479753E-06   1.2872518E-05   6.0595456E-06
   7.9710145E-01   2.7554061E+01   1.3777031E+01   4.1331092E+01   1.6173912E-01   4.6334999E-01   5.1217862E-02
   8.1159420E-01   4.0593037E+01   1.3531012E+01   5.4124049E+01   2.1499253E-02   3.6166787E-06   1.6123750E-02
   8.2608696E-01   6.6468130E+01   0.0000000E+00   6.6468130E+01   8.3989365E-02   0.0000000E+00   8.3989365E-02
   8.4057971E-01   6.5322128E+01   0.0000000E+00   6.5322128E+01   9.1964105E-06   0.0000000E+00   9.1964105E-06
   8.5507246E-01   1.2842995E+01   0.0000000E+00   1.2842995E+01   2.9897058E-01   0.0000000E+00   2.9897058E-01
   8.6956522E-01   6.3144724E+01   0.0000000E+00   6.3144724E+01   1.4801629E-01   0.0000000E+00   1.4801629E-01
   8.8405797E-01   3.7265739E+01   0.0000000E+00   3.7265739E+01   2.6581555E-06   0.0000000E+00   2.6581555E-06
   8.9855072E-01   2.4443119E+01   2.4443119E+01   4.8886238E+01   7.9332621E-07   2.2067449E-06   1.4232584E-06
   9.1304348E-01   3.6082699E+01   1.2027566E+01   4.8110266E+01   1.8604694E-04   3.9771993E-05   1.4067692E-04
   9.2753623E-01   4.7358543E+01   0.0000000E+00   4.7358543E+01   6.4688845E-02   0.0000000E+00   6.4688845E-02
   9.4202899E-01   1.1657487E+01   0.0000000E+00   1.1657487E+01   7.5585273E-04   0.0000000E+00   7.5585273E-04
   9.5652174E-01   0.0000000E+00   0.0000000E+00   0.0000000E+00   0.0000000E+00   0.0000000E+00   0.0000000E+00
   9.7101449E-01   3.3928508E+01   0.0000000E+00   3.3928508E+01   1.4409054E-01   0.0000000E+00   1.4409054E-01
   9.8550725E-01   0.0000000E+00   0.0000000E+00   0.0000000E+00   0.0000000E+00   0.0000000E+00   0.0000000E+00
   1.0000000E+00   0.0000000E+00   0.0000000E+00   0.0000000E+00   0.0000000E+00   0.0000000E+00   0.0000000E+00
