   0.0000000E+00   1.1820692E+06   9.6990296E+05   2.1519722E+06   8.6068535E-03   9.3600351E-07   4.7273383E-03
   1.4492754E-02   1.1851002E+06   1.1115997E+06   2.2966999E+06   9.2221468E-04   2.7832557E-04   5.9313254E-04
   2.8985507E-02   1.2218504E+06   1.1146307E+06   2.3364811E+06   2.2959628E-03   1.6713220E-04   1.2699438E-03
   4.3478261E-02   1.2298066E+06   1.2007601E+06   2.4308193E+06   1.0507687E-03   1.5127287E-04   5.0081194E-04
   5.7971014E-02   1.2771652E+06   1.2707244E+06   2.5475107E+06   1.3796106E-03   4.6709311E-05   6.7704587E-04
   7.2463768E-02   1.2826967E+06   1.2866369E+06   2.5693335E+06   2.1857412E-03   3.1021212E-05   1.0988286E-03
   8.6956522E-02   1.2622630E+06   1.2415516E+06   2.5038146E+06   9.0082725E-04   1.1992457E-04   3.9684524E-04
   1.0144928E-01   1.1949508E+06   1.2093477E+06   2.4040820E+06   1.5452847E-03   1.2046743E-04   8.2802316E-04
   1.1594203E-01   1.1444665E+06   1.1304484E+06   2.2749150E+06   1.7189601E-03   1.3234009E-04   9.2929502E-04
   1.3043478E-01   1.1016649E+06   1.0346473E+06   2.1362281E+06   1.8926062E-03   4.7602035E-05   9.9543895E-04
   1.4492754E-01   1.0313554E+06   9.6952409E+05   2.0008795E+06   1.8714466E-03   1.1040096E-04   9.8877604E-04
   1.5942029E-01   9.6893856E+05   8.6967506E+05   1.8384759E+06   2.5464771E-03   2.0279132E-04   1.3825291E-03
   1.7391304E-01   9.1086264E+05   7.9278201E+05   1.7035815E+06   3.7986552E-03   1.9083743E-04   2.0288495E-03
   1.8840580E-01   8.6008942E+05   7.3168220E+05   1.5913636E+06   2.7044005E-03   5.6966914E-05   1.4575153E-03
   2.0289855E-01   8.0466223E+05   6.5917679E+05   1.4636225E+06   3.9659865E-03   9.8867032E-05   2.1274203E-03
   2.1739130E-01   7.6677901E+05   5.9527794E+05   1.3619054E+06   4.9104221E-03   2.4799907E-04   2.7618501E-03
   2.3188406E-01   7.2150740E+05   5.4021890E+05   1.2616316E+06   4.7257982E-03   2.7061486E-04   2.8123089E-03
   2.4637681E-01   6.8998611E+05   4.9288543E+05   1.1827378E+06   4.4368033E-03   1.8832893E-04   2.5593646E-03
   2.6086957E-01   6.4247652E+05   4.4542288E+05   1.0877731E+06   4.3872508E-03   7.3499164E-05   2.5967636E-03
   2.7536232E-01   6.2553157E+05   3.9745283E+05   1.0229445E+06   5.7603508E-03   1.6245091E-04   3.5140906E-03
   2.8985507E-01   5.9308050E+05   3.5939451E+05   9.5236135E+05   5.8226205E-03   3.0553967E-04   3.6959501E-03
   3.0434783E-01   5.7674586E+05   3.2874947E+05   9.0531492E+05   4.8768032E-03   7.4562966E-05   3.0913707E-03
   3.1884058E-01   5.3981850E+05   2.9634393E+05   8.3616243E+05   5.8991214E-03   8.5681615E-05   3.8376482E-03
   3.3333333E-01   5.1025329E+05   2.7084145E+05   7.8102885E+05   6.0163051E-03   1.2088750E-04   3.9529698E-03
   3.4782609E-01   4.9353916E+05   2.5197902E+05   7.4548661E+05   5.9440191E-03   1.4919080E-04   3.9848241E-03
   3.6231884E-01   4.6264371E+05   2.1934962E+05   6.8193271E+05   6.4362784E-03   2.4591295E-04   4.4420451E-03
   3.7681159E-01   4.4846354E+05   2.0065450E+05   6.4908890E+05   7.0911635E-03   7.8232042E-05   4.8994043E-03
   3.9130435E-01   4.2183482E+05   1.8137971E+05   6.0321453E+05   5.7972173E-03   1.1833908E-04   4.0480416E-03
   4.0579710E-01   4.0381953E+05   1.6223684E+05   5.6602930E+05   6.6889324E-03   1.2450178E-05   4.7751364E-03
   4.2028986E-01   3.8419863E+05   1.4687027E+05   5.3104277E+05   4.6238295E-03   1.8915838E-04   3.3820100E-03
   4.3478261E-01   3.6778013E+05   1.3235134E+05   5.0013147E+05   5.2418483E-03   3.0888010E-04   3.8087200E-03
   4.4927536E-01   3.5149205E+05   1.2050458E+05   4.7199662E+05   5.2026117E-03   3.2625955E-04   3.9183489E-03
   4.6376812E-01   3.3084678E+05   1.1188456E+05   4.4273134E+05   3.8508578E-03   2.2664881E-04   2.9276988E-03
   4.7826087E-01   3.2167070E+05   9.6622908E+04   4.1829361E+05   5.3184096E-03   2.2415410E-04   4.1161735E-03
   4.9275362E-01   2.9832539E+05   9.0794684E+04   3.8912007E+05   6.3639341E-03   1.0089509E-04   4.8562837E-03
   5.0724638E-01   2.8826468E+05   8.0644833E+04   3.6888787E+05   6.8076129E-03   1.8453400E-04   5.2814244E-03
   5.2173913E-01   2.6910176E+05   7.5542138E+04   3.4464390E+05   5.7495460E-03   1.7775631E-04   4.5279057E-03
   5.3623188E-01   2.5406706E+05   6.9445543E+04   3.2351261E+05   5.1744049E-03   1.5427639E-04   4.0806118E-03
   5.5072464E-01   2.4098021E+05   5.9921019E+04   3.0090123E+05   5.8159687E-03   1.5136991E-04   4.6276495E-03
   5.6521739E-01   2.2796217E+05   5.3488438E+04   2.8143118E+05   5.7170237E-03   3.0916771E-04   4.6082875E-03
   5.7971014E-01   2.1453420E+05   4.8665639E+04   2.6318089E+05   6.5576177E-03   6.9914975E-04   5.2185696E-03
   5.9420290E-01   2.0070781E+05   4.3708470E+04   2.4439780E+05   5.6830892E-03   2.7991739E-04   4.6439098E-03
   6.0869565E-01   1.9131047E+05   4.2018303E+04   2.3331073E+05   6.4560814E-03   2.6413198E-04   5.2466298E-03
   6.2318841E-01   1.7561869E+05   3.5719355E+04   2.1133805E+05   5.2928419E-03   3.5365160E-04   4.4062119E-03
   6.3768116E-01   1.6243119E+05   3.4632011E+04   1.9706320E+05   6.9163040E-03   6.7250718E-04   5.8173438E-03
   6.5217391E-01   1.5355113E+05   3.0612562E+04   1.8416369E+05   5.1436347E-03   3.4252527E-04   4.3429000E-03
   6.6666667E-01   1.4461240E+05   2.6965542E+04   1.7157794E+05   5.5180198E-03   4.5937885E-04   4.7210292E-03
   6.8115942E-01   1.3476428E+05   2.5617949E+04   1.6036610E+05   5.5092655E-03   4.6742146E-04   4.6755809E-03
   6.9565217E-01   1.2292699E+05   2.4847449E+04   1.4777444E+05   4.9646126E-03   2.7729365E-04   4.1621697E-03
   7.1014493E-01   1.1516051E+05   1.9933114E+04   1.3509363E+05   6.2104201E-03   4.7538656E-04   5.3538914E-03
   7.2463768E-01   1.0444642E+05   1.8352382E+04   1.2279881E+05   5.4974973E-03   6.7363548E-04   4.7759219E-03
   7.3913043E-01   9.6381135E+04   1.6432486E+04   1.1281362E+05   4.8622305E-03   7.5876751E-04   4.2515149E-03
   7.5362319E-01   8.6979428E+04   1.5606461E+04   1.0258589E+05   7.5311996E-03   6.7820426E-04   6.3967547E-03
   7.6811594E-01   7.9976962E+04   1.3767933E+04   9.3744895E+04   4.8583281E-03   4.5179948E-04   4.1949174E-03
   7.8260870E-01   7.4833514E+04   1.2039594E+04   8.6873108E+04   6.3783127E-03   9.1595633E-04   5.4078564E-03
   7.9710145E-01   6.5427118E+04   1.0718530E+04   7.6131871E+04   6.6187786E-03   1.0724933E-03   5.6551029E-03
   8.1159420E-01   6.0023570E+04   9.5123016E+03   6.9535872E+04   7.2926886E-03   1.0083193E-05   6.2964219E-03
   8.2608696E-01   5.4237994E+04   8.9333167E+03   6.3171311E+04   6.7733111E-03   1.2672989E-04   5.8056180E-03
   8.4057971E-01   4.8860952E+04   8.1783304E+03   5.7026218E+04   5.2858924E-03   3.8672942E-04   4.5787018E-03
   8.5507246E-01   4.3871670E+04   7.3076640E+03   5.1179334E+04   8.4970143E-03   3.5230482E-04   7.3201576E-03
   8.6956522E-01   3.9137100E+04   6.2134408E+03   4.5350541E+04   5.9137093E-03   2.7735604E-04   5.1009296E-03
   8.8405797E-01   3.4036041E+04   5.3290006E+03   3.9365042E+04   8.5027856E-03   6.7970644E-07   7.3518097E-03
   8.9855072E-01   2.9111755E+04   5.0841687E+03   3.4195923E+04   5.5272630E-03   1.2128178E-06   4.7053024E-03
   9.1304348E-01   2.5558579E+04   4.5464201E+03   3.0104999E+04   5.8691082E-03   1.0287044E-03   4.9523500E-03
   9.2753623E-01   2.2376911E+04   3.6466078E+03   2.6023519E+04   7.1873149E-03   1.5894028E-03   5.9759247E-03
   9.4202899E-01   1.7719381E+04   3.0192892E+03   2.0738670E+04   8.7320905E-03   2.1624984E-03   7.5785795E-03
   9.5652174E-01   1.4293669E+04   2.4454229E+03   1.6739092E+04   9.5495315E-03   3.3091030E-03   8.2139380E-03
   9.7101449E-01   1.0472600E+04   1.7416634E+03   1.2214263E+04   6.1759457E-03   7.2541294E-06   5.2948546E-03
   9.8550725E-01   5.1370090E+03   7.9116624E+02   5.9281752E+03   7.2023154E-03   5.0020774E-06   6.2416389E-03
   1.0000000E+00   3.7202956E+02   2.1884092E+01   3.9391366E+02   5.6406831E-02   0.0000000E+00   5.3273118E-02
