   0.0000000E+00   1.2548119E+06   1.1093265E+06   2.3641385E+06   3.2170657E-03   2.7695114E-04   1.7160505E-03
   1.4492754E-02   1.4571276E+06   1.1805538E+06   2.6376814E+06   3.2155114E-03   5.4241191E-04   1.9804593E-03
   2.8985507E-02   1.4844062E+06   1.1017491E+06   2.5861553E+06   2.9713741E-04   7.8082126E-04   2.4864481E-04
   4.3478261E-02   1.5758397E+06   1.1924250E+06   2.7682647E+06   1.7069295E-03   2.6715948E-04   8.6480464E-04
   5.7971014E-02   1.6141686E+06   1.2540542E+06   2.8684122E+06   7.0581324E-04   2.3432956E-04   2.9935633E-04
   7.2463768E-02   1.6271638E+06   1.2282912E+06   2.8553034E+06   8.2134507E-04   4.3112799E-04   3.2154192E-04
   8.6956522E-02   1.6377216E+06   1.2610001E+06   2.8984691E+06   9.6458273E-04   3.5309459E-04   6.9345345E-04
   1.0144928E-01   1.5334426E+06   1.1865074E+06   2.7197335E+06   1.0254511E-03   9.5578897E-05   5.6810974E-04
   1.1594203E-01   1.4698197E+06   1.1220186E+06   2.5915542E+06   3.9978154E-04   2.5602912E-04   1.1457869E-04
   1.3043478E-01   1.3745343E+06   1.0439928E+06   2.4183587E+06   1.4526792E-03   2.3476371E-04   7.5445206E-04
   1.4492754E-01   1.2761043E+06   9.7149420E+05   2.2471439E+06   7.9370517E-04   3.9770284E-05   4.4787526E-04
   1.5942029E-01   1.2033547E+06   8.6319985E+05   2.0662102E+06   2.0370617E-03   5.1305380E-04   1.3372297E-03
   1.7391304E-01   1.1205663E+06   7.9600239E+05   1.9163792E+06   3.0145055E-03   4.9526312E-04   1.5603367E-03
   1.8840580E-01   1.0416548E+06   7.1203933E+05   1.7536358E+06   2.5603770E-03   7.8841116E-04   1.8383609E-03
   2.0289855E-01   9.9074071E+05   6.5868967E+05   1.6492680E+06   2.8033257E-03   6.8871390E-04   1.8921796E-03
   2.1739130E-01   9.1236548E+05   5.8269951E+05   1.4949134E+06   3.4371014E-03   1.3217993E-04   2.1491208E-03
   2.3188406E-01   8.4710225E+05   5.3908229E+05   1.3859951E+06   3.7347677E-03   1.7578996E-04   2.3361363E-03
   2.4637681E-01   7.9994707E+05   4.8410460E+05   1.2839180E+06   5.8334484E-03   2.1816604E-04   3.6311717E-03
   2.6086957E-01   7.4540241E+05   4.3889793E+05   1.1842582E+06   5.7299623E-03   2.9868435E-04   3.6566066E-03
   2.7536232E-01   7.1462545E+05   4.0427246E+05   1.1188580E+06   5.0698481E-03   4.3450970E-04   3.3737843E-03
   2.8985507E-01   6.5225974E+05   3.6632780E+05   1.0185497E+06   6.0882769E-03   2.4976659E-04   3.9565623E-03
   3.0434783E-01   6.1376671E+05   3.2791957E+05   9.4168628E+05   6.5292183E-03   5.4478130E-04   4.4427675E-03
   3.1884058E-01   5.8063296E+05   2.9975374E+05   8.8038670E+05   8.6072754E-03   6.1920964E-04   5.8768361E-03
   3.3333333E-01   5.4945793E+05   2.6902947E+05   8.1838856E+05   5.9504251E-03   4.1563583E-04   4.1290371E-03
   3.4782609E-01   5.1699743E+05   2.4332819E+05   7.6029405E+05   7.5086029E-03   6.1336954E-04   5.2994919E-03
   3.6231884E-01   4.8483024E+05   2.2107725E+05   7.0590749E+05   6.7623876E-03   5.1583369E-04   4.7489618E-03
   3.7681159E-01   4.5793525E+05   2.0426832E+05   6.6217443E+05   7.2883043E-03   1.6755900E-04   5.0918211E-03
   3.9130435E-01   4.3000154E+05   1.8368099E+05   6.1368252E+05   7.6957463E-03   2.3348244E-04   5.4573274E-03
   4.0579710E-01   4.0249349E+05   1.6478067E+05   5.6724709E+05   6.4553131E-03   9.1476473E-04   4.8067627E-03
   4.2028986E-01   3.7698706E+05   1.4950929E+05   5.2647022E+05   7.2764015E-03   5.8994262E-04   5.0428778E-03
   4.3478261E-01   3.4812949E+05   1.3497816E+05   4.8305714E+05   8.0196241E-03   4.2767340E-04   5.8974236E-03
   4.4927536E-01   3.3227976E+05   1.2311999E+05   4.5539975E+05   7.2722574E-03   7.3318037E-04   5.4702517E-03
   4.6376812E-01   3.0176863E+05   1.1318692E+05   4.1493187E+05   8.3185258E-03   3.3720622E-04   5.9633598E-03
   4.7826087E-01   2.8966207E+05   9.9676817E+04   3.8936185E+05   7.4772219E-03   9.9703324E-04   5.6338028E-03
   4.9275362E-01   2.7655160E+05   9.0660966E+04   3.6719028E+05   8.6692955E-03   2.4008777E-04   6.5878435E-03
   5.0724638E-01   2.5111394E+05   8.4195370E+04   3.3530931E+05   7.0890934E-03   1.0083139E-03   5.5607409E-03
   5.2173913E-01   2.3748731E+05   7.6110440E+04   3.1359775E+05   9.1099519E-03   6.8827736E-04   6.9152648E-03
   5.3623188E-01   2.1935453E+05   6.8257740E+04   2.8761227E+05   9.2178757E-03   6.2680944E-04   7.1137927E-03
   5.5072464E-01   2.0592491E+05   6.2553157E+04   2.6847807E+05   8.2591460E-03   7.4375270E-04   6.4948342E-03
   5.6521739E-01   1.8822956E+05   5.4887337E+04   2.4311690E+05   1.0238999E-02   1.5071972E-03   8.2128620E-03
   5.7971014E-01   1.7552970E+05   5.0957792E+04   2.2648749E+05   8.6838871E-03   9.4764668E-04   6.6727319E-03
   5.9420290E-01   1.6551926E+05   4.5556608E+04   2.1107587E+05   9.0248093E-03   5.5355882E-04   7.1937102E-03
   6.0869565E-01   1.4902155E+05   4.1964179E+04   1.9098573E+05   9.3499880E-03   2.8354479E-03   7.9134874E-03
   6.2318841E-01   1.3859533E+05   3.7287694E+04   1.7588302E+05   1.0378612E-02   1.1787948E-03   8.4162852E-03
   6.3768116E-01   1.2757530E+05   3.3633176E+04   1.6119126E+05   1.0106851E-02   6.9251797E-04   7.9688085E-03
   6.5217391E-01   1.1608526E+05   3.1505007E+04   1.4757343E+05   1.0955389E-02   3.5699960E-04   8.6904108E-03
   6.6666667E-01   1.0983887E+05   2.8975192E+04   1.3881407E+05   1.1091625E-02   1.1174949E-03   8.5950251E-03
   6.8115942E-01   9.7296615E+04   2.5376118E+04   1.2268885E+05   1.2853774E-02   2.6493017E-04   1.0230582E-02
   6.9565217E-01   9.1133622E+04   2.3000466E+04   1.1413409E+05   1.4437734E-02   1.2941621E-03   1.1785332E-02
   7.1014493E-01   8.1820098E+04   2.0876419E+04   1.0269652E+05   1.0658066E-02   1.8736117E-03   8.8721319E-03
   7.2463768E-01   7.3955100E+04   1.8109907E+04   9.2065007E+04   1.2128923E-02   7.5564597E-04   9.8161480E-03
   7.3913043E-01   6.9013469E+04   1.7338798E+04   8.6352267E+04   1.1024620E-02   3.3679601E-04   8.8520406E-03
   7.5362319E-01   6.2731854E+04   1.5387883E+04   7.8119738E+04   1.3596254E-02   2.2332409E-04   1.0880556E-02
   7.6811594E-01   5.5357669E+04   1.3567776E+04   6.8925444E+04   1.1839387E-02   1.9635463E-03   9.8927973E-03
   7.8260870E-01   5.0263200E+04   1.2586848E+04   6.2850048E+04   1.4140729E-02   2.1339328E-03   1.1700461E-02
   7.9710145E-01   4.4554917E+04   1.0525651E+04   5.5066791E+04   1.4704406E-02   3.0145168E-03   1.2349861E-02
   8.1159420E-01   4.2189696E+04   1.0229445E+04   5.2419141E+04   1.5795077E-02   1.4862813E-03   1.2883721E-02
   8.2608696E-01   3.6863225E+04   8.6009760E+03   4.5464201E+04   1.5502348E-02   5.3012518E-04   1.2470136E-02
   8.4057971E-01   3.3510252E+04   8.0084929E+03   4.1518745E+04   1.4916718E-02   1.1282529E-03   1.2049461E-02
   8.5507246E-01   3.0116822E+04   7.0379611E+03   3.7154784E+04   1.5434062E-02   1.3026485E-03   1.2611855E-02
   8.6956522E-01   2.6836508E+04   7.1353538E+03   3.3971861E+04   1.6539053E-02   6.2906339E-04   1.2939398E-02
   8.8405797E-01   2.2371865E+04   5.8258771E+03   2.8197742E+04   1.5423905E-02   6.3544991E-04   1.2213547E-02
   8.9855072E-01   2.0752208E+04   4.6441926E+03   2.5396400E+04   1.9307745E-02   1.0516192E-03   1.5956578E-02
   9.1304348E-01   1.7379833E+04   4.3058688E+03   2.1685702E+04   1.3381394E-02   9.6025961E-04   1.0589384E-02
   9.2753623E-01   1.4752186E+04   3.8360420E+03   1.8588228E+04   1.5876593E-02   1.8768262E-03   1.2955954E-02
   9.4202899E-01   1.3546000E+04   3.3573564E+03   1.6903357E+04   2.5641352E-02   5.3610744E-03   1.9880795E-02
   9.5652174E-01   1.0424620E+04   2.6291167E+03   1.3053737E+04   1.7225737E-02   2.5256763E-03   1.4250384E-02
   9.7101449E-01   7.5773668E+03   1.6398779E+03   9.2172447E+03   2.0964049E-02   2.7171951E-03   1.6795180E-02
   9.8550725E-01   3.8889721E+03   7.9116624E+02   4.6801383E+03   2.0358953E-02   6.2880294E-03   1.6589969E-02
   1.0000000E+00   1.7507274E+02   0.0000000E+00   1.7507274E+02   5.2650038E-02   0.0000000E+00   5.2650038E-02
