   0.0000000E+00   8.6685077E+05   3.6977550E+05   1.2366263E+06   1.1509515E-02   1.1328246E-06   8.0678028E-03
   1.4492754E-02   8.8882513E+05   4.1448197E+05   1.3033071E+06   9.1643229E-03   1.1704502E-03   6.0557827E-03
   2.8985507E-02   7.3500458E+05   3.7659513E+05   1.1115997E+06   4.7770146E-03   4.3788051E-04   3.3024549E-03
   4.3478261E-02   4.1574486E+05   2.1570238E+05   6.3144724E+05   2.3685663E-03   3.9778146E-04   1.5233783E-03
   5.7971014E-02   2.3660328E+05   1.2407938E+05   3.6068266E+05   2.5345174E-03   1.0847581E-03   1.4461841E-03
   7.2463768E-02   4.1523970E+04   2.5308405E+04   6.6832376E+04   2.6236082E-03   2.1281662E-03   8.8170423E-04
   8.6956522E-02   9.8505769E+03   4.5464201E+03   1.4396997E+04   1.1956164E-02   4.2217419E-03   9.1650442E-03
   1.0144928E-01   9.0928402E+03   2.9226986E+03   1.2015539E+04   4.0833212E-02   3.7013292E-06   3.0901107E-02
   1.1594203E-01   2.0837759E+03   3.7886834E+02   2.4626442E+03   2.7453975E-02   7.8191763E-02   2.5800945E-02
   1.3043478E-01   1.6838593E+02   2.5257889E+02   4.2096482E+02   1.2782665E-01   5.1313161E-06   5.1133413E-02
   1.4492754E-01   4.5464201E+02   0.0000000E+00   4.5464201E+02   6.6449058E-02   0.0000000E+00   6.6449058E-02
   1.5942029E-01   4.1331092E+02   1.3777031E+02   5.5108122E+02   2.7520034E-01   4.1447206E-06   2.0640128E-01
   1.7391304E-01   2.5257889E+02   1.2628945E+02   3.7886834E+02   3.0706434E-01   3.8333472E-06   2.0470831E-01
   1.8840580E-01   1.7486231E+02   0.0000000E+00   1.7486231E+02   3.0680954E-01   0.0000000E+00   3.0680954E-01
   2.0289855E-01   1.0824810E+02   5.4124049E+01   1.6237215E+02   2.5095408E-01   2.8677866E-06   1.6730177E-01
   2.1739130E-01   0.0000000E+00   0.0000000E+00   0.0000000E+00   0.0000000E+00   0.0000000E+00   0.0000000E+00
   2.3188406E-01   4.7358543E+01   4.7358543E+01   9.4717086E+01   3.7759497E-01   5.6157302E-06   1.8880025E-01
   2.4637681E-01   4.4572746E+01   0.0000000E+00   4.4572746E+01   3.0344916E-01   0.0000000E+00   3.0344916E-01
   2.6086957E-01   8.4192965E+01   0.0000000E+00   8.4192965E+01   1.9043421E-01   0.0000000E+00   1.9043421E-01
   2.7536232E-01   0.0000000E+00   0.0000000E+00   0.0000000E+00   0.0000000E+00   0.0000000E+00   0.0000000E+00
   2.8985507E-01   0.0000000E+00   3.7886834E+01   3.7886834E+01   0.0000000E+00   6.2945188E-06   6.2945188E-06
   3.0434783E-01   3.6082699E+01   3.6082699E+01   7.2165398E+01   4.0294320E-01   1.1231123E-05   2.0147683E-01
   3.1884058E-01   3.4442577E+01   0.0000000E+00   3.4442577E+01   1.6353180E-01   0.0000000E+00   1.6353180E-01
   3.3333333E-01   3.2945073E+01   0.0000000E+00   3.2945073E+01   3.4083157E-01   0.0000000E+00   3.4083157E-01
   3.4782609E-01   0.0000000E+00   0.0000000E+00   0.0000000E+00   0.0000000E+00   0.0000000E+00   0.0000000E+00
   3.6231884E-01   0.0000000E+00   3.0309467E+01   3.0309467E+01   0.0000000E+00   3.8526827E-05   3.8526827E-05
   3.7681159E-01   2.9143719E+01   0.0000000E+00   2.9143719E+01   7.5204917E-06   0.0000000E+00   7.5204917E-06
   3.9130435E-01   0.0000000E+00   0.0000000E+00   0.0000000E+00   0.0000000E+00   0.0000000E+00   0.0000000E+00
   4.0579710E-01   0.0000000E+00   0.0000000E+00   0.0000000E+00   0.0000000E+00   0.0000000E+00   0.0000000E+00
   4.2028986E-01   0.0000000E+00   0.0000000E+00   0.0000000E+00   0.0000000E+00   0.0000000E+00   0.0000000E+00
   4.3478261E-01   0.0000000E+00   0.0000000E+00   0.0000000E+00   0.0000000E+00   0.0000000E+00   0.0000000E+00
   4.4927536E-01   0.0000000E+00   0.0000000E+00   0.0000000E+00   0.0000000E+00   0.0000000E+00   0.0000000E+00
   4.6376812E-01   0.0000000E+00   0.0000000E+00   0.0000000E+00   0.0000000E+00   0.0000000E+00   0.0000000E+00
   4.7826087E-01   0.0000000E+00   0.0000000E+00   0.0000000E+00   0.0000000E+00   0.0000000E+00   0.0000000E+00
   4.9275362E-01   2.2286373E+01   0.0000000E+00   2.2286373E+01   1.9934534E-05   0.0000000E+00   1.9934534E-05
   5.0724638E-01   0.0000000E+00   0.0000000E+00   0.0000000E+00   0.0000000E+00   0.0000000E+00   0.0000000E+00
   5.2173913E-01   0.0000000E+00   0.0000000E+00   0.0000000E+00   0.0000000E+00   0.0000000E+00   0.0000000E+00
   5.3623188E-01   0.0000000E+00   0.0000000E+00   0.0000000E+00   0.0000000E+00   0.0000000E+00   0.0000000E+00
   5.5072464E-01   0.0000000E+00   0.0000000E+00   0.0000000E+00   0.0000000E+00   0.0000000E+00   0.0000000E+00
   5.6521739E-01   1.9429146E+01   0.0000000E+00   1.9429146E+01   2.5360368E-06   0.0000000E+00   2.5360368E-06
   5.7971014E-01   0.0000000E+00   0.0000000E+00   0.0000000E+00   0.0000000E+00   0.0000000E+00   0.0000000E+00
   5.9420290E-01   0.0000000E+00   0.0000000E+00   0.0000000E+00   0.0000000E+00   0.0000000E+00   0.0000000E+00
   6.0869565E-01   0.0000000E+00   0.0000000E+00   0.0000000E+00   0.0000000E+00   0.0000000E+00   0.0000000E+00
   6.2318841E-01   0.0000000E+00   0.0000000E+00   0.0000000E+00   0.0000000E+00   0.0000000E+00   0.0000000E+00
   6.3768116E-01   1.7221288E+01   0.0000000E+00   1.7221288E+01   9.0759771E-06   0.0000000E+00   9.0759771E-06
   6.5217391E-01   0.0000000E+00   0.0000000E+00   0.0000000E+00   0.0000000E+00   0.0000000E+00   0.0000000E+00
   6.6666667E-01   0.0000000E+00   0.0000000E+00   0.0000000E+00   0.0000000E+00   0.0000000E+00   0.0000000E+00
   6.8115942E-01   0.0000000E+00   0.0000000E+00   0.0000000E+00   0.0000000E+00   0.0000000E+00   0.0000000E+00
   6.9565217E-01   0.0000000E+00   0.0000000E+00   0.0000000E+00   0.0000000E+00   0.0000000E+00   0.0000000E+00
   7.1014493E-01   0.0000000E+00   0.0000000E+00   0.0000000E+00   0.0000000E+00   0.0000000E+00   0.0000000E+00
   7.2463768E-01   0.0000000E+00   0.0000000E+00   0.0000000E+00   0.0000000E+00   0.0000000E+00   0.0000000E+00
   7.3913043E-01   0.0000000E+00   0.0000000E+00   0.0000000E+00   0.0000000E+00   0.0000000E+00   0.0000000E+00
   7.5362319E-01   0.0000000E+00   0.0000000E+00   0.0000000E+00   0.0000000E+00   0.0000000E+00   0.0000000E+00
   7.6811594E-01   0.0000000E+00   0.0000000E+00   0.0000000E+00   0.0000000E+00   0.0000000E+00   0.0000000E+00
   7.8260870E-01   0.0000000E+00   0.0000000E+00   0.0000000E+00   0.0000000E+00   0.0000000E+00   0.0000000E+00
   7.9710145E-01   0.0000000E+00   0.0000000E+00   0.0000000E+00   0.0000000E+00   0.0000000E+00   0.0000000E+00
   8.1159420E-01   0.0000000E+00   0.0000000E+00   0.0000000E+00   0.0000000E+00   0.0000000E+00   0.0000000E+00
   8.2608696E-01   0.0000000E+00   0.0000000E+00   0.0000000E+00   0.0000000E+00   0.0000000E+00   0.0000000E+00
   8.4057971E-01   0.0000000E+00   0.0000000E+00   0.0000000E+00   0.0000000E+00   0.0000000E+00   0.0000000E+00
   8.5507246E-01   0.0000000E+00   0.0000000E+00   0.0000000E+00   0.0000000E+00   0.0000000E+00   0.0000000E+00
   8.6956522E-01   0.0000000E+00   0.0000000E+00   0.0000000E+00   0.0000000E+00   0.0000000E+00   0.0000000E+00
   8.8405797E-01   0.0000000E+00   0.0000000E+00   0.0000000E+00   0.0000000E+00   0.0000000E+00   0.0000000E+00
   8.9855072E-01   0.0000000E+00   0.0000000E+00   0.0000000E+00   0.0000000E+00   0.0000000E+00   0.0000000E+00
   9.1304348E-01   0.0000000E+00   0.0000000E+00   0.0000000E+00   0.0000000E+00   0.0000000E+00   0.0000000E+00
   9.2753623E-01   0.0000000E+00   0.0000000E+00   0.0000000E+00   0.0000000E+00   0.0000000E+00   0.0000000E+00
   9.4202899E-01   0.0000000E+00   0.0000000E+00   0.0000000E+00   0.0000000E+00   0.0000000E+00   0.0000000E+00
   9.5652174E-01   0.0000000E+00   0.0000000E+00   0.0000000E+00   0.0000000E+00   0.0000000E+00   0.0000000E+00
   9.7101449E-01   0.0000000E+00   0.0000000E+00   0.0000000E+00   0.0000000E+00   0.0000000E+00   0.0000000E+00
   9.8550725E-01   0.0000000E+00   0.0000000E+00   0.0000000E+00   0.0000000E+00   0.0000000E+00   0.0000000E+00
   1.0000000E+00   0.0000000E+00   0.0000000E+00   0.0000000E+00   0.0000000E+00   0.0000000E+00   0.0000000E+00
