   0.0000000E+00   5.8800367E+06   3.4916506E+06   9.3716873E+06   7.3998423E-07   5.4066112E-06   2.2384431E-06
   1.4492754E-02   5.8800367E+06   3.6583527E+06   9.5383894E+06   2.6935520E-05   2.7228262E-05   1.3810093E-05
   2.8985507E-02   5.8789001E+06   3.6337263E+06   9.5126263E+06   7.6031664E-05   3.5278460E-05   4.1039159E-05
   4.3478261E-02   5.7721855E+06   3.5141302E+06   9.2863156E+06   3.3932016E-05   2.5959017E-05   1.4583632E-05
   5.7971014E-02   5.6604825E+06   3.3810211E+06   9.0413141E+06   3.2881239E-05   3.2863734E-05   2.8309883E-05
   7.2463768E-02   5.5261736E+06   3.1608228E+06   8.6866933E+06   1.4033443E-05   7.2608323E-05   2.0332286E-05
   8.6956522E-02   5.2012309E+06   2.8790205E+06   8.0801251E+06   3.4375418E-05   9.4703015E-06   2.3614594E-05
   1.0144928E-01   4.7669215E+06   2.5094074E+06   7.2758959E+06   4.8578257E-05   3.4503857E-05   3.8779183E-05
   1.1594203E-01   4.2528919E+06   2.1491307E+06   6.4018331E+06   2.6946237E-05   3.1503914E-05   1.0408621E-05
   1.3043478E-01   3.7218342E+06   1.8388585E+06   5.5604402E+06   9.3848165E-05   1.0449238E-04   8.8130566E-05
   1.4492754E-01   3.1915111E+06   1.5265363E+06   4.7178201E+06   2.3970556E-05   4.9866716E-05   2.2940433E-05
   1.5942029E-01   2.6513895E+06   1.2617005E+06   3.9131589E+06   3.8844641E-05   3.0134825E-05   3.5912128E-05
   1.7391304E-01   2.2183373E+06   1.0326057E+06   3.2507535E+06   4.6122146E-05   8.7762384E-05   5.4080404E-05
   1.8840580E-01   1.8489358E+06   8.4225347E+05   2.6908978E+06   5.2694443E-05   8.8946868E-05   4.8560808E-05
   2.0289855E-01   1.5032413E+06   6.8585995E+05   2.1891013E+06   8.3651968E-06   8.1963334E-05   3.1387347E-05
   2.1739130E-01   1.2329386E+06   5.7517266E+05   1.8081113E+06   6.2842272E-05   1.7338435E-04   6.2449821E-05
   2.3188406E-01   1.0191085E+06   4.5928315E+05   1.4783916E+06   1.4500008E-05   1.5082346E-04   4.8890961E-05
   2.4637681E-01   8.4447525E+05   3.8243416E+05   1.2269094E+06   7.8118018E-05   1.6557966E-04   6.8826550E-05
   2.6086957E-01   6.8238398E+05   3.2940498E+05   1.0117890E+06   1.2502403E-04   3.4241260E-04   1.8730660E-04
   2.7536232E-01   5.6929953E+05   2.6297451E+05   8.3219428E+05   2.3812168E-04   2.9703406E-04   1.9197114E-04
   2.8985507E-01   4.7695736E+05   2.2334289E+05   7.0030024E+05   1.8711414E-04   2.2039756E-04   5.8330857E-05
   3.0434783E-01   3.8853851E+05   1.7846503E+05   5.6696745E+05   1.9054517E-04   3.4611416E-04   2.2862912E-04
   3.1884058E-01   3.2627453E+05   1.5061739E+05   4.7689191E+05   2.6917515E-04   6.2075594E-04   3.8010047E-04
   3.3333333E-01   2.7196158E+05   1.2380759E+05   3.9576916E+05   2.5924408E-04   3.6146339E-05   1.7855435E-04
   3.4782609E-01   2.2804717E+05   1.0636729E+05   3.3438288E+05   1.6166116E-04   1.2398589E-04   9.4350646E-05
   3.6231884E-01   1.9264697E+05   8.8139931E+04   2.8078691E+05   1.1701323E-04   1.2597046E-04   8.9571225E-05
   3.7681159E-01   1.6300082E+05   7.4607920E+04   2.3760874E+05   6.3800412E-04   1.1789322E-03   7.7352981E-04
   3.9130435E-01   1.4099515E+05   6.1881829E+04   2.0287698E+05   4.3364912E-04   6.4722906E-04   3.3834803E-04
   4.0579710E-01   1.1853167E+05   5.5883080E+04   1.7441475E+05   4.0506800E-04   1.0225480E-03   5.6786628E-04
   4.2028986E-01   9.9263506E+04   4.5620974E+04   1.4488448E+05   1.3591511E-03   7.0827794E-04   9.9421763E-04
   4.3478261E-01   8.4310835E+04   3.9326534E+04   1.2363737E+05   6.4302257E-04   1.8014739E-03   9.8845993E-04
   4.4927536E-01   7.2962710E+04   3.2582677E+04   1.0554539E+05   7.9545477E-04   2.6305684E-03   1.3583704E-03
   4.6376812E-01   6.2300163E+04   2.9480693E+04   9.1780856E+04   1.2197305E-03   3.2971187E-04   9.2382691E-04
   4.7826087E-01   5.6348055E+04   2.5418621E+04   8.1766677E+04   5.4127865E-04   2.8006935E-03   9.5768129E-04
   4.9275362E-01   5.0166626E+04   2.1283486E+04   7.1450112E+04   1.1860166E-03   3.2672464E-03   1.4687933E-03
   5.0724638E-01   4.3147692E+04   1.8618673E+04   6.1766365E+04   4.7936383E-04   1.7267277E-03   8.2993424E-04
   5.2173913E-01   3.5971444E+04   1.7238510E+04   5.3209954E+04   9.5697306E-04   8.0297207E-04   4.4889929E-04
   5.3623188E-01   3.3197059E+04   1.5625759E+04   4.8822818E+04   1.7049456E-03   1.4892676E-03   1.6356760E-03
   5.5072464E-01   2.8574649E+04   1.2303251E+04   4.0877900E+04   2.2740765E-03   2.2290479E-03   9.8816011E-04
   5.6521739E-01   2.6773363E+04   1.1424338E+04   3.8197701E+04   7.7280751E-04   1.1204950E-03   5.3491808E-04
   5.7971014E-01   2.2429006E+04   1.0343106E+04   3.2772112E+04   6.1116948E-04   4.5347552E-03   1.5723671E-03
   5.9420290E-01   2.1013332E+04   9.3330982E+03   3.0346430E+04   3.6302132E-03   2.7572019E-03   2.6053705E-03
   6.0869565E-01   1.9033624E+04   8.0644833E+03   2.7098107E+04   4.1548064E-03   7.1411187E-04   3.1122379E-03
   6.2318841E-01   1.6705451E+04   7.0310916E+03   2.3736542E+04   3.7895028E-03   1.0286152E-03   2.8780565E-03
   6.3768116E-01   1.4741423E+04   6.0618935E+03   2.0803316E+04   3.3532356E-03   8.6242512E-04   2.4205584E-03
   6.5217391E-01   1.3134103E+04   5.3546726E+03   1.8488775E+04   5.5713237E-03   3.1252269E-03   4.8626499E-03
   6.6666667E-01   1.1843754E+04   5.3865195E+03   1.7230273E+04   9.6919931E-04   3.9909788E-03   1.1834604E-03
   6.8115942E-01   1.0527703E+04   4.5625422E+03   1.5090245E+04   4.3454058E-03   9.4310414E-03   5.5101041E-03
   6.9565217E-01   9.0928402E+03   4.0412623E+03   1.3134103E+04   4.7693404E-03   1.4098289E-02   6.6252292E-03
   7.1014493E-01   8.8144880E+03   3.3866191E+03   1.2201107E+04   2.2093703E-03   3.8375768E-03   8.3629207E-04
   7.2463768E-01   7.3197364E+03   3.3491961E+03   1.0668933E+04   3.5287550E-03   7.6713714E-03   3.7493882E-03
   7.3913043E-01   6.7156271E+03   3.0903771E+03   9.8060041E+03   5.8597336E-03   4.7870912E-03   4.4700557E-03
   7.5362319E-01   6.0181779E+03   2.7540814E+03   8.7722593E+03   6.3760465E-03   1.0526778E-02   7.5202893E-03
   7.6811594E-01   5.6043921E+03   2.3303977E+03   7.9347898E+03   7.2621476E-03   1.5962710E-02   9.7509575E-03
   7.8260870E-01   4.9533528E+03   1.9645025E+03   6.9178553E+03   6.0614377E-03   1.7738062E-02   9.2530934E-03
   7.9710145E-01   4.1193322E+03   2.0252235E+03   6.1445557E+03   1.2544336E-02   1.0846154E-02   1.1632572E-02
   8.1159420E-01   4.0863657E+03   1.7319696E+03   5.8183353E+03   1.2582846E-02   9.3134327E-04   8.9457262E-03
   8.2608696E-01   3.3234065E+03   1.2628945E+03   4.5863010E+03   7.1880579E-03   1.0831794E-02   5.7597542E-03
   8.4057971E-01   3.0701400E+03   1.4632157E+03   4.5333557E+03   1.3836174E-02   1.1594669E-02   1.1562726E-02
   8.5507246E-01   2.7869298E+03   1.5668453E+03   4.3537752E+03   9.9977803E-03   2.2989537E-02   1.3261556E-02
   8.6956522E-01   2.0964048E+03   7.9562352E+02   2.8920283E+03   1.1036727E-02   1.3534353E-02   1.0900723E-02
   8.8405797E-01   2.3850073E+03   8.3226816E+02   3.2172754E+03   2.4962973E-02   1.6376334E-02   2.1180638E-02
   8.9855072E-01   2.1509945E+03   9.2883852E+02   3.0798330E+03   9.7091794E-03   9.6738870E-03   9.5044404E-03
   9.1304348E-01   1.4553355E+03   7.3368155E+02   2.1890171E+03   2.0292909E-02   3.5787774E-02   2.1837920E-02
   9.2753623E-01   1.5273130E+03   6.0382142E+02   2.1311344E+03   8.2891773E-03   1.6654942E-02   1.0284438E-02
   9.4202899E-01   1.0841463E+03   6.0618935E+02   1.6903357E+03   3.3260784E-02   1.5877497E-02   1.9722114E-02
   9.5652174E-01   7.4625583E+02   4.2479178E+02   1.1710476E+03   3.1163106E-02   3.9206473E-02   3.3234878E-02
   9.7101449E-01   6.6726066E+02   2.4880906E+02   9.1606972E+02   5.2588918E-02   6.1126658E-02   5.4875829E-02
   9.8550725E-01   2.8972285E+02   1.6714780E+02   4.5687065E+02   8.9509497E-02   4.4510655E-02   7.2919400E-02
   1.0000000E+00   0.0000000E+00   0.0000000E+00   0.0000000E+00   0.0000000E+00   0.0000000E+00   0.0000000E+00
