   0.0000000E+00   2.0610438E+06   1.1638835E+06   3.2249273E+06   1.3489301E-02   1.4879777E-07   8.6209807E-03
   1.4492754E-02   2.0322498E+06   1.1350896E+06   3.1673393E+06   5.5715673E-03   2.1809768E-06   3.5755139E-03
   2.8985507E-02   2.0818815E+06   1.2286700E+06   3.3105516E+06   7.9591879E-04   7.1474151E-07   5.0050465E-04
   4.3478261E-02   2.3004886E+06   1.2909307E+06   3.5914193E+06   4.4850769E-04   1.4358053E-05   2.9237993E-04
   5.7971014E-02   2.4175589E+06   1.3773759E+06   3.7949347E+06   7.8278212E-04   7.8168190E-06   4.9916850E-04
   7.2463768E-02   2.4665845E+06   1.3939324E+06   3.8597591E+06   1.1730333E-03   4.6222832E-07   7.4956384E-04
   8.6956522E-02   2.4901753E+06   1.4002974E+06   3.8903464E+06   1.5311272E-03   4.5473230E-06   9.8720334E-04
   1.0144928E-01   2.3335042E+06   1.3127247E+06   3.6455794E+06   1.1560373E-03   1.4123788E-06   7.3974617E-04
   1.1594203E-01   2.1925111E+06   1.2355844E+06   3.4275272E+06   9.4854211E-04   5.4541005E-06   6.1049352E-04
   1.3043478E-01   2.0138957E+06   1.1343318E+06   3.1478908E+06   1.4217770E-03   1.5068203E-06   9.0145450E-04
   1.4492754E-01   1.8209928E+06   1.0340833E+06   2.8549245E+06   6.8818965E-04   4.4157906E-06   4.5160529E-04
   1.5942029E-01   1.6400866E+06   9.2912294E+05   2.5690029E+06   7.6515729E-04   5.9832910E-06   4.8227970E-04
   1.7391304E-01   1.4825118E+06   8.5226434E+05   2.3342710E+06   9.3398265E-04   1.1745068E-05   5.9346549E-04
   1.8840580E-01   1.3288370E+06   7.5464745E+05   2.0831347E+06   3.3853867E-04   2.0539113E-05   2.1412635E-04
   2.0289855E-01   1.2151390E+06   6.9684713E+05   1.9118779E+06   3.0005387E-03   1.4104411E-05   1.9176196E-03
   2.1739130E-01   1.0953336E+06   6.1775746E+05   1.7126365E+06   1.5013060E-03   7.4955750E-06   9.7833840E-04
   2.3188406E-01   9.6398314E+05   5.4680173E+05   1.5106428E+06   4.3672339E-03   3.1938386E-06   2.7873290E-03
   2.4637681E-01   8.8762167E+05   5.0010621E+05   1.3876387E+06   5.5012364E-04   7.5924418E-06   3.4957402E-04
   2.6086957E-01   7.9806511E+05   4.4967463E+05   1.2475714E+06   2.6979700E-03   4.9231098E-06   1.7432479E-03
   2.7536232E-01   7.2264151E+05   4.0287663E+05   1.1254783E+06   4.7032262E-04   7.4659785E-07   3.0189460E-04
   2.8985507E-01   6.5426774E+05   3.6299376E+05   1.0171857E+06   4.9761308E-03   7.0155457E-06   3.2017063E-03
   3.0434783E-01   5.8067888E+05   3.2777524E+05   9.0827371E+05   4.5658565E-03   1.4708052E-06   2.9128538E-03
   3.1884058E-01   5.3964629E+05   2.9258969E+05   8.3220153E+05   8.9258919E-04   1.3249887E-05   5.8336946E-04
   3.3333333E-01   4.7826363E+05   2.6398887E+05   7.4225250E+05   2.0996012E-03   3.0548535E-06   1.3528648E-03
   3.4782609E-01   4.2730035E+05   2.3565611E+05   6.6289331E+05   3.9871919E-03   3.3781095E-06   2.5686864E-03
   3.6231884E-01   4.0047899E+05   2.1259060E+05   6.1303929E+05   2.9764818E-03   3.0446622E-06   1.9450721E-03
   3.7681159E-01   3.6103239E+05   1.8713182E+05   5.4810592E+05   2.1177466E-03   1.0022782E-06   1.3975231E-03
   3.9130435E-01   3.2439549E+05   1.7040656E+05   4.9480205E+05   3.1063960E-03   7.3020854E-07   2.0367916E-03
   4.0579710E-01   2.9586911E+05   1.5379348E+05   4.4955435E+05   3.4730674E-03   3.1440473E-06   2.2865642E-03
   4.2028986E-01   2.6693234E+05   1.3701970E+05   4.0395204E+05   4.0479989E-03   5.9023842E-05   2.6890937E-03
   4.3478261E-01   2.4141491E+05   1.2363737E+05   3.6505228E+05   4.6291005E-03   3.9742448E-06   3.0602019E-03
   4.4927536E-01   2.2209018E+05   1.0850300E+05   3.3059318E+05   3.3671807E-03   4.0845523E-06   2.2617060E-03
   4.6376812E-01   2.0458890E+05   1.0011596E+05   3.0470486E+05   7.4474265E-03   3.3522088E-05   5.0005859E-03
   4.7826087E-01   1.8406113E+05   9.1640215E+04   2.7567838E+05   2.7916833E-03   7.3884506E-06   1.8649630E-03
   4.9275362E-01   1.7269710E+05   8.0230943E+04   2.5290576E+05   3.6662647E-03   1.0294714E-06   2.5201816E-03
   5.0724638E-01   1.5724119E+05   7.4258195E+04   2.3149938E+05   4.3134203E-03   2.4972263E-06   2.9295051E-03
   5.2173913E-01   1.4744293E+05   6.6743973E+04   2.1418690E+05   2.9545619E-03   1.2770277E-05   2.0378324E-03
   5.3623188E-01   1.3137516E+05   6.0967084E+04   1.9234224E+05   3.8097553E-03   1.1534545E-05   2.6041739E-03
   5.5072464E-01   1.2299263E+05   5.3021627E+04   1.7601426E+05   5.0463781E-03   3.0229650E-05   3.5319080E-03
   5.6521739E-01   1.1560342E+05   4.9699755E+04   1.6530317E+05   2.1521096E-03   3.7155398E-06   1.5060308E-03
   5.7971014E-01   1.0856472E+05   4.3209934E+04   1.5175571E+05   1.3158768E-03   1.9678258E-04   9.9415590E-04
   5.9420290E-01   1.0003972E+05   3.9975230E+04   1.4001495E+05   3.1258442E-03   1.0850731E-05   2.2317988E-03
   6.0869565E-01   9.4085638E+04   3.7291470E+04   1.3137711E+05   5.1445320E-03   2.6401186E-04   3.7312165E-03
   6.2318841E-01   8.8338000E+04   3.2159755E+04   1.2048013E+05   4.6543236E-03   1.6400290E-04   3.5105227E-03
   6.3768116E-01   8.3109937E+04   3.0068369E+04   1.1317831E+05   5.0257417E-03   2.8172535E-06   3.6912884E-03
   6.5217391E-01   7.9444482E+04   2.6487107E+04   1.0593159E+05   6.1916928E-03   1.6187891E-06   4.6431455E-03
   6.6666667E-01   7.4373503E+04   2.3819288E+04   9.8192791E+04   5.0083575E-03   1.1105806E-05   3.7953918E-03
   6.8115942E-01   6.9518310E+04   2.1700289E+04   9.1218599E+04   4.5941628E-03   2.6070714E-06   3.5014413E-03
   6.9565217E-01   6.8875107E+04   1.9053920E+04   8.7929028E+04   2.7005589E-03   1.2803813E-05   2.1152287E-03
   7.1014493E-01   6.1763272E+04   1.7799080E+04   7.9562352E+04   3.3480133E-03   1.7921397E-04   2.6390331E-03
   7.2463768E-01   6.0285531E+04   1.6351958E+04   7.6637488E+04   4.3738983E-03   2.8975511E-06   3.4409668E-03
   7.3913043E-01   5.8360582E+04   1.4426712E+04   7.2787294E+04   2.8599172E-03   7.1700141E-06   2.2932518E-03
   7.5362319E-01   5.5358494E+04   1.2896095E+04   6.8254589E+04   3.2621194E-03   6.8536632E-05   2.6444183E-03
   7.6811594E-01   5.3942274E+04   1.2138084E+04   6.6080358E+04   2.6378544E-03   2.4928177E-05   2.1571017E-03
   7.8260870E-01   5.0852551E+04   1.1169600E+04   6.2022151E+04   3.2205392E-03   4.1495495E-05   2.6331158E-03
   7.9710145E-01   4.8646695E+04   9.2581646E+03   5.7904860E+04   1.5940973E-03   2.1357086E-05   1.3408397E-03
   8.1159420E-01   4.5071802E+04   8.6598478E+03   5.3731650E+04   2.3557637E-03   9.5090366E-07   1.9762320E-03
   8.2608696E-01   4.4693171E+04   8.0027629E+03   5.2695934E+04   1.4866741E-03   7.6217399E-07   1.2609050E-03
   8.4057971E-01   4.3622117E+04   6.9633388E+03   5.0585456E+04   1.1166772E-03   3.2855416E-05   9.6748378E-04
   8.5507246E-01   4.0737979E+04   6.6141422E+03   4.7352121E+04   3.3073046E-03   5.2942000E-06   2.8449401E-03
   8.6956522E-01   3.8682458E+04   5.3167857E+03   4.3999243E+04   3.1881779E-03   1.1049255E-05   2.8034450E-03
   8.8405797E-01   3.5452139E+04   4.8569679E+03   4.0309107E+04   2.5343218E-03   1.1931047E-06   2.2290974E-03
   8.9855072E-01   3.5198091E+04   4.2897674E+03   3.9487858E+04   2.4466482E-03   3.1637489E-07   2.1808348E-03
   9.1304348E-01   3.2233878E+04   3.5721872E+03   3.5806065E+04   2.1298000E-03   1.2821801E-06   1.9174357E-03
   9.2753623E-01   2.8059937E+04   3.3269376E+03   3.1386874E+04   2.1314048E-03   7.7339132E-06   1.9056263E-03
   9.4202899E-01   2.4119342E+04   2.9493443E+03   2.7068686E+04   7.7381134E-04   2.9363779E-06   6.8952061E-04
   9.5652174E-01   1.9861886E+04   1.8139757E+03   2.1675862E+04   2.3899349E-03   8.5388041E-06   2.1906420E-03
   9.7101449E-01   1.6760683E+04   1.4815449E+03   1.8242228E+04   2.3642132E-03   7.3720553E-06   2.1726560E-03
   9.8550725E-01   8.4465354E+03   8.2459580E+02   9.2711312E+03   2.8444726E-03   9.1544860E-07   2.5914875E-03
   1.0000000E+00   8.9724777E+02   4.3768184E+01   9.4101595E+02   9.1878920E-03   1.1724534E-05   8.7600407E-03
