   0.0000000E+00   4.1402732E+07   2.1556093E+07   6.2958826E+07   2.0736783E-03   5.6600656E-03   3.2220793E-03
   1.4492754E-02   4.3047021E+07   2.1731130E+07   6.4777394E+07   3.9421076E-04   2.7896330E-04   1.7236327E-04
   2.8985507E-02   4.2808334E+07   2.1554578E+07   6.4362533E+07   2.8661814E-04   2.3251701E-04   1.5033169E-04
   4.3478261E-02   3.6559280E+07   1.8219021E+07   5.4777795E+07   6.9423717E-04   4.4001957E-04   4.6195006E-04
   5.7971014E-02   2.5284537E+07   1.2664432E+07   3.7948969E+07   1.3130706E-03   7.0962016E-04   1.1102459E-03
   7.2463768E-02   1.3967663E+07   6.9969405E+06   2.0963998E+07   9.6439086E-04   3.0601018E-04   7.3952068E-04
   8.6956522E-02   7.7631386E+06   3.8740551E+06   1.1637194E+07   2.1065117E-03   1.7870555E-03   1.9949923E-03
   1.0144928E-01   4.3141197E+06   2.1570598E+06   6.4711795E+06   5.5259877E-03   4.1933033E-03   5.0799752E-03
   1.1594203E-01   1.5404787E+06   7.9818088E+05   2.3386596E+06   1.9465761E-02   1.5442347E-02   1.8077094E-02
   1.3043478E-01   3.6539747E+04   1.9027610E+04   5.5567357E+04   8.3378443E-02   7.0890298E-02   7.8311622E-02
   1.4492754E-01   1.5230507E+04   7.6531405E+03   2.2883648E+04   1.1673477E-01   8.4231728E-02   1.0562580E-01
   1.5942029E-01   1.0470543E+04   3.9953389E+03   1.4465882E+04   1.3126685E-01   1.3885910E-01   1.3326328E-01
   1.7391304E-01   6.8827749E+03   2.9046573E+03   9.7874322E+03   1.2641142E-01   1.1660016E-01   1.2320639E-01
   1.8840580E-01   4.3132704E+03   2.2732101E+03   6.5864804E+03   1.7907740E-01   1.0489917E-01   1.5309218E-01
   2.0289855E-01   3.4639391E+03   1.4072253E+03   4.8711644E+03   1.7611434E-01   1.2973417E-01   1.6271549E-01
   2.1739130E-01   2.2226943E+03   1.3639260E+03   3.5866203E+03   1.9570505E-01   1.6009301E-01   1.8193340E-01
   2.3188406E-01   1.5154734E+03   9.4717086E+02   2.4626442E+03   1.6420221E-01   2.2176885E-01   1.8606692E-01
   2.4637681E-01   1.2926096E+03   5.3487295E+02   1.8274826E+03   2.4289924E-01   1.8633157E-01   2.2473479E-01
   2.6086957E-01   1.5154734E+03   5.0515779E+02   2.0206312E+03   2.0128891E-01   2.5055189E-01   2.1111151E-01
   2.7536232E-01   1.0767837E+03   4.3868966E+02   1.5154734E+03   2.1741080E-01   1.3150799E-01   1.9251043E-01
   2.8985507E-01   9.0928402E+02   3.7886834E+02   1.2881524E+03   2.5314517E-01   8.2870528E-02   1.9724232E-01
   3.0434783E-01   7.9381938E+02   2.5257889E+02   1.0463983E+03   1.8888982E-01   1.3404181E-01   1.7307498E-01
   3.1884058E-01   2.7554061E+02   3.4442577E+01   3.0998319E+02   2.5967807E-01   2.8456501E-01   2.4737078E-01
   3.3333333E-01   4.2828595E+02   2.9650566E+02   7.2479161E+02   1.3898443E-01   1.5793842E-01   1.4546080E-01
   3.4782609E-01   3.4729598E+02   1.5786181E+02   5.0515779E+02   2.0892536E-01   1.4207643E-01   1.8738249E-01
   3.6231884E-01   3.9402308E+02   1.8185680E+02   5.7587988E+02   1.9869157E-01   1.4260373E-01   1.8005030E-01
   3.7681159E-01   1.4571859E+02   1.1657487E+02   2.6229347E+02   2.3835710E-01   3.6990187E-01   2.9681368E-01
   3.9130435E-01   1.1225729E+02   1.4032161E+02   2.5257889E+02   2.6400316E-01   2.2711241E-01   2.4019344E-01
   4.0579710E-01   2.1649620E+02   1.0824810E+02   3.2474429E+02   2.8914258E-01   3.3522533E-01   3.0416878E-01
   4.2028986E-01   1.8290196E+02   0.0000000E+00   1.8290196E+02   1.6926635E-01   0.0000000E+00   1.6926635E-01
   4.3478261E-01   1.0103156E+02   5.0515779E+01   1.5154734E+02   4.1565555E-01   2.3356099E-01   3.5467154E-01
   4.4927536E-01   2.1998807E+02   0.0000000E+00   2.1998807E+02   2.4700369E-01   0.0000000E+00   2.4700369E-01
   4.6376812E-01   1.4207563E+02   9.4717086E+01   2.3679271E+02   2.6986856E-01   4.4881227E-02   1.7936166E-01
   4.7826087E-01   9.1846871E+01   9.1846871E+01   1.8369374E+02   1.0658345E-01   3.1700021E-01   2.1068225E-01
   4.9275362E-01   4.4572746E+01   2.2286373E+01   6.6859119E+01   1.6085564E-01   5.1117170E-01   2.7648427E-01
   5.0724638E-01   1.0824810E+02   4.3299239E+01   1.5154734E+02   3.2265285E-01   7.2601574E-02   2.4712382E-01
   5.2173913E-01   6.3144724E+01   0.0000000E+00   6.3144724E+01   1.9186344E-01   0.0000000E+00   1.9186344E-01
   5.3623188E-01   8.1917479E+01   8.1917479E+01   1.6383496E+02   1.6284582E-01   3.2677322E-01   2.4462664E-01
   5.5072464E-01   5.9821317E+01   3.9880878E+01   9.9702195E+01   2.0379140E-01   4.6098471E-01   3.0619776E-01
   5.6521739E-01   5.8287437E+01   1.9429146E+01   7.7716583E+01   3.8711294E-01   5.1792321E-01   4.1966397E-01
   5.7971014E-01   9.4717086E+01   3.7886834E+01   1.3260392E+02   3.5898368E-01   3.8979192E-01   3.6773749E-01
   5.9420290E-01   0.0000000E+00   1.8481383E+01   1.8481383E+01   0.0000000E+00   3.0164530E-01   3.0164530E-01
   6.0869565E-01   5.4124049E+01   3.6082699E+01   9.0206748E+01   2.3214216E-01   7.9601591E-05   1.3931709E-01
   6.2318841E-01   1.7621783E+01   3.5243567E+01   5.2865350E+01   4.5695085E-01   3.0236981E-01   3.5384939E-01
   6.3768116E-01   6.8885153E+01   3.4442577E+01   1.0332773E+02   2.9823988E-01   3.4026871E-01   3.1166742E-01
   6.5217391E-01   5.0515779E+01   0.0000000E+00   5.0515779E+01   2.4430352E-01   0.0000000E+00   2.4430352E-01
   6.6666667E-01   6.5890146E+01   3.2945073E+01   9.8835220E+01   1.4004610E-01   3.6725770E-01   2.1577341E-01
   6.8115942E-01   3.2244114E+01   3.2244114E+01   6.4488228E+01   3.1921587E-01   3.7216050E-01   3.4549683E-01
   6.9565217E-01   1.5786181E+01   1.5786181E+01   3.1572362E+01   2.1617801E-01   5.0436385E-01   3.6005059E-01
   7.1014493E-01   1.5464014E+01   1.5464014E+01   3.0928028E+01   4.1359229E-01   7.8026410E-02   1.9595343E-01
   7.2463768E-01   1.5154734E+01   0.0000000E+00   1.5154734E+01   4.4573217E-01   0.0000000E+00   4.4573217E-01
   7.3913043E-01   5.9430328E+01   1.4857582E+01   7.4287910E+01   4.3342276E-01   1.9423712E-01   3.8532595E-01
   7.5362319E-01   1.4571859E+01   0.0000000E+00   1.4571859E+01   3.2205794E-01   0.0000000E+00   3.2205794E-01
   7.6811594E-01   1.4296919E+01   0.0000000E+00   1.4296919E+01   3.5813732E-01   0.0000000E+00   3.5813732E-01
   7.8260870E-01   2.8064322E+01   1.4032161E+01   4.2096482E+01   3.1799300E-01   1.6099289E-01   2.5040086E-01
   7.9710145E-01   1.3777031E+01   1.3777031E+01   2.7554061E+01   2.6339243E-01   2.4009762E-01   2.5022452E-01
   8.1159420E-01   2.7062024E+01   1.3531012E+01   4.0593037E+01   1.8401481E-01   3.7269730E-01   2.4660476E-01
   8.2608696E-01   3.9880878E+01   1.3293626E+01   5.3174504E+01   2.7397861E-01   4.3623658E-01   3.1446619E-01
   8.4057971E-01   0.0000000E+00   0.0000000E+00   0.0000000E+00   0.0000000E+00   0.0000000E+00   0.0000000E+00
   8.5507246E-01   2.5685989E+01   1.2842995E+01   3.8528984E+01   2.2591356E-01   3.2582865E-01   2.5774885E-01
   8.6956522E-01   1.2628945E+01   1.2628945E+01   2.5257889E+01   3.7594099E-01   4.4981496E-01   4.1271184E-01
   8.8405797E-01   1.2421913E+01   0.0000000E+00   1.2421913E+01   3.2845514E-01   0.0000000E+00   3.2845514E-01
   8.9855072E-01   0.0000000E+00   0.0000000E+00   0.0000000E+00   0.0000000E+00   0.0000000E+00   0.0000000E+00
   9.1304348E-01   0.0000000E+00   0.0000000E+00   0.0000000E+00   0.0000000E+00   0.0000000E+00   0.0000000E+00
   9.2753623E-01   0.0000000E+00   0.0000000E+00   0.0000000E+00   0.0000000E+00   0.0000000E+00   0.0000000E+00
   9.4202899E-01   0.0000000E+00   0.0000000E+00   0.0000000E+00   0.0000000E+00   0.0000000E+00   0.0000000E+00
   9.5652174E-01   1.1480859E+01   0.0000000E+00   1.1480859E+01   4.4392130E-01   0.0000000E+00   4.4392130E-01
   9.7101449E-01   0.0000000E+00   0.0000000E+00   0.0000000E+00   0.0000000E+00   0.0000000E+00   0.0000000E+00
   9.8550725E-01   0.0000000E+00   0.0000000E+00   0.0000000E+00   0.0000000E+00   0.0000000E+00   0.0000000E+00
   1.0000000E+00   0.0000000E+00   0.0000000E+00   0.0000000E+00   0.0000000E+00   0.0000000E+00   0.0000000E+00
