   0.0000000E+00   1.0972027E+06   9.0928402E+05   2.0064867E+06   1.2318834E-02   2.4774950E-03   7.5989868E-03
   1.4492754E-02   1.0373415E+06   9.6232559E+05   1.9996671E+06   3.0977219E-03   1.3159957E-03   1.1267165E-03
   2.8985507E-02   1.0756072E+06   9.9907582E+05   2.0746830E+06   3.9641760E-03   1.4841697E-04   1.9841833E-03
   4.3478261E-02   1.0605788E+06   1.0487076E+06   2.1092863E+06   1.8347768E-03   9.7075773E-05   9.6555929E-04
   5.7971014E-02   1.1180405E+06   1.0928457E+06   2.2108862E+06   1.7689826E-03   2.8094837E-04   9.8777032E-04
   7.2463768E-02   1.1287246E+06   1.1216018E+06   2.2503264E+06   2.1392004E-03   2.4247847E-04   9.5213092E-04
   8.6956522E-02   1.0903831E+06   1.0713134E+06   2.1615702E+06   1.3336789E-03   1.5199267E-04   6.1724573E-04
   1.0144928E-01   1.0693830E+06   1.0637541E+06   2.1332453E+06   4.9761051E-04   2.9776915E-04   3.6267296E-04
   1.1594203E-01   1.0076951E+06   9.8240561E+05   1.9898165E+06   2.2850691E-03   4.6115595E-05   1.1420468E-03
   1.3043478E-01   9.7689097E+05   9.1046272E+05   1.8871853E+06   3.1107476E-03   1.8447030E-04   1.5302442E-03
   1.4492754E-01   9.5027758E+05   8.4904395E+05   1.7991700E+06   1.6137610E-03   4.1338206E-04   1.0411846E-03
   1.5942029E-01   8.8786074E+05   7.7309807E+05   1.6608210E+06   2.1610987E-03   2.3634317E-04   1.0575067E-03
   1.7391304E-01   8.4209803E+05   7.1391425E+05   1.5560123E+06   3.4044804E-03   3.3851780E-04   1.9710074E-03
   1.8840580E-01   8.0448321E+05   6.4605795E+05   1.4504246E+06   3.3294933E-03   1.1672817E-04   1.8062891E-03
   2.0289855E-01   7.5827792E+05   5.9027688E+05   1.3484466E+06   6.4867422E-03   3.1904661E-04   3.7314121E-03
   2.1739130E-01   7.2545710E+05   5.4036729E+05   1.2657739E+06   5.9049805E-03   4.9890845E-04   3.5955234E-03
   2.3188406E-01   6.9763869E+05   4.9323922E+05   1.1907832E+06   9.0620275E-03   3.0202445E-04   5.1846823E-03
   2.4637681E-01   6.6137041E+05   4.5495402E+05   1.1162353E+06   7.6695644E-03   1.8189321E-04   4.4909228E-03
   2.6086957E-01   6.3292061E+05   4.2146998E+05   1.0543485E+06   7.8339070E-03   4.7433002E-04   4.8497734E-03
   2.7536232E-01   6.0906077E+05   3.8720345E+05   9.9618445E+05   9.0607472E-03   7.0506555E-04   5.8115170E-03
   2.8985507E-01   5.8008532E+05   3.5117307E+05   9.3122050E+05   8.8561791E-03   3.4682707E-04   5.5434938E-03
   3.0434783E-01   5.4953951E+05   3.1767208E+05   8.6713943E+05   8.1701826E-03   3.5057548E-04   5.2893514E-03
   3.1884058E-01   5.2931352E+05   2.9544842E+05   8.2472750E+05   1.0532236E-02   1.0987749E-03   6.9389068E-03
   3.3333333E-01   5.0379606E+05   2.6751399E+05   7.7127711E+05   8.0207642E-03   2.9195347E-05   5.2293918E-03
   3.4782609E-01   4.8387802E+05   2.4569612E+05   7.2957414E+05   1.0094954E-02   5.1791172E-04   6.8568668E-03
   3.6231884E-01   4.6127978E+05   2.2862431E+05   6.8990410E+05   1.0835995E-02   1.6951137E-04   7.2173184E-03
   3.7681159E-01   4.3998272E+05   2.1228285E+05   6.5220728E+05   1.2017018E-02   1.2460585E-03   8.4258435E-03
   3.9130435E-01   4.2402384E+05   1.9319479E+05   6.1719056E+05   1.1405345E-02   6.5301767E-04   7.8516105E-03
   4.0579710E-01   4.0222287E+05   1.7912354E+05   5.8134641E+05   1.3038191E-02   7.9709950E-04   9.2664000E-03
   4.2028986E-01   3.8715119E+05   1.6471628E+05   5.5186747E+05   1.3468563E-02   1.3440869E-03   9.8345422E-03
   4.3478261E-01   3.6224865E+05   1.5207775E+05   5.1432640E+05   1.3628361E-02   6.2809620E-04   9.7842020E-03
   4.4927536E-01   3.4555237E+05   1.3744366E+05   4.8299603E+05   1.1474666E-02   6.1978071E-04   8.3612660E-03
   4.6376812E-01   3.2693970E+05   1.2164042E+05   4.4858012E+05   1.3987340E-02   5.1102256E-04   1.0332291E-02
   4.7826087E-01   3.1342745E+05   1.1329312E+05   4.2672056E+05   1.3533591E-02   8.3530775E-04   1.0151258E-02
   4.9275362E-01   2.9883798E+05   1.0688545E+05   4.0570114E+05   1.3992525E-02   5.5606751E-04   1.0459211E-02
   5.0724638E-01   2.8289558E+05   9.3742853E+04   3.7663843E+05   1.4987318E-02   3.6159960E-04   1.1254819E-02
   5.2173913E-01   2.7162755E+05   8.8276324E+04   3.5988283E+05   1.3761369E-02   1.4763762E-03   1.0746448E-02
   5.3623188E-01   2.5214200E+05   8.2511381E+04   3.3467386E+05   1.4110993E-02   5.1431111E-04   1.0757852E-02
   5.5072464E-01   2.4105997E+05   7.3859386E+04   3.1489941E+05   1.4785598E-02   8.5744563E-04   1.1515919E-02
   5.6521739E-01   2.2710728E+05   6.8312876E+04   2.9542016E+05   1.5738184E-02   1.6599342E-03   1.2434054E-02
   5.7971014E-01   2.1639065E+05   6.3744599E+04   2.8013525E+05   1.4795692E-02   1.4060210E-03   1.1746769E-02
   5.9420290E-01   2.0148403E+05   5.9620940E+04   2.6110497E+05   1.3464267E-02   1.1968952E-03   1.0643855E-02
   6.0869565E-01   1.8959654E+05   5.3041568E+04   2.4263811E+05   1.6914145E-02   1.1289985E-03   1.3443990E-02
   6.2318841E-01   1.8161010E+05   4.7490706E+04   2.2910081E+05   1.5992860E-02   2.4008238E-03   1.3172142E-02
   6.3768116E-01   1.6730482E+05   4.3897064E+04   2.1120188E+05   1.6990508E-02   2.9924790E-03   1.4075914E-02
   6.5217391E-01   1.5754188E+05   4.1136683E+04   1.9866172E+05   1.6916057E-02   3.0064354E-03   1.3985956E-02
   6.6666667E-01   1.4769276E+05   3.6882009E+04   1.8455830E+05   1.7683641E-02   1.6912169E-03   1.4486359E-02
   6.8115942E-01   1.3995558E+05   3.4581812E+04   1.7452127E+05   1.5106790E-02   3.7232840E-03   1.2825567E-02
   6.9565217E-01   1.3369317E+05   3.1824941E+04   1.6551811E+05   1.7005466E-02   2.1285206E-03   1.3904292E-02
   7.1014493E-01   1.2071209E+05   2.9489875E+04   1.5020197E+05   1.9608349E-02   2.9055750E-03   1.6328644E-02
   7.2463768E-01   1.1475164E+05   2.7036045E+04   1.4178769E+05   1.8130744E-02   2.0728689E-03   1.5034005E-02
   7.3913043E-01   1.0805919E+05   2.3266973E+04   1.3132617E+05   1.9069369E-02   3.4214768E-03   1.6280592E-02
   7.5362319E-01   1.0026896E+05   2.2979822E+04   1.2324879E+05   1.9991000E-02   1.1614887E-03   1.6478369E-02
   7.6811594E-01   9.3573332E+04   1.9872717E+04   1.1344605E+05   2.2607522E-02   2.9204525E-03   1.9012941E-02
   7.8260870E-01   8.8262292E+04   1.8185680E+04   1.0644797E+05   2.2185140E-02   1.4747026E-03   1.8446785E-02
   7.9710145E-01   8.0113433E+04   1.6628876E+04   9.6742309E+04   2.1436269E-02   4.3948596E-03   1.8452626E-02
   8.1159420E-01   7.3040404E+04   1.4708210E+04   8.7748614E+04   2.0219643E-02   1.5026381E-03   1.7082006E-02
   8.2608696E-01   6.8196302E+04   1.3506324E+04   8.1702626E+04   2.2394095E-02   3.3304277E-03   1.9110887E-02
   8.4057971E-01   6.2866016E+04   1.2254431E+04   7.5120447E+04   2.6621421E-02   2.8561363E-03   2.2735534E-02
   8.5507246E-01   5.4903802E+04   1.0839487E+04   6.5743290E+04   2.1770732E-02   6.0553229E-03   1.9167918E-02
   8.6956522E-01   5.1425063E+04   9.2570165E+03   6.0682079E+04   2.5318040E-02   5.8803671E-03   2.2116063E-02
   8.8405797E-01   4.6880299E+04   8.0990872E+03   5.4979386E+04   2.5647796E-02   7.2388916E-03   2.2659113E-02
   8.9855072E-01   4.1027775E+04   7.8951274E+03   4.8922902E+04   2.3416623E-02   4.9928102E-03   2.0382606E-02
   9.1304348E-01   3.6070672E+04   6.6271891E+03   4.2697861E+04   2.9833937E-02   3.7055017E-03   2.5734764E-02
   9.2753623E-01   3.2239328E+04   6.1921295E+03   3.8431457E+04   2.7631567E-02   4.7090475E-03   2.3930875E-02
   9.4202899E-01   2.7406753E+04   4.9194597E+03   3.2326213E+04   2.8940285E-02   4.1974636E-03   2.5125030E-02
   9.5652174E-01   2.2766543E+04   3.8805303E+03   2.6647073E+04   3.2559581E-02   1.0413293E-02   2.9266557E-02
   9.7101449E-01   1.7303539E+04   2.9065422E+03   2.0210081E+04   3.5765242E-02   9.2648805E-03   3.1384370E-02
   9.8550725E-01   9.8617201E+03   1.2591801E+03   1.1120900E+04   4.1205211E-02   8.3882335E-03   3.7480632E-02
   1.0000000E+00   8.7536368E+02   8.7536368E+01   9.6290005E+02   8.6188508E-02   4.9916845E-06   7.8353436E-02
