   0.0000000E+00   7.8986472E+07   3.9729650E+07   1.1871612E+08   3.1467219E-03   4.5091808E-04   2.1147560E-03
   1.4492754E-02   8.5772762E+07   4.3360724E+07   1.2913273E+08   3.2227702E-04   2.1380576E-04   2.3465663E-04
   2.8985507E-02   7.0766923E+07   3.5722738E+07   1.0648739E+08   2.5811910E-04   9.9938825E-05   1.6656171E-04
   4.3478261E-02   4.1492903E+07   2.0809975E+07   6.2302626E+07   3.8427222E-04   1.9404156E-04   2.9056383E-04
   5.7971014E-02   2.4268980E+07   1.2191983E+07   3.6460774E+07   5.5111513E-04   2.7410345E-04   4.2976310E-04
   7.2463768E-02   5.4811641E+06   2.6472289E+06   8.1283930E+06   9.6463799E-04   7.1212417E-04   6.8476890E-04
   8.6956522E-02   1.6425206E+06   7.6316713E+05   2.4056877E+06   2.0123472E-03   7.7913169E-04   1.5781267E-03
   1.0144928E-01   7.6325734E+05   3.6501259E+05   1.1282699E+06   6.7285134E-03   2.6992716E-04   4.4925411E-03
   1.1594203E-01   2.3139384E+05   1.0797748E+05   3.3937132E+05   1.4651780E-02   1.4003380E-03   1.0357438E-02
   1.3043478E-01   1.8017294E+04   5.6409286E+03   2.3658223E+04   1.2116403E-01   6.0344457E-03   9.3524827E-02
   1.4492754E-01   1.4700092E+04   3.3340414E+03   1.8034133E+04   1.6382467E-01   1.4343315E-05   1.3353526E-01
   1.5942029E-01   1.5843585E+04   5.3041568E+03   2.1147742E+04   1.7664400E-01   4.5091618E-03   1.3313788E-01
   1.7391304E-01   1.3891839E+04   3.4098151E+03   1.7301654E+04   2.1001207E-01   3.0387360E-06   1.6862315E-01
   1.8840580E-01   1.2473512E+04   3.4972462E+03   1.5970758E+04   2.1903348E-01   6.1036375E-06   1.7106862E-01
   2.0289855E-01   1.1799043E+04   1.6778455E+03   1.3476888E+04   2.3695527E-01   7.5633376E-03   2.0836937E-01
   2.1739130E-01   9.4969664E+03   2.4247574E+03   1.1921724E+04   2.4040148E-01   1.5755898E-05   1.9150307E-01
   2.3188406E-01   6.3460447E+03   1.4681148E+03   7.8141596E+03   2.4454391E-01   1.7300055E-04   1.9856708E-01
   2.4637681E-01   4.8584293E+03   1.2480369E+03   6.1064662E+03   2.3025452E-01   9.2023796E-06   1.8319705E-01
   2.6086957E-01   4.7569025E+03   8.8402613E+02   5.6409286E+03   2.7711036E-01   7.0251318E-06   2.3368152E-01
   2.7536232E-01   3.2702320E+03   9.5714107E+02   4.2273731E+03   2.9102953E-01   2.0916085E-06   2.2513558E-01
   2.8985507E-01   3.1446072E+03   8.3351035E+02   3.9781176E+03   2.7421759E-01   2.7789432E-05   2.1676828E-01
   3.0434783E-01   2.2732101E+03   7.2165398E+02   2.9948640E+03   1.9972001E-01   1.8216743E-05   1.5159909E-01
   3.1884058E-01   2.4109804E+03   3.0998319E+02   2.7209635E+03   2.3015502E-01   3.7598776E-06   2.0393523E-01
   3.3333333E-01   1.4495832E+03   3.6239581E+02   1.8119790E+03   2.1530266E-01   3.4551706E-05   1.7223534E-01
   3.4782609E-01   9.7874322E+02   1.8943417E+02   1.1681774E+03   2.2564829E-01   1.3803283E-05   1.8905891E-01
   3.6231884E-01   8.7897455E+02   1.5154734E+02   1.0305219E+03   2.5515324E-01   5.4310843E-06   2.1762992E-01
   3.7681159E-01   5.5373065E+02   2.0400603E+02   7.5773668E+02   2.7837342E-01   1.0148235E-05   2.0342946E-01
   3.9130435E-01   5.3322211E+02   1.6838593E+02   7.0160804E+02   2.2122137E-01   1.7384297E-06   1.6812866E-01
   4.0579710E-01   7.3067466E+02   1.6237215E+02   8.9304681E+02   1.8849233E-01   5.8170867E-06   1.5421996E-01
   4.2028986E-01   4.4419047E+02   2.6128851E+01   4.7031932E+02   2.5645085E-01   2.4526828E-06   2.4220345E-01
   4.3478261E-01   4.5464201E+02   0.0000000E+00   4.5464201E+02   1.4323226E-01   0.0000000E+00   1.4323226E-01
   4.4927536E-01   5.1330550E+02   0.0000000E+00   5.1330550E+02   1.5664886E-01   0.0000000E+00   1.5664886E-01
   4.6376812E-01   3.5518907E+02   4.7358543E+01   4.0254761E+02   1.0378875E-01   1.3640791E-05   9.1576712E-02
   4.7826087E-01   2.2961718E+02   0.0000000E+00   2.2961718E+02   2.1659582E-01   0.0000000E+00   2.1659582E-01
   4.9275362E-01   2.0057736E+02   4.4572746E+01   2.4515010E+02   1.7130242E-01   8.4108847E-06   1.4015805E-01
   5.0724638E-01   1.5154734E+02   6.4948859E+01   2.1649620E+02   3.9601758E-06   6.2553779E-06   4.6118724E-06
   5.2173913E-01   2.1048241E+02   0.0000000E+00   2.1048241E+02   7.7006890E-02   0.0000000E+00   7.7006890E-02
   5.3623188E-01   8.1917479E+01   0.0000000E+00   8.1917479E+01   1.3022120E-01   0.0000000E+00   1.3022120E-01
   5.5072464E-01   1.9940439E+02   0.0000000E+00   1.9940439E+02   1.3406211E-01   0.0000000E+00   1.3406211E-01
   5.6521739E-01   1.1657487E+02   1.9429146E+01   1.3600402E+02   6.9255905E-02   5.1182812E-06   5.9362928E-02
   5.7971014E-01   1.5154734E+02   0.0000000E+00   1.5154734E+02   7.6515498E-02   0.0000000E+00   7.6515498E-02
   5.9420290E-01   1.1088830E+02   0.0000000E+00   1.1088830E+02   7.0743836E-02   0.0000000E+00   7.0743836E-02
   6.0869565E-01   1.6237215E+02   0.0000000E+00   1.6237215E+02   2.1829102E-06   0.0000000E+00   2.1829102E-06
   6.2318841E-01   3.5243567E+01   0.0000000E+00   3.5243567E+01   1.9062179E-01   0.0000000E+00   1.9062179E-01
   6.3768116E-01   1.2054902E+02   0.0000000E+00   1.2054902E+02   2.0573369E-06   0.0000000E+00   2.0573369E-06
   6.5217391E-01   6.7354372E+01   0.0000000E+00   6.7354372E+01   8.0771625E-02   0.0000000E+00   8.0771625E-02
   6.6666667E-01   9.8835220E+01   1.6472537E+01   1.1530776E+02   7.0870271E-02   5.0851579E-06   6.0746607E-02
   6.8115942E-01   1.2897646E+02   1.6122057E+01   1.4509851E+02   1.7500678E-05   4.6358820E-06   1.5050572E-05
   6.9565217E-01   4.7358543E+01   0.0000000E+00   4.7358543E+01   4.1591660E-06   0.0000000E+00   4.1591660E-06
   7.1014493E-01   6.1856056E+01   0.0000000E+00   6.1856056E+01   4.4879347E-06   0.0000000E+00   4.4879347E-06
   7.2463768E-01   4.5464201E+01   1.5154734E+01   6.0618935E+01   1.7339229E-05   3.6099375E-06   1.3903398E-05
   7.3913043E-01   2.9715164E+01   0.0000000E+00   2.9715164E+01   2.0704525E-01   0.0000000E+00   2.0704525E-01
   7.5362319E-01   2.9143719E+01   0.0000000E+00   2.9143719E+01   6.2219360E-07   0.0000000E+00   6.2219360E-07
   7.6811594E-01   2.8593837E+01   0.0000000E+00   2.8593837E+01   3.3866500E-05   0.0000000E+00   3.3866500E-05
   7.8260870E-01   0.0000000E+00   0.0000000E+00   0.0000000E+00   0.0000000E+00   0.0000000E+00   0.0000000E+00
   7.9710145E-01   1.3777031E+01   0.0000000E+00   1.3777031E+01   4.9131226E-07   0.0000000E+00   4.9131226E-07
   8.1159420E-01   2.7062024E+01   0.0000000E+00   2.7062024E+01   2.2711981E-05   0.0000000E+00   2.2711981E-05
   8.2608696E-01   1.3293626E+01   0.0000000E+00   1.3293626E+01   9.7596564E-06   0.0000000E+00   9.7596564E-06
   8.4057971E-01   2.6128851E+01   0.0000000E+00   2.6128851E+01   3.7816815E-01   0.0000000E+00   3.7816815E-01
   8.5507246E-01   0.0000000E+00   0.0000000E+00   0.0000000E+00   0.0000000E+00   0.0000000E+00   0.0000000E+00
   8.6956522E-01   0.0000000E+00   0.0000000E+00   0.0000000E+00   0.0000000E+00   0.0000000E+00   0.0000000E+00
   8.8405797E-01   0.0000000E+00   0.0000000E+00   0.0000000E+00   0.0000000E+00   0.0000000E+00   0.0000000E+00
   8.9855072E-01   0.0000000E+00   0.0000000E+00   0.0000000E+00   0.0000000E+00   0.0000000E+00   0.0000000E+00
   9.1304348E-01   0.0000000E+00   0.0000000E+00   0.0000000E+00   0.0000000E+00   0.0000000E+00   0.0000000E+00
   9.2753623E-01   0.0000000E+00   0.0000000E+00   0.0000000E+00   0.0000000E+00   0.0000000E+00   0.0000000E+00
   9.4202899E-01   0.0000000E+00   0.0000000E+00   0.0000000E+00   0.0000000E+00   0.0000000E+00   0.0000000E+00
   9.5652174E-01   0.0000000E+00   0.0000000E+00   0.0000000E+00   0.0000000E+00   0.0000000E+00   0.0000000E+00
   9.7101449E-01   0.0000000E+00   0.0000000E+00   0.0000000E+00   0.0000000E+00   0.0000000E+00   0.0000000E+00
   9.8550725E-01   0.0000000E+00   0.0000000E+00   0.0000000E+00   0.0000000E+00   0.0000000E+00   0.0000000E+00
   1.0000000E+00   0.0000000E+00   0.0000000E+00   0.0000000E+00   0.0000000E+00   0.0000000E+00   0.0000000E+00
