   0.0000000E+00   1.0541633E+07   5.3344663E+06   1.5876099E+07   2.2356308E-03   1.2804683E-06   1.4848751E-03
   1.4492754E-02   1.0911408E+07   5.3511365E+06   1.6262545E+07   3.4080102E-04   4.1837992E-05   2.4228055E-04
   2.8985507E-02   1.0867081E+07   5.4325932E+06   1.6299674E+07   1.5389872E-03   9.8839866E-06   1.0246723E-03
   4.3478261E-02   1.0030666E+07   4.9369071E+06   1.4967320E+07   7.5358717E-04   1.2784477E-05   5.0773015E-04
   5.7971014E-02   9.0199081E+06   4.4407158E+06   1.3460245E+07   6.4337348E-04   2.4316574E-05   4.4519857E-04
   7.2463768E-02   7.7781671E+06   3.7779236E+06   1.1555484E+07   7.6047286E-04   4.4373132E-05   5.1755966E-04
   8.6956522E-02   6.5628837E+06   3.2020689E+06   9.7644475E+06   5.1763657E-04   1.4817139E-06   3.5024724E-04
   1.0144928E-01   5.4285339E+06   2.6673414E+06   8.0951175E+06   1.8481137E-03   5.5839777E-05   1.2538211E-03
   1.1594203E-01   4.4114483E+06   2.1439212E+06   6.5551801E+06   1.7153085E-03   8.4438092E-06   1.1568770E-03
   1.3043478E-01   3.5671717E+06   1.7571914E+06   5.3240263E+06   1.1635435E-03   4.0096350E-05   7.7375245E-04
   1.4492754E-01   2.8479533E+06   1.4040103E+06   4.2518879E+06   1.6654005E-03   3.2844448E-05   1.1080514E-03
   1.5942029E-01   2.2665282E+06   1.1089821E+06   3.3752347E+06   2.1729213E-03   7.3437317E-05   1.4844351E-03
   1.7391304E-01   1.8192626E+06   8.9930715E+05   2.7184435E+06   1.7127117E-03   6.6906152E-05   1.1502802E-03
   1.8840580E-01   1.4169676E+06   7.2468771E+05   2.1415970E+06   4.9537661E-04   1.6414160E-04   2.8772561E-04
   2.0289855E-01   1.1369839E+06   5.8632582E+05   1.7232015E+06   2.7412884E-03   2.1081659E-04   1.8315754E-03
   2.1739130E-01   9.1468921E+05   4.7050397E+05   1.3851932E+06   2.6298859E-04   2.4537958E-04   2.4038561E-04
   2.3188406E-01   7.2709571E+05   3.7465343E+05   1.1017491E+06   2.2988759E-03   1.3338815E-04   1.5519981E-03
   2.4637681E-01   5.8421498E+05   3.0621477E+05   8.9042975E+05   1.2427958E-03   1.4229619E-05   8.1162757E-04
   2.6086957E-01   4.8503567E+05   2.5430485E+05   7.3934052E+05   3.2497562E-03   4.9972432E-04   1.9600864E-03
   2.7536232E-01   3.9486057E+05   2.0662283E+05   6.0148340E+05   1.9731288E-03   2.4722904E-04   1.3794886E-03
   2.8985507E-01   3.2207598E+05   1.7624955E+05   4.9828764E+05   3.2335899E-03   1.4934086E-04   2.0794787E-03
   3.0434783E-01   2.7152231E+05   1.4458338E+05   4.1610569E+05   5.8790423E-03   1.5726489E-04   3.8123588E-03
   3.1884058E-01   2.2787209E+05   1.2258113E+05   3.5045322E+05   1.4559352E-03   1.6011555E-04   9.8525175E-04
   3.3333333E-01   1.9569373E+05   1.0074603E+05   2.9643977E+05   3.0171903E-03   3.1850755E-04   2.0434191E-03
   3.4782609E-01   1.6016659E+05   8.5655818E+04   2.4582241E+05   1.6110501E-03   2.5454039E-04   1.0256836E-03
   3.6231884E-01   1.3484682E+05   7.0863535E+04   2.0571035E+05   5.7956210E-03   1.8861272E-04   3.8104186E-03
   3.7681159E-01   1.1106671E+05   6.0881228E+04   1.7194794E+05   5.1014464E-03   5.0032726E-04   3.3174577E-03
   3.9130435E-01   9.7242874E+04   5.0992872E+04   1.4823575E+05   1.7651945E-03   1.1889282E-04   1.1303164E-03
   4.0579710E-01   7.8966987E+04   4.3407487E+04   1.2237447E+05   2.2728786E-03   6.7849459E-04   1.6786801E-03
   4.2028986E-01   6.7830498E+04   3.9977142E+04   1.0780764E+05   9.4013062E-03   3.7229023E-04   6.0473693E-03
   4.3478261E-01   5.8648819E+04   3.2304841E+04   9.0953660E+04   6.1043924E-03   4.5350907E-04   4.0627838E-03
   4.4927536E-01   4.9277328E+04   2.8402904E+04   7.7680232E+04   1.0504025E-02   6.6782008E-04   6.7009200E-03
   4.6376812E-01   4.4090803E+04   2.4152857E+04   6.8243660E+04   7.6853956E-03   3.9324967E-04   5.0661218E-03
   4.7826087E-01   3.8024605E+04   2.0390005E+04   5.8414610E+04   8.6887977E-03   5.6992687E-04   5.7967886E-03
   4.9275362E-01   3.4231869E+04   1.8965703E+04   5.3197572E+04   8.2977334E-03   1.1645381E-03   5.7028883E-03
   5.0724638E-01   2.9032140E+04   1.7081550E+04   4.6113690E+04   1.1672548E-03   4.8397506E-04   7.4772023E-04
   5.2173913E-01   2.5257889E+04   1.5786181E+04   4.1044070E+04   9.7131304E-03   8.4385132E-06   5.9794673E-03
   5.3623188E-01   2.5292022E+04   1.3454946E+04   3.8746968E+04   1.7392414E-02   7.3600873E-04   1.1522854E-02
   5.5072464E-01   2.1216627E+04   1.1465752E+04   3.2682380E+04   7.3576268E-03   1.5901339E-03   5.2965567E-03
   5.6521739E-01   1.9157138E+04   1.0880322E+04   3.0037459E+04   2.9078598E-03   2.8822201E-06   1.8556037E-03
   5.7971014E-01   1.8507719E+04   9.8884637E+03   2.8396182E+04   1.6000627E-02   1.4780147E-05   1.0423918E-02
   5.9420290E-01   1.6319061E+04   9.0558774E+03   2.5374938E+04   6.7564475E-03   1.6986583E-06   4.3447468E-03
   6.0869565E-01   1.5623809E+04   7.5232428E+03   2.3147052E+04   4.9544624E-03   8.8193374E-06   3.3470242E-03
   6.2318841E-01   1.3921209E+04   7.3130401E+03   2.1234249E+04   6.7667094E-03   2.5976619E-06   4.4370636E-03
   6.3768116E-01   1.2984851E+04   6.2685489E+03   1.9253400E+04   1.7958988E-02   4.2145363E-05   1.2099182E-02
   6.5217391E-01   1.2628945E+04   6.1629250E+03   1.8791870E+04   1.7378866E-02   8.7275798E-06   1.1677648E-02
   6.6666667E-01   1.0740094E+04   5.3700469E+03   1.6110141E+04   1.4576840E-02   4.4201310E-04   9.8569922E-03
   6.8115942E-01   1.0011797E+04   4.9333495E+03   1.4945147E+04   1.9464477E-02   4.1755120E-07   1.3039192E-02
   6.9565217E-01   9.2664882E+03   4.6569234E+03   1.3923412E+04   2.1801799E-02   1.1778948E-03   1.4410274E-02
   7.1014493E-01   8.7680959E+03   4.1752838E+03   1.2943380E+04   1.8630166E-02   1.8436872E-03   1.2801200E-02
   7.2463768E-01   7.3955100E+03   4.2887896E+03   1.1684300E+04   3.3043463E-02   2.4708654E-03   2.1797853E-02
   7.3913043E-01   7.3099304E+03   3.8481137E+03   1.1158044E+04   1.6841162E-02   2.2577268E-03   1.1743952E-02
   7.5362319E-01   6.8779176E+03   3.2640965E+03   1.0142014E+04   1.8405756E-02   6.7797894E-06   1.2480332E-02
   7.6811594E-01   6.2906442E+03   3.4455574E+03   9.7362015E+03   2.6159421E-02   6.5581952E-06   1.6901255E-02
   7.8260870E-01   6.1741508E+03   2.7082070E+03   8.8823578E+03   2.1873596E-02   3.9272872E-06   1.5205514E-02
   7.9710145E-01   5.8690150E+03   2.3007641E+03   8.1697792E+03   9.0734386E-03   2.3252008E-05   6.5118636E-03
   8.1159420E-01   5.1147226E+03   2.2732101E+03   7.3879327E+03   1.0277515E-02   3.2418570E-05   7.1057129E-03
   8.2608696E-01   4.6660627E+03   2.2865037E+03   6.9525664E+03   1.0995581E-02   9.6886211E-06   7.3762782E-03
   8.4057971E-01   4.4941624E+03   1.8028907E+03   6.2970531E+03   1.8510406E-02   6.8674457E-06   1.3212669E-02
   8.5507246E-01   4.1354443E+03   1.7851763E+03   5.9206205E+03   2.7513791E-02   4.1222691E-06   1.9217789E-02
   8.6956522E-01   3.8518281E+03   1.0860892E+03   4.9379174E+03   5.2097528E-03   5.9138173E-06   4.0625737E-03
   8.8405797E-01   3.4781356E+03   1.2546132E+03   4.7327488E+03   1.1855254E-02   2.7774889E-05   8.7190387E-03
   8.9855072E-01   2.7742940E+03   1.0510541E+03   3.8253481E+03   3.3846905E-02   3.3541758E-06   2.4547635E-02
   9.1304348E-01   2.7182300E+03   1.0103156E+03   3.7285456E+03   2.6228397E-02   7.5185245E-06   1.9120036E-02
   9.2753623E-01   2.1903326E+03   9.3533122E+02   3.1256638E+03   3.0713441E-02   1.1152729E-06   2.1522345E-02
   9.4202899E-01   2.1449777E+03   7.4607920E+02   2.8910569E+03   3.1608581E-02   9.8661048E-06   2.3453603E-02
   9.5652174E-01   1.6876863E+03   4.7071521E+02   2.1584015E+03   3.8870114E-02   8.7411368E-05   3.0392883E-02
   9.7101449E-01   1.0857123E+03   4.1845160E+02   1.5041639E+03   3.5251607E-02   2.9839041E-06   2.5444073E-02
   9.8550725E-01   5.7944570E+02   2.4515010E+02   8.2459580E+02   2.7892567E-02   1.2427487E-04   1.9612752E-02
   1.0000000E+00   2.1884092E+01   0.0000000E+00   2.1884092E+01   3.4007412E-01   0.0000000E+00   3.4007412E-01
