   0.0000000E+00   1.8173557E+07   9.0261594E+06   2.7199716E+07   2.8029724E-03   3.6364301E-05   1.8608917E-03
   1.4492754E-02   1.8904015E+07   9.1170878E+06   2.8017314E+07   2.1472819E-03   1.2888169E-05   1.4473987E-03
   2.8985507E-02   1.8620242E+07   9.2133203E+06   2.7832047E+07   7.2370561E-04   1.1604200E-05   4.7990256E-04
   4.3478261E-02   1.6458799E+07   8.0853030E+06   2.4540818E+07   7.1511042E-04   1.6821125E-05   4.8564426E-04
   5.7971014E-02   1.3585272E+07   6.7247236E+06   2.0306585E+07   2.6648503E-04   3.2675988E-05   1.7848751E-04
   7.2463768E-02   1.0691665E+07   5.3662912E+06   1.6055834E+07   6.3648229E-04   4.2191468E-05   4.0965396E-04
   8.6956522E-02   8.3530366E+06   4.1683095E+06   1.2520083E+07   1.9062262E-04   2.5940389E-05   1.2167985E-04
   1.0144928E-01   6.2409358E+06   3.1131070E+06   9.3520944E+06   9.8679933E-04   8.5813009E-05   6.4432072E-04
   1.1594203E-01   4.6110172E+06   2.3016252E+06   6.9120740E+06   1.5592444E-03   4.9570236E-05   1.0584655E-03
   1.3043478E-01   3.3658664E+06   1.7099591E+06   5.0754045E+06   1.0798259E-03   1.2971172E-04   6.8686554E-04
   1.4492754E-01   2.4149068E+06   1.2219262E+06   3.6364541E+06   5.9237143E-04   2.3880812E-04   3.3082418E-04
   1.5942029E-01   1.7606356E+06   8.7015725E+05   2.6306551E+06   1.9141714E-03   2.1641866E-04   1.3525730E-03
   1.7391304E-01   1.2488132E+06   6.4426562E+05   1.8928262E+06   1.8403136E-03   2.5972880E-04   1.2733679E-03
   1.8840580E-01   9.1522934E+05   4.7387686E+05   1.3889896E+06   2.1072355E-03   3.8075866E-04   1.4910047E-03
   2.0289855E-01   6.8299137E+05   3.5727285E+05   1.0402101E+06   2.7786180E-03   4.4701963E-04   1.7581199E-03
   2.1739130E-01   5.2460636E+05   2.6495526E+05   7.8956162E+05   3.3699634E-03   5.9232788E-04   2.1099621E-03
   2.3188406E-01   4.0496290E+05   2.0501513E+05   6.0997803E+05   1.9408820E-03   7.3277433E-04   1.0735612E-03
   2.4637681E-01   3.2346442E+05   1.6514202E+05   4.8860644E+05   3.9008150E-03   5.8408002E-04   2.7458371E-03
   2.6086957E-01   2.5535726E+05   1.2923620E+05   3.8459346E+05   3.4337878E-03   7.7747671E-04   2.3525831E-03
   2.7536232E-01   2.0135855E+05   1.0392957E+05   3.0528812E+05   3.2425563E-03   9.1839169E-04   1.9107304E-03
   2.8985507E-01   1.7041498E+05   8.5434811E+04   2.5584979E+05   3.5856767E-03   1.8942553E-03   2.7166692E-03
   3.0434783E-01   1.3574311E+05   7.1588075E+04   2.0733119E+05   6.4267726E-03   2.9309258E-04   4.3087767E-03
   3.1884058E-01   1.1552040E+05   5.9998968E+04   1.7551937E+05   4.8911369E-03   9.4629354E-04   2.8964161E-03
   3.3333333E-01   9.5903108E+04   4.9549390E+04   1.4545250E+05   6.5839866E-03   1.4172382E-03   4.3883646E-03
   3.4782609E-01   7.5363228E+04   3.9970610E+04   1.1533384E+05   4.1425787E-03   1.2138523E-03   2.3023295E-03
   3.6231884E-01   6.0831101E+04   2.9854825E+04   9.0685926E+04   6.3735518E-03   1.2487612E-03   4.5005392E-03
   3.7681159E-01   4.7445974E+04   2.5121885E+04   7.2567859E+04   2.1780105E-03   8.9525937E-04   1.3554818E-03
   3.9130435E-01   3.6848454E+04   1.8971481E+04   5.5819936E+04   3.6784104E-04   1.9890871E-03   5.6999419E-04
   4.0579710E-01   2.6926714E+04   1.3801632E+04   4.0728347E+04   8.0120520E-03   1.9146712E-03   5.3951644E-03
   4.2028986E-01   1.9727283E+04   1.1261535E+04   3.0988817E+04   9.6400099E-03   6.5222153E-04   6.2125275E-03
   4.3478261E-01   1.4801123E+04   7.4510774E+03   2.2252201E+04   9.7800461E-03   5.9820000E-03   4.5591707E-03
   4.4927536E-01   1.1708254E+04   5.9396779E+03   1.7647932E+04   1.5786331E-02   3.9862149E-03   1.1813920E-02
   4.6376812E-01   8.7376511E+03   4.7595335E+03   1.3497185E+04   2.2597462E-02   2.0551628E-03   1.3904505E-02
   4.7826087E-01   5.4419271E+03   3.6279514E+03   9.0698785E+03   1.5928947E-02   4.0382990E-04   9.4173061E-03
   4.9275362E-01   4.6578520E+03   2.4960738E+03   7.1539258E+03   1.2199563E-03   3.6703636E-03   6.8969846E-04
   5.0724638E-01   3.5072384E+03   1.6886703E+03   5.1959087E+03   2.1726136E-02   5.5425718E-03   1.5749556E-02
   5.2173913E-01   2.3574030E+03   1.5575699E+03   3.9149729E+03   3.3116144E-02   7.7492225E-03   2.2789270E-02
   5.3623188E-01   2.6008800E+03   1.2902003E+03   3.8910803E+03   3.3710433E-02   9.1364597E-03   2.2401060E-02
   5.5072464E-01   1.7547586E+03   8.9731976E+02   2.6520784E+03   2.6964964E-02   1.5735463E-02   1.6148862E-02
   5.6521739E-01   1.7097648E+03   7.5773668E+02   2.4675015E+03   1.0856469E-02   2.3378131E-02   1.4089813E-02
   5.7971014E-01   8.3351035E+02   5.3041568E+02   1.3639260E+03   4.6010300E-03   7.6247373E-06   2.8090646E-03
   5.9420290E-01   7.9469945E+02   4.8051595E+02   1.2752154E+03   2.1960140E-02   9.8401120E-03   1.6251137E-02
   6.0869565E-01   7.3969533E+02   2.7062024E+02   1.0103156E+03   2.4203171E-02   9.5176416E-06   1.7720959E-02
   6.2318841E-01   6.5200598E+02   4.4054458E+02   1.0925506E+03   4.0753012E-02   1.8828516E-05   2.4312822E-02
   6.3768116E-01   6.0274509E+02   1.3777031E+02   7.4051540E+02   3.0697780E-02   1.1293314E-05   2.4987753E-02
   6.5217391E-01   4.2096482E+02   1.8522452E+02   6.0618935E+02   7.1746962E-02   4.8531513E-06   4.9825519E-02
   6.6666667E-01   3.7886834E+02   1.4825283E+02   5.2712117E+02   6.6962582E-02   8.6127021E-05   4.8106346E-02
   6.8115942E-01   3.5468526E+02   1.1285440E+02   4.6753966E+02   1.2412389E-01   1.9857948E-05   9.4166004E-02
   6.9565217E-01   3.3150980E+02   1.1050327E+02   4.4201307E+02   3.9342413E-02   6.8954389E-02   1.2477254E-02
   7.1014493E-01   2.1649620E+02   9.2784084E+01   3.0928028E+02   2.5358783E-02   2.2054915E-05   1.7745848E-02
   7.2463768E-01   2.7278521E+02   1.5154734E+01   2.8793994E+02   3.8473958E-02   0.0000000E+00   3.6449013E-02
   7.3913043E-01   2.9715164E+02   5.9430328E+01   3.5658197E+02   3.3602767E-02   6.7877903E-06   2.8001697E-02
   7.5362319E-01   1.7486231E+02   5.8287437E+01   2.3314975E+02   6.4604437E-02   1.3296969E-01   2.7477557E-02
   7.6811594E-01   1.4296919E+02   2.8593837E+01   1.7156302E+02   6.4391902E-02   8.7158513E-06   5.3661367E-02
   7.8260870E-01   2.1048241E+02   7.0160804E+01   2.8064322E+02   3.0980740E-02   2.1843318E-06   2.3235293E-02
   7.9710145E-01   1.3777031E+02   5.5108122E+01   1.9287843E+02   4.8887408E-02   1.1003397E-01   1.6803347E-02
   8.1159420E-01   1.0824810E+02   1.3531012E+01   1.2177911E+02   8.8318777E-02   0.0000000E+00   7.8505579E-02
   8.2608696E-01   1.8611076E+02   0.0000000E+00   1.8611076E+02   1.6663666E-02   0.0000000E+00   1.6663666E-02
   8.4057971E-01   1.4370868E+02   0.0000000E+00   1.4370868E+02   7.5420091E-02   0.0000000E+00   7.5420091E-02
   8.5507246E-01   1.6695893E+02   0.0000000E+00   1.6695893E+02   3.2185717E-02   0.0000000E+00   3.2185717E-02
   8.6956522E-01   1.0103156E+02   2.5257889E+01   1.2628945E+02   6.9412645E-06   2.6790147E-01   5.3575123E-02
   8.8405797E-01   2.7328208E+02   0.0000000E+00   2.7328208E+02   1.5041082E-02   0.0000000E+00   1.5041082E-02
   8.9855072E-01   1.2221559E+02   0.0000000E+00   1.2221559E+02   9.2920157E-03   0.0000000E+00   9.2920157E-03
   9.1304348E-01   1.8041350E+02   0.0000000E+00   1.8041350E+02   2.0353049E-02   0.0000000E+00   2.0353049E-02
   9.2753623E-01   2.1311344E+02   2.3679271E+01   2.3679271E+02   2.3442100E-02   6.0679607E-01   6.1327294E-02
   9.4202899E-01   1.2823236E+02   0.0000000E+00   1.2823236E+02   7.6449006E-06   0.0000000E+00   7.6449006E-06
   9.5652174E-01   5.7404294E+01   0.0000000E+00   5.7404294E+01   6.0475730E-02   0.0000000E+00   6.0475730E-02
   9.7101449E-01   9.0476022E+01   0.0000000E+00   9.0476022E+01   9.3110325E-06   0.0000000E+00   9.3110325E-06
   9.8550725E-01   2.2286373E+01   0.0000000E+00   2.2286373E+01   4.1708299E-06   0.0000000E+00   4.1708299E-06
   1.0000000E+00   0.0000000E+00   0.0000000E+00   0.0000000E+00   0.0000000E+00   0.0000000E+00   0.0000000E+00
