   0.0000000E+00   8.2441751E+05   4.5464201E+05   1.2790595E+06   5.8278206E-03   1.6252388E-03   4.2654947E-03
   1.4492754E-02   9.2216554E+05   4.4858012E+05   1.3707457E+06   1.1434590E-03   1.2025815E-03   7.8946306E-04
   2.8985507E-02   7.7175481E+05   3.6144040E+05   1.1331952E+06   7.4561861E-04   2.0072203E-03   2.3902598E-04
   4.3478261E-02   4.2736349E+05   2.0989306E+05   6.3700397E+05   1.2825654E-03   2.5085566E-03   3.5977803E-04
   5.7971014E-02   2.5081084E+05   1.2521599E+05   3.7602683E+05   2.5733341E-03   2.1502158E-03   2.2967638E-03
   7.2463768E-02   3.2734225E+04   1.8034133E+04   5.0768358E+04   5.2350779E-03   7.5874086E-03   1.5328445E-03
   8.6956522E-02   5.4304462E+03   2.3994995E+03   7.8299457E+03   3.5608133E-02   1.1565947E-02   2.1212925E-02
   1.0144928E-01   2.4897062E+03   2.3814581E+03   4.8711644E+03   2.2780164E-02   1.6484389E-02   1.2103431E-02
   1.1594203E-01   9.4717086E+02   3.7886834E+02   1.3260392E+03   3.2158734E-02   7.6666287E-07   2.2970735E-02
   1.3043478E-01   1.6838593E+02   0.0000000E+00   1.6838593E+02   2.4843132E-01   0.0000000E+00   2.4843132E-01
   1.4492754E-01   0.0000000E+00   0.0000000E+00   0.0000000E+00   0.0000000E+00   0.0000000E+00   0.0000000E+00
   1.5942029E-01   6.8885153E+01   0.0000000E+00   6.8885153E+01   2.5790323E-01   0.0000000E+00   2.5790323E-01
   1.7391304E-01   1.2628945E+02   0.0000000E+00   1.2628945E+02   1.1433252E-05   0.0000000E+00   1.1433252E-05
   1.8840580E-01   0.0000000E+00   0.0000000E+00   0.0000000E+00   0.0000000E+00   0.0000000E+00   0.0000000E+00
   2.0289855E-01   1.0824810E+02   0.0000000E+00   1.0824810E+02   1.5855110E-01   0.0000000E+00   1.5855110E-01
   2.1739130E-01   0.0000000E+00   5.0515779E+01   5.0515779E+01   0.0000000E+00   2.0963950E-01   2.0963950E-01
   2.3188406E-01   1.4207563E+02   4.7358543E+01   1.8943417E+02   2.5168756E-01   3.1663129E-05   1.8875818E-01
   2.4637681E-01   4.4572746E+01   1.3371824E+02   1.7829098E+02   3.0366016E-04   1.3953622E-01   1.0472204E-01
   2.6086957E-01   0.0000000E+00   8.4192965E+01   8.4192965E+01   0.0000000E+00   2.0825692E-01   2.0825692E-01
   2.7536232E-01   3.9880878E+01   0.0000000E+00   3.9880878E+01   4.2480994E-01   0.0000000E+00   4.2480994E-01
   2.8985507E-01   3.7886834E+01   0.0000000E+00   3.7886834E+01   4.2853827E-01   0.0000000E+00   4.2853827E-01
   3.0434783E-01   3.6082699E+01   0.0000000E+00   3.6082699E+01   3.8312526E-01   0.0000000E+00   3.8312526E-01
   3.1884058E-01   0.0000000E+00   0.0000000E+00   0.0000000E+00   0.0000000E+00   0.0000000E+00   0.0000000E+00
   3.3333333E-01   0.0000000E+00   0.0000000E+00   0.0000000E+00   0.0000000E+00   0.0000000E+00   0.0000000E+00
   3.4782609E-01   0.0000000E+00   0.0000000E+00   0.0000000E+00   0.0000000E+00   0.0000000E+00   0.0000000E+00
   3.6231884E-01   0.0000000E+00   0.0000000E+00   0.0000000E+00   0.0000000E+00   0.0000000E+00   0.0000000E+00
   3.7681159E-01   2.9143719E+01   0.0000000E+00   2.9143719E+01   4.2423904E-01   0.0000000E+00   4.2423904E-01
   3.9130435E-01   0.0000000E+00   0.0000000E+00   0.0000000E+00   0.0000000E+00   0.0000000E+00   0.0000000E+00
   4.0579710E-01   0.0000000E+00   0.0000000E+00   0.0000000E+00   0.0000000E+00   0.0000000E+00   0.0000000E+00
   4.2028986E-01   0.0000000E+00   0.0000000E+00   0.0000000E+00   0.0000000E+00   0.0000000E+00   0.0000000E+00
   4.3478261E-01   2.5257889E+01   0.0000000E+00   2.5257889E+01   4.0204039E-01   0.0000000E+00   4.0204039E-01
   4.4927536E-01   0.0000000E+00   0.0000000E+00   0.0000000E+00   0.0000000E+00   0.0000000E+00   0.0000000E+00
   4.6376812E-01   0.0000000E+00   0.0000000E+00   0.0000000E+00   0.0000000E+00   0.0000000E+00   0.0000000E+00
   4.7826087E-01   0.0000000E+00   0.0000000E+00   0.0000000E+00   0.0000000E+00   0.0000000E+00   0.0000000E+00
   4.9275362E-01   0.0000000E+00   0.0000000E+00   0.0000000E+00   0.0000000E+00   0.0000000E+00   0.0000000E+00
   5.0724638E-01   2.1649620E+01   0.0000000E+00   2.1649620E+01   2.3209289E-01   0.0000000E+00   2.3209289E-01
   5.2173913E-01   0.0000000E+00   0.0000000E+00   0.0000000E+00   0.0000000E+00   0.0000000E+00   0.0000000E+00
   5.3623188E-01   0.0000000E+00   0.0000000E+00   0.0000000E+00   0.0000000E+00   0.0000000E+00   0.0000000E+00
   5.5072464E-01   0.0000000E+00   0.0000000E+00   0.0000000E+00   0.0000000E+00   0.0000000E+00   0.0000000E+00
   5.6521739E-01   0.0000000E+00   0.0000000E+00   0.0000000E+00   0.0000000E+00   0.0000000E+00   0.0000000E+00
   5.7971014E-01   0.0000000E+00   0.0000000E+00   0.0000000E+00   0.0000000E+00   0.0000000E+00   0.0000000E+00
   5.9420290E-01   0.0000000E+00   1.8481383E+01   1.8481383E+01   0.0000000E+00   8.9335001E-06   8.9335001E-06
   6.0869565E-01   0.0000000E+00   0.0000000E+00   0.0000000E+00   0.0000000E+00   0.0000000E+00   0.0000000E+00
   6.2318841E-01   0.0000000E+00   0.0000000E+00   0.0000000E+00   0.0000000E+00   0.0000000E+00   0.0000000E+00
   6.3768116E-01   0.0000000E+00   0.0000000E+00   0.0000000E+00   0.0000000E+00   0.0000000E+00   0.0000000E+00
   6.5217391E-01   0.0000000E+00   0.0000000E+00   0.0000000E+00   0.0000000E+00   0.0000000E+00   0.0000000E+00
   6.6666667E-01   0.0000000E+00   0.0000000E+00   0.0000000E+00   0.0000000E+00   0.0000000E+00   0.0000000E+00
   6.8115942E-01   0.0000000E+00   0.0000000E+00   0.0000000E+00   0.0000000E+00   0.0000000E+00   0.0000000E+00
   6.9565217E-01   0.0000000E+00   0.0000000E+00   0.0000000E+00   0.0000000E+00   0.0000000E+00   0.0000000E+00
   7.1014493E-01   0.0000000E+00   0.0000000E+00   0.0000000E+00   0.0000000E+00   0.0000000E+00   0.0000000E+00
   7.2463768E-01   0.0000000E+00   0.0000000E+00   0.0000000E+00   0.0000000E+00   0.0000000E+00   0.0000000E+00
   7.3913043E-01   0.0000000E+00   0.0000000E+00   0.0000000E+00   0.0000000E+00   0.0000000E+00   0.0000000E+00
   7.5362319E-01   0.0000000E+00   0.0000000E+00   0.0000000E+00   0.0000000E+00   0.0000000E+00   0.0000000E+00
   7.6811594E-01   0.0000000E+00   0.0000000E+00   0.0000000E+00   0.0000000E+00   0.0000000E+00   0.0000000E+00
   7.8260870E-01   0.0000000E+00   0.0000000E+00   0.0000000E+00   0.0000000E+00   0.0000000E+00   0.0000000E+00
   7.9710145E-01   0.0000000E+00   0.0000000E+00   0.0000000E+00   0.0000000E+00   0.0000000E+00   0.0000000E+00
   8.1159420E-01   0.0000000E+00   0.0000000E+00   0.0000000E+00   0.0000000E+00   0.0000000E+00   0.0000000E+00
   8.2608696E-01   0.0000000E+00   0.0000000E+00   0.0000000E+00   0.0000000E+00   0.0000000E+00   0.0000000E+00
   8.4057971E-01   0.0000000E+00   0.0000000E+00   0.0000000E+00   0.0000000E+00   0.0000000E+00   0.0000000E+00
   8.5507246E-01   0.0000000E+00   0.0000000E+00   0.0000000E+00   0.0000000E+00   0.0000000E+00   0.0000000E+00
   8.6956522E-01   0.0000000E+00   0.0000000E+00   0.0000000E+00   0.0000000E+00   0.0000000E+00   0.0000000E+00
   8.8405797E-01   0.0000000E+00   0.0000000E+00   0.0000000E+00   0.0000000E+00   0.0000000E+00   0.0000000E+00
   8.9855072E-01   0.0000000E+00   0.0000000E+00   0.0000000E+00   0.0000000E+00   0.0000000E+00   0.0000000E+00
   9.1304348E-01   0.0000000E+00   0.0000000E+00   0.0000000E+00   0.0000000E+00   0.0000000E+00   0.0000000E+00
   9.2753623E-01   0.0000000E+00   0.0000000E+00   0.0000000E+00   0.0000000E+00   0.0000000E+00   0.0000000E+00
   9.4202899E-01   0.0000000E+00   0.0000000E+00   0.0000000E+00   0.0000000E+00   0.0000000E+00   0.0000000E+00
   9.5652174E-01   0.0000000E+00   0.0000000E+00   0.0000000E+00   0.0000000E+00   0.0000000E+00   0.0000000E+00
   9.7101449E-01   0.0000000E+00   0.0000000E+00   0.0000000E+00   0.0000000E+00   0.0000000E+00   0.0000000E+00
   9.8550725E-01   0.0000000E+00   0.0000000E+00   0.0000000E+00   0.0000000E+00   0.0000000E+00   0.0000000E+00
   1.0000000E+00   0.0000000E+00   0.0000000E+00   0.0000000E+00   0.0000000E+00   0.0000000E+00   0.0000000E+00
