   0.0000000E+00   8.3654130E+05   1.2002549E+06   2.0367962E+06   1.7513516E-02   2.3282926E-07   7.1930987E-03
   1.4492754E-02   9.9718148E+05   1.1115997E+06   2.1087812E+06   2.2192407E-03   1.1734737E-06   1.0500043E-03
   2.8985507E-02   1.0111996E+06   1.1907832E+06   2.2019828E+06   3.1237688E-03   1.8331739E-06   1.4343457E-03
   4.3478261E-02   1.0545169E+06   1.1959611E+06   2.2504780E+06   1.8102692E-03   4.9351762E-07   8.4815296E-04
   5.7971014E-02   1.0566638E+06   1.2998973E+06   2.3563717E+06   2.9070994E-03   3.2895973E-06   1.3018251E-03
   7.2463768E-02   1.0768954E+06   1.2999731E+06   2.3765653E+06   1.5943877E-03   1.0137249E-06   7.2244744E-04
   8.6956522E-02   1.0335528E+06   1.2884049E+06   2.3217052E+06   1.7086342E-03   4.0362689E-06   7.6233204E-04
   1.0144928E-01   1.0088723E+06   1.2345696E+06   2.2433336E+06   1.0589760E-03   9.8697548E-07   4.7646967E-04
   1.1594203E-01   9.5020180E+05   1.1637888E+06   2.1137065E+06   3.5717083E-03   2.6468792E-06   1.6057550E-03
   1.3043478E-01   9.1761912E+05   1.0568743E+06   1.9744092E+06   2.6152973E-03   1.0552074E-06   1.2149751E-03
   1.4492754E-01   8.6010691E+05   9.7588908E+05   1.8359202E+06   5.7103459E-04   2.5504178E-05   2.8093866E-04
   1.5942029E-01   8.1429139E+05   8.9778020E+05   1.7120027E+06   3.1250036E-03   2.4091721E-06   1.4863103E-03
   1.7391304E-01   7.7055506E+05   8.0313774E+05   1.5735034E+06   3.6487416E-03   1.6260277E-06   1.7860188E-03
   1.8840580E-01   7.2684434E+05   7.4409742E+05   1.4709418E+06   3.8324407E-03   1.1620383E-06   1.8936952E-03
   2.0289855E-01   6.9462804E+05   6.7752484E+05   1.3720446E+06   5.4554499E-03   8.5797526E-07   2.7480856E-03
   2.1739130E-01   6.4321741E+05   6.0942236E+05   1.2524882E+06   7.2414509E-03   1.9209210E-05   3.7296561E-03
   2.3188406E-01   6.0562104E+05   5.5305306E+05   1.1584373E+06   4.9181586E-03   5.2971605E-06   2.5736991E-03
   2.4637681E-01   5.7307180E+05   5.0193369E+05   1.0749609E+06   4.6340949E-03   2.2864355E-05   2.4803183E-03
   2.6086957E-01   5.4557041E+05   4.5068494E+05   9.9625535E+05   7.6950776E-03   2.5604434E-06   4.2142567E-03
   2.7536232E-01   5.2463295E+05   4.0383377E+05   9.2846672E+05   5.6237631E-03   2.3870035E-06   3.1767326E-03
   2.8985507E-01   4.9654485E+05   3.6841158E+05   8.6488065E+05   6.0230975E-03   1.2616443E-05   3.4526046E-03
   3.0434783E-01   4.7372976E+05   3.3069794E+05   8.0435553E+05   5.3330732E-03   4.8828832E-06   3.1422986E-03
   3.1884058E-01   4.4613469E+05   2.9872047E+05   7.4488960E+05   5.2327036E-03   1.0331767E-05   3.1339979E-03
   3.3333333E-01   4.3401839E+05   2.7878121E+05   7.1273371E+05   3.8875727E-03   1.8280671E-05   2.3619177E-03
   3.4782609E-01   4.1463983E+05   2.4383335E+05   6.5847318E+05   3.2304964E-03   4.6843900E-05   2.0432664E-03
   3.6231884E-01   3.9453834E+05   2.1780383E+05   6.1234217E+05   4.7521472E-03   4.3195655E-06   3.0621863E-03
   3.7681159E-01   3.8207415E+05   1.9806071E+05   5.8010572E+05   5.8903620E-03   3.8087461E-06   3.8790288E-03
   3.9130435E-01   3.6382587E+05   1.8121132E+05   5.4503719E+05   3.1895176E-03   4.7680370E-06   2.1303293E-03
   4.0579710E-01   3.5359241E+05   1.6007187E+05   5.1366429E+05   5.2508536E-03   3.2304309E-05   3.6239369E-03
   4.2028986E-01   3.3920475E+05   1.4658286E+05   4.8578760E+05   3.0755698E-03   2.2386758E-06   2.1481700E-03
   4.3478261E-01   3.2974175E+05   1.2954772E+05   4.5926420E+05   2.6107942E-03   2.0966109E-05   1.8706588E-03
   4.4927536E-01   3.1272526E+05   1.1520042E+05   4.2790124E+05   3.3565097E-03   3.0390019E-06   2.4536621E-03
   4.6376812E-01   3.1109827E+05   1.0793012E+05   4.1902839E+05   4.7420684E-03   1.7574309E-06   3.5201916E-03
   4.7826087E-01   2.9466772E+05   9.4808932E+04   3.8943073E+05   2.9883856E-03   4.6038974E-06   2.2612403E-03
   4.9275362E-01   2.8564444E+05   8.5468241E+04   3.7111268E+05   3.0177752E-03   1.3019362E-04   2.3462987E-03
   5.0724638E-01   2.7863060E+05   7.7419039E+04   3.5600634E+05   4.9641226E-03   8.6446470E-07   3.8850757E-03
   5.2173913E-01   2.6834403E+05   6.9290810E+04   3.3763484E+05   4.4735191E-03   2.2077397E-06   3.5558982E-03
   5.3623188E-01   2.6178778E+05   6.4776247E+04   3.2656403E+05   2.2032854E-03   1.1111675E-04   1.7455190E-03
   5.5072464E-01   2.5118971E+05   5.5733527E+04   3.0692324E+05   1.5018779E-03   9.7023014E-06   1.2302202E-03
   5.6521739E-01   2.4237859E+05   5.1331803E+04   2.9371040E+05   1.8613596E-03   9.6699025E-06   1.5377309E-03
   5.7971014E-01   2.3431113E+05   4.8097336E+04   2.8238952E+05   3.1621969E-03   1.3284862E-06   2.6235890E-03
   5.9420290E-01   2.2234951E+05   4.3985690E+04   2.6633520E+05   1.8965935E-03   1.6840619E-06   1.5834286E-03
   6.0869565E-01   2.1360958E+05   3.8175496E+04   2.5178508E+05   2.5336449E-03   2.7518847E-05   2.1491627E-03
   6.2318841E-01   2.1257157E+05   3.4344856E+04   2.4689881E+05   3.0099096E-03   6.3377280E-06   2.5910774E-03
   6.3768116E-01   2.0501944E+05   3.1101647E+04   2.3613830E+05   1.2329865E-03   1.5159573E-06   1.0706339E-03
   6.5217391E-01   1.9335756E+05   2.7261682E+04   2.2058557E+05   1.8081640E-03   2.1385061E-06   1.6078422E-03
   6.6666667E-01   1.8439357E+05   2.5911300E+04   2.1028840E+05   2.0669993E-03   9.4154101E-07   1.8123678E-03
   6.8115942E-01   1.7302192E+05   2.3312495E+04   1.9631829E+05   2.3354243E-03   1.4943047E-06   2.0582670E-03
   6.9565217E-01   1.6575490E+05   2.1311344E+04   1.8706624E+05   1.9873191E-03   2.6256575E-06   1.7610638E-03
   7.1014493E-01   1.5620201E+05   1.9500122E+04   1.7570213E+05   2.2251720E-03   1.5892563E-05   1.9767046E-03
   7.2463768E-01   1.4821330E+05   1.7564336E+04   1.6579279E+05   1.3320466E-03   2.5458751E-06   1.1908658E-03
   7.3913043E-01   1.4040415E+05   1.5333025E+04   1.5573717E+05   1.3561583E-03   1.0127621E-06   1.2227189E-03
   7.5362319E-01   1.3146731E+05   1.3726691E+04   1.4519401E+05   2.3601900E-03   2.2613744E-06   2.1368571E-03
   7.6811594E-01   1.2303928E+05   1.2466913E+04   1.3550619E+05   1.6416004E-03   2.6931698E-04   1.5146302E-03
   7.8260870E-01   1.1426389E+05   1.1337986E+04   1.2560187E+05   2.2586531E-03   1.9348016E-06   2.0546297E-03
   7.9710145E-01   1.0710264E+05   1.0566982E+04   1.1766962E+05   1.7755433E-03   1.9016679E-06   1.6161630E-03
   8.1159420E-01   9.8938761E+04   8.8222200E+03   1.0776098E+05   1.4578558E-03   1.2575727E-06   1.3384009E-03
   8.2608696E-01   9.2736335E+04   7.8964139E+03   1.0061946E+05   2.7134458E-03   2.7127814E-06   2.5008405E-03
   8.4057971E-01   8.2449590E+04   7.4467226E+03   8.9896312E+04   2.7928932E-03   1.8022382E-06   2.5614134E-03
   8.5507246E-01   7.7790019E+04   6.6912002E+03   8.4481219E+04   2.7647828E-03   1.3399384E-06   2.5457065E-03
   8.6956522E-01   6.8246817E+04   5.8850882E+03   7.4131906E+04   1.1537711E-03   2.7483082E-05   1.0630492E-03
   8.8405797E-01   6.1078546E+04   4.9439213E+03   6.6022467E+04   2.0476630E-03   1.4778074E-06   1.8943028E-03
   8.9855072E-01   5.4997017E+04   4.3997614E+03   5.9396779E+04   1.9958372E-03   8.4657890E-06   1.8478783E-03
   9.1304348E-01   4.6967647E+04   3.9089591E+03   5.0876606E+04   2.2155209E-03   4.7279333E-05   2.0469209E-03
   9.2753623E-01   4.0384997E+04   3.1256638E+03   4.3510661E+04   2.9912935E-03   1.6528352E-05   2.7775000E-03
   9.4202899E-01   3.2664280E+04   2.5529898E+03   3.5217270E+04   1.8585744E-03   1.5484708E-06   1.7239028E-03
   9.5652174E-01   2.6337090E+04   1.9976694E+03   2.8334760E+04   1.7701886E-03   1.5340946E-06   1.6454894E-03
   9.7101449E-01   1.8807703E+04   1.6851159E+03   2.0492819E+04   4.9282851E-03   2.3561598E-06   4.5228594E-03
   9.8550725E-01   1.0162586E+04   9.4717086E+02   1.1109757E+04   1.9550054E-03   3.4973821E-06   1.7885886E-03
   1.0000000E+00   9.8478414E+02   2.1884092E+01   1.0066682E+03   8.5807767E-03   1.8024808E-06   8.3942253E-03
