   0.0000000E+00   5.7587988E+05   9.3474397E+06   9.9233196E+06   8.6103753E-06   3.3969625E-05   3.1507006E-05
   1.4492754E-02   5.3950852E+05   1.0671963E+07   1.1211472E+07   8.6038511E-04   1.4985377E-05   3.0755298E-05
   2.8985507E-02   5.6792364E+05   1.0807598E+07   1.1375143E+07   9.1497618E-04   9.6805519E-06   4.8358278E-05
   4.3478261E-02   5.7259635E+05   9.4520074E+06   1.0023846E+07   5.4074283E-04   5.4010595E-06   3.2960757E-05
   5.7971014E-02   5.4613872E+05   7.6315450E+06   8.1776837E+06   1.2792864E-03   5.3858489E-06   9.0401421E-05
   7.2463768E-02   5.5678492E+05   5.9389886E+06   6.4954704E+06   4.3376851E-04   3.0948965E-05   6.4204535E-05
   8.6956522E-02   5.6703962E+05   4.4864326E+06   5.0532197E+06   9.7387238E-05   3.0969069E-05   2.3857739E-05
   1.0144928E-01   5.7284893E+05   3.2686596E+06   3.8412920E+06   3.3808455E-04   1.8550246E-05   4.3018959E-05
   1.1594203E-01   5.7057572E+05   2.3019093E+06   2.8724851E+06   3.9453766E-04   3.9667250E-05   8.5879271E-05
   1.3043478E-01   5.9137139E+05   1.5716301E+06   2.1629173E+06   1.3348362E-04   6.0554438E-05   7.7149316E-05
   1.4492754E-01   5.8520004E+05   1.0876552E+06   1.6727795E+06   1.3268959E-04   1.0558171E-04   2.5857735E-05
   1.5942029E-01   5.8476606E+05   7.3844884E+05   1.3230771E+06   3.5613770E-05   1.7109359E-04   1.0783845E-04
   1.7391304E-01   6.0884143E+05   4.9259199E+05   1.1014334E+06   2.3302256E-04   1.1501479E-04   1.0348049E-04
   1.8840580E-01   6.1219295E+05   3.4273013E+05   9.5492308E+05   1.4179302E-04   2.9106104E-04   1.0090718E-04
   2.0289855E-01   6.2946269E+05   2.3711746E+05   8.6658015E+05   1.4691461E-04   7.3314687E-05   9.6789373E-05
   2.1739130E-01   6.5231025E+05   1.7079385E+05   8.2315462E+05   1.0293926E-04   5.8787087E-04   1.5357072E-04
   2.3188406E-01   6.5667355E+05   1.3293543E+05   7.8956162E+05   2.0279750E-04   2.1104583E-04   1.4132168E-04
   2.4637681E-01   6.8695516E+05   9.7837178E+04   7.8479234E+05   4.2430023E-05   1.1678012E-03   1.8269055E-04
   2.6086957E-01   7.0898896E+05   8.1330404E+04   7.9031936E+05   1.4292549E-05   3.2932073E-04   3.2191737E-05
   2.7536232E-01   7.2750698E+05   6.3889167E+04   7.9139615E+05   6.6357508E-05   4.0441163E-04   8.1084102E-05
   2.8985507E-01   7.6773881E+05   5.3041568E+04   8.2078038E+05   4.1912679E-05   6.5302909E-04   1.3726727E-05
   3.0434783E-01   7.9219566E+05   4.4598216E+04   8.3679388E+05   2.8018760E-05   3.5464388E-05   2.5621265E-05
   3.1884058E-01   8.2190320E+05   3.7197983E+04   8.5910119E+05   3.0138820E-05   1.6804815E-03   4.3941316E-05
   3.3333333E-01   8.4266908E+05   3.0441248E+04   8.7311033E+05   2.5874855E-05   7.4526143E-04   3.3038352E-05
   3.4782609E-01   8.7761694E+05   2.5226317E+04   9.0284326E+05   3.4306543E-05   1.1345218E-04   3.0178620E-05
   3.6231884E-01   9.0473760E+05   1.9034346E+04   9.2374164E+05   5.3336227E-05   2.6574683E-03   3.5568139E-05
   3.7681159E-01   9.1106179E+05   1.4484428E+04   9.2551707E+05   4.2204036E-05   4.7052541E-06   4.1524259E-05
   3.9130435E-01   9.2219361E+05   9.9067055E+03   9.3201612E+05   1.5621051E-05   5.3967367E-06   1.5496173E-05
   4.0579710E-01   9.2016295E+05   7.9291732E+03   9.2809213E+05   1.2841206E-05   5.1956199E-04   1.6455188E-05
   4.2028986E-01   8.8333807E+05   5.1996414E+03   8.8856384E+05   3.1302478E-05   4.1592450E-06   3.1096087E-05
   4.3478261E-01   8.3343458E+05   3.8897150E+03   8.3727378E+05   6.5635073E-06   4.4997742E-03   2.3103080E-05
   4.4927536E-01   7.6849166E+05   2.3709825E+03   7.7086264E+05   1.2513988E-05   8.7798339E-07   1.2477166E-05
   4.6376812E-01   6.8842746E+05   1.4681148E+03   6.8989557E+05   1.9022782E-05   1.2798580E-06   1.8980110E-05
   4.7826087E-01   5.9592546E+05   1.2399328E+03   5.9716539E+05   5.3912734E-05   1.7238499E-06   5.3802905E-05
   4.9275362E-01   5.0081938E+05   6.2401845E+02   5.0144339E+05   7.6729327E-06   9.4207446E-05   7.7790597E-06
   5.0724638E-01   4.0413345E+05   5.4124049E+02   4.0467469E+05   2.1341212E-05   7.4291142E-06   2.1308120E-05
   5.2173913E-01   3.2106987E+05   4.4201307E+02   3.2151188E+05   1.0407239E-05   3.8605763E-05   1.0379781E-05
   5.3623188E-01   2.4538381E+05   3.2766992E+02   2.4571148E+05   2.4168882E-05   2.7981502E-06   2.4136376E-05
   5.5072464E-01   1.8107913E+05   9.9702195E+01   1.8117883E+05   3.8421207E-05   8.7150818E-06   3.8396336E-05
   5.6521739E-01   1.3608174E+05   2.5257889E+02   1.3633432E+05   9.3633338E-05   3.3181426E-06   9.3454095E-05
   5.7971014E-01   9.7842749E+04   9.4717086E+01   9.7937466E+04   4.4649183E-05   2.3322446E-06   4.4606731E-05
   5.9420290E-01   7.4221232E+04   1.4785106E+02   7.4369083E+04   7.8475931E-05   1.0576886E-01   1.5985855E-04
   6.0869565E-01   5.2969402E+04   5.4124049E+01   5.3023527E+04   2.2049150E-05   1.6269192E-06   2.2025242E-05
   6.2318841E-01   3.8891276E+04   8.8108917E+01   3.8979385E+04   1.6713975E-05   3.7686679E-06   1.6668654E-05
   6.3768116E-01   2.8535675E+04   3.4442577E+01   2.8570117E+04   1.8411515E-04   2.3106413E-05   1.8391532E-04
   6.5217391E-01   2.2159588E+04   3.3677186E+01   2.2193266E+04   8.5949011E-05   0.0000000E+00   8.5818587E-05
   6.6666667E-01   1.7856230E+04   3.2945073E+01   1.7889175E+04   3.9741514E-04   1.4423221E-05   3.9665777E-04
   6.8115942E-01   1.4364753E+04   3.2244114E+01   1.4396997E+04   2.2550942E-05   1.9098173E-06   2.2504100E-05
   6.9565217E-01   1.0560955E+04   1.5786181E+01   1.0576741E+04   1.0496594E-06   7.2723264E-05   1.1513157E-06
   7.1014493E-01   9.0155201E+03   1.5464014E+01   9.0309842E+03   3.3104158E-06   1.3027159E-05   3.2918562E-06
   7.2463768E-01   7.0014870E+03   4.5464201E+01   7.0469512E+03   1.3148284E-03   6.3680257E-07   1.3063457E-03
   7.3913043E-01   5.8538873E+03   1.4857582E+01   5.8687449E+03   9.1031865E-04   1.4165490E-05   9.0798425E-04
   7.5362319E-01   4.4007015E+03   1.4571859E+01   4.4152734E+03   9.1039290E-04   8.4306083E-06   9.0741308E-04
   7.6811594E-01   3.8458711E+03   1.4296919E+01   3.8601680E+03   2.2385639E-06   9.9522636E-06   2.2500126E-06
   7.8260870E-01   3.1853005E+03   1.4032161E+01   3.1993327E+03   3.5577524E-06   0.0000000E+00   3.5421482E-06
   7.9710145E-01   2.6038588E+03   1.3777031E+01   2.6176358E+03   1.1456647E-05   5.0971147E-06   1.1379534E-05
   8.1159420E-01   1.7455006E+03   2.7062024E+01   1.7725626E+03   2.2854307E-03   1.1538711E-05   2.2504658E-03
   8.2608696E-01   1.3825371E+03   0.0000000E+00   1.3825371E+03   1.1987757E-05   0.0000000E+00   1.1987757E-05
   8.4057971E-01   9.4063864E+02   0.0000000E+00   9.4063864E+02   1.4020121E-03   0.0000000E+00   1.4020121E-03
   8.5507246E-01   6.8067872E+02   1.2842995E+01   6.9352171E+02   2.6869334E-06   0.0000000E+00   2.6371753E-06
   8.6956522E-01   4.9252884E+02   0.0000000E+00   4.9252884E+02   8.7127522E-05   0.0000000E+00   8.7127522E-05
   8.8405797E-01   2.9812591E+02   0.0000000E+00   2.9812591E+02   1.1214692E-05   0.0000000E+00   1.1214692E-05
   8.9855072E-01   1.5888027E+02   0.0000000E+00   1.5888027E+02   4.3043070E-06   0.0000000E+00   4.3043070E-06
   9.1304348E-01   1.3230323E+02   2.4055133E+01   1.5635836E+02   1.6118279E-05   1.2588904E-05   1.2144040E-05
   9.2753623E-01   1.7759454E+02   0.0000000E+00   1.7759454E+02   1.9296808E-05   0.0000000E+00   1.9296808E-05
   9.4202899E-01   6.9944925E+01   0.0000000E+00   6.9944925E+01   4.5157568E-05   0.0000000E+00   4.5157568E-05
   9.5652174E-01   5.7404294E+01   0.0000000E+00   5.7404294E+01   1.0302150E-04   0.0000000E+00   1.0302150E-04
   9.7101449E-01   4.5238011E+01   0.0000000E+00   4.5238011E+01   9.3883591E-06   0.0000000E+00   9.3883591E-06
   9.8550725E-01   0.0000000E+00   0.0000000E+00   0.0000000E+00   0.0000000E+00   0.0000000E+00   0.0000000E+00
   1.0000000E+00   0.0000000E+00   0.0000000E+00   0.0000000E+00   0.0000000E+00   0.0000000E+00   0.0000000E+00
