   0.0000000E+00   2.2974576E+06   5.1283619E+06   7.4258195E+06   1.7858615E-03   2.1070854E-05   5.6612436E-04
   1.4492754E-02   2.3164010E+06   5.2609658E+06   7.5773668E+06   1.0861038E-04   3.6816896E-05   5.0891163E-05
   2.8985507E-02   2.2349443E+06   5.3473478E+06   7.5822921E+06   1.5487688E-04   9.9433745E-06   4.4377168E-05
   4.3478261E-02   2.2610863E+06   5.1647332E+06   7.4258195E+06   6.5914023E-05   1.2245657E-05   1.1967246E-05
   5.7971014E-02   2.2343760E+06   4.8737624E+06   7.1079490E+06   6.7850564E-05   1.0389278E-05   2.8444969E-05
   7.2463768E-02   2.2013766E+06   4.3492570E+06   6.5501790E+06   5.9529281E-05   2.5241549E-05   2.3206192E-05
   8.6956522E-02   2.2141066E+06   3.7632992E+06   5.9771533E+06   9.8288909E-05   3.1750203E-05   5.6262012E-05
   1.0144928E-01   2.1811992E+06   3.1481794E+06   5.3292703E+06   1.4614802E-04   6.0011742E-05   6.4176043E-05
   1.1594203E-01   2.1351125E+06   2.5557511E+06   4.6908637E+06   9.9506601E-05   2.8499047E-05   5.0880507E-05
   1.3043478E-01   2.1020458E+06   2.0221466E+06   4.1241082E+06   6.9076683E-05   1.1055348E-05   3.4502061E-05
   1.4492754E-01   2.0432370E+06   1.5908682E+06   3.6338778E+06   5.7541076E-05   3.6438236E-05   4.1549559E-05
   1.5942029E-01   1.9595760E+06   1.2324243E+06   3.1917247E+06   1.3410211E-04   6.4533747E-05   1.0720877E-04
   1.7391304E-01   1.8813339E+06   9.5519023E+05   2.8364610E+06   8.6105962E-05   7.5076893E-05   7.9538537E-05
   1.8840580E-01   1.7819052E+06   7.3465486E+05   2.5163852E+06   3.1335133E-05   5.0621288E-05   2.6690086E-05
   2.0289855E-01   1.6635026E+06   5.7328193E+05   2.2366763E+06   8.7850376E-05   3.1725600E-05   6.8823429E-05
   2.1739130E-01   1.5441158E+06   4.3574911E+05   1.9798144E+06   1.1853797E-04   7.2892904E-05   7.6503331E-05
   2.3188406E-01   1.4062172E+06   3.3856622E+05   1.7447834E+06   5.5356754E-05   3.1530193E-04   7.8569006E-05
   2.4637681E-01   1.2949720E+06   2.5923509E+05   1.5541625E+06   5.8809757E-05   1.1014666E-04   3.0695125E-05
   2.6086957E-01   1.1542435E+06   1.9840072E+05   1.3526021E+06   7.5763934E-05   1.2716469E-04   7.3126521E-05
   2.7536232E-01   1.0289665E+06   1.6331220E+05   1.1922389E+06   1.0554705E-04   4.9640029E-06   9.1764057E-05
   2.8985507E-01   9.1689927E+05   1.2370051E+05   1.0405998E+06   1.6634143E-04   1.1685124E-04   1.3343434E-04
   3.0434783E-01   8.0937103E+05   1.0251095E+05   9.1188198E+05   9.1887610E-05   5.5953145E-04   1.2711363E-04
   3.1884058E-01   7.0724387E+05   8.0423416E+04   7.8766728E+05   1.7844557E-04   9.3895192E-05   1.6790147E-04
   3.3333333E-01   6.1982861E+05   6.4177003E+04   6.8397267E+05   6.4258129E-05   5.2923969E-05   6.2729147E-05
   3.4782609E-01   5.3979267E+05   5.0263200E+04   5.9005587E+05   5.1417753E-05   2.6069827E-04   6.5170626E-05
   3.6231884E-01   4.7113036E+05   4.2796968E+04   5.1392733E+05   5.6034562E-05   2.5616272E-06   5.1508411E-05
   3.7681159E-01   4.1136359E+05   3.4156438E+04   4.4552003E+05   7.7835876E-05   3.7551014E-04   1.0052790E-04
   3.9130435E-01   3.4923242E+05   2.6969813E+04   3.7620223E+05   6.5106121E-05   2.8800679E-04   7.1939012E-05
   4.0579710E-01   3.0631505E+05   2.0729511E+04   3.2704457E+05   4.1375816E-05   2.4236301E-06   3.8601869E-05
   4.2028986E-01   2.6128851E+05   1.6905367E+04   2.7819388E+05   1.9796596E-04   1.6203287E-04   1.7965951E-04
   4.3478261E-01   2.2648749E+05   1.4245450E+04   2.4073294E+05   2.1708732E-04   2.3958625E-06   2.0423287E-04
   4.4927536E-01   1.9605826E+05   1.0314996E+04   2.0637325E+05   2.2523935E-04   1.4047069E-04   2.2073923E-04
   4.6376812E-01   1.6653632E+05   8.3114243E+03   1.7482406E+05   2.0730551E-04   1.1116533E-03   2.4856420E-04
   4.7826087E-01   1.4419959E+05   7.0951708E+03   1.5129476E+05   3.6961483E-04   1.2684949E-05   3.5257644E-04
   4.9275362E-01   1.2678718E+05   5.1481522E+03   1.3193533E+05   4.2222546E-04   4.6062232E-05   4.0595693E-04
   5.0724638E-01   1.0956872E+05   4.5464201E+03   1.1411514E+05   1.5223692E-04   3.1722717E-06   1.4626364E-04
   5.2173913E-01   9.3285805E+04   3.3887668E+03   9.6674572E+04   5.1993284E-04   2.6582783E-06   5.0162712E-04
   5.3623188E-01   8.1282619E+04   2.5599212E+03   8.3842540E+04   3.6791613E-04   2.3919446E-05   3.5715026E-04
   5.5072464E-01   7.0788559E+04   2.3330314E+03   7.3121590E+04   2.6734288E-04   6.1574025E-06   2.5888072E-04
   5.6521739E-01   6.1318384E+04   1.8846271E+03   6.3203011E+04   6.3330500E-04   5.4652720E-03   6.8069505E-04
   5.7971014E-01   5.2852134E+04   1.8375115E+03   5.4689645E+04   4.5278993E-04   7.6762344E-06   4.3753603E-04
   5.9420290E-01   4.4891278E+04   1.3676223E+03   4.6258900E+04   4.7747217E-04   3.7701062E-06   4.6343243E-04
   6.0869565E-01   3.9889424E+04   9.2010883E+02   4.0809533E+04   6.0446773E-04   3.7923437E-06   5.9091072E-04
   6.2318841E-01   3.5895573E+04   8.9871095E+02   3.6794284E+04   2.1830413E-04   2.2026522E-06   2.1293422E-04
   6.3768116E-01   3.0137254E+04   6.1996638E+02   3.0757221E+04   4.1073442E-04   2.0088111E-02   5.9794948E-04
   6.5217391E-01   2.5493630E+04   5.2199638E+02   2.6015626E+04   9.1831272E-04   1.7993527E-06   8.9988954E-04
   6.6666667E-01   2.3753398E+04   4.7770356E+02   2.4231101E+04   8.1196134E-04   6.8921448E-04   8.0925283E-04
   6.8115942E-01   1.9701154E+04   4.6753966E+02   2.0168693E+04   3.4217780E-04   3.7656137E-05   3.3465062E-04
   6.9565217E-01   1.7080648E+04   2.6836508E+02   1.7349013E+04   1.0359473E-03   8.6505482E-06   1.0200251E-03
   7.1014493E-01   1.4721741E+04   3.5567232E+02   1.5077414E+04   5.2406916E-04   7.2840974E-07   5.1172368E-04
   7.2463768E-01   1.3260392E+04   2.2732101E+02   1.3487713E+04   3.0232119E-04   4.1589872E-05   2.9688973E-04
   7.3913043E-01   1.1633487E+04   1.3371824E+02   1.1767205E+04   1.4936293E-03   1.1005894E-05   1.4767710E-03
   7.5362319E-01   1.0171158E+04   1.6029045E+02   1.0331448E+04   7.4993155E-04   3.4585556E-06   7.3825154E-04
   7.6811594E-01   9.3501847E+03   1.2867227E+02   9.4788570E+03   1.1161361E-03   1.7626581E-05   1.1012141E-03
   7.8260870E-01   8.1807498E+03   8.4192965E+01   8.2649427E+03   1.0918194E-03   4.0494675E-06   1.0807133E-03
   7.9710145E-01   6.6543058E+03   1.1021624E+02   6.7645220E+03   1.6900770E-03   3.0125539E-06   1.6625889E-03
   8.1159420E-01   5.6965561E+03   1.0824810E+02   5.8048042E+03   5.4274938E-04   1.0297612E-06   5.3262394E-04
   8.2608696E-01   5.0914588E+03   1.3293626E+02   5.2243950E+03   4.9342257E-04   4.4810699E-06   4.8088629E-04
   8.4057971E-01   4.3635181E+03   7.8386554E+01   4.4419047E+03   2.7357377E-04   2.6188376E-05   2.6828391E-04
   8.5507246E-01   3.5189805E+03   8.9900963E+01   3.6088815E+03   1.7430468E-06   4.3059225E-06   1.7676625E-06
   8.6956522E-01   3.4350730E+03   1.2628945E+01   3.4477019E+03   8.9845379E-04   4.6349318E-06   8.9516586E-04
   8.8405797E-01   2.8818838E+03   1.2421913E+01   2.8943057E+03   1.5155832E-03   8.2720949E-06   1.5090436E-03
   8.9855072E-01   1.9798926E+03   0.0000000E+00   1.9798926E+03   2.9849533E-03   0.0000000E+00   2.9849533E-03
   9.1304348E-01   2.0446863E+03   1.2027566E+01   2.0567139E+03   1.3526292E-03   2.3076549E-06   1.3447231E-03
   9.2753623E-01   1.4444356E+03   2.3679271E+01   1.4681148E+03   1.8560861E-03   2.2545455E-06   1.8261817E-03
   9.4202899E-01   1.2123787E+03   0.0000000E+00   1.2123787E+03   7.7476704E-06   0.0000000E+00   7.7476704E-06
   9.5652174E-01   9.6439214E+02   1.1480859E+01   9.7587300E+02   1.8480285E-05   8.2579159E-06   1.8206564E-05
   9.7101449E-01   5.7678464E+02   1.1309503E+01   5.8809414E+02   4.1578148E-06   9.4997039E-07   4.0868251E-06
   9.8550725E-01   2.8972285E+02   0.0000000E+00   2.8972285E+02   7.3967339E-03   0.0000000E+00   7.3967339E-03
   1.0000000E+00   0.0000000E+00   0.0000000E+00   0.0000000E+00   0.0000000E+00   0.0000000E+00   0.0000000E+00
