   0.0000000E+00   4.3124310E+07   2.5478138E+07   6.8602448E+07   2.4238242E-03   7.5840957E-04   1.6677379E-03
   1.4492754E-02   4.2215026E+07   2.5468288E+07   6.7683314E+07   1.5226892E-03   5.2695339E-04   1.1468495E-03
   2.8985507E-02   4.0144132E+07   2.3728903E+07   6.3872656E+07   1.7025826E-04   5.9751876E-05   9.3201042E-05
   4.3478261E-02   3.3973882E+07   1.8726199E+07   5.2699576E+07   1.1752458E-03   2.2432778E-04   7.6019605E-04
   5.7971014E-02   2.5022360E+07   1.2469504E+07   3.7491485E+07   7.7439349E-04   1.2265388E-04   5.5465305E-04
   7.2463768E-02   1.5329771E+07   6.5777606E+06   2.1907531E+07   1.2924092E-03   2.9827381E-04   8.9895856E-04
   8.6956522E-02   8.7862094E+06   3.4416400E+06   1.2227849E+07   2.9850549E-03   2.6918658E-04   2.1629611E-03
   1.0144928E-01   4.6189463E+06   1.7736451E+06   6.3925914E+06   4.7577545E-03   1.0727968E-03   3.3611298E-03
   1.1594203E-01   1.4257763E+06   5.4642287E+05   1.9721992E+06   1.5658601E-02   1.0483521E-03   1.1577089E-02
   1.3043478E-01   4.4201307E+04   1.3555067E+04   5.7756374E+04   9.2263346E-02   1.6626460E-02   7.4417511E-02
   1.4492754E-01   1.9852701E+04   5.8345725E+03   2.5687274E+04   9.5508481E-02   2.0399150E-02   7.8388500E-02
   1.5942029E-01   1.4603652E+04   3.8575686E+03   1.8461221E+04   1.3044401E-01   2.9076117E-02   1.0926199E-01
   1.7391304E-01   1.0545169E+04   3.2835256E+03   1.3828694E+04   1.3541699E-01   2.7082840E-02   1.0968338E-01
   1.8840580E-01   7.0527799E+03   1.9234854E+03   8.9762653E+03   1.7265297E-01   3.0631134E-02   1.4195650E-01
   2.0289855E-01   4.8711644E+03   1.6778455E+03   6.5490099E+03   1.3252643E-01   3.2782134E-02   1.0634590E-01
   2.1739130E-01   5.4051883E+03   1.0608314E+03   6.4660197E+03   1.5151490E-01   4.4999453E-02   1.3393886E-01
   2.3188406E-01   3.7886834E+03   1.1839636E+03   4.9726470E+03   1.5651172E-01   5.6538308E-02   1.3143795E-01
   2.4637681E-01   3.6995379E+03   5.3487295E+02   4.2344109E+03   1.4603448E-01   5.8265209E-05   1.2758106E-01
   2.6086957E-01   2.3153065E+03   9.2612261E+02   3.2414291E+03   1.8576642E-01   9.3805626E-02   1.5939455E-01
   2.7536232E-01   2.6720188E+03   6.7797493E+02   3.3499938E+03   1.7933711E-01   2.0111385E-02   1.4621643E-01
   2.8985507E-01   2.1595495E+03   5.6830251E+02   2.7278521E+03   1.3994078E-01   3.5443309E-02   1.1770587E-01
   3.0434783E-01   1.3350599E+03   5.7732319E+02   1.9123831E+03   9.9572285E-02   4.4982300E-02   8.2771069E-02
   3.1884058E-01   1.2743753E+03   1.0332773E+02   1.3777031E+03   1.2550690E-01   1.2183845E-01   1.2523046E-01
   3.3333333E-01   1.2848579E+03   2.6356059E+02   1.5484184E+03   1.8226413E-01   1.5077287E-01   1.7573389E-01
   3.4782609E-01   1.3891839E+03   2.2100653E+02   1.6101905E+03   1.4378427E-01   5.5854271E-02   1.3163524E-01
   3.6231884E-01   6.9711775E+02   1.5154734E+02   8.4866509E+02   1.5681922E-01   2.6862558E-02   1.3359360E-01
   3.7681159E-01   8.4516784E+02   2.0400603E+02   1.0491739E+03   2.0918683E-01   2.6611974E-02   1.7367822E-01
   3.9130435E-01   9.2612261E+02   1.1225729E+02   1.0383799E+03   1.6768753E-01   1.5992888E-05   1.4956086E-01
   4.0579710E-01   8.1186073E+02   5.4124049E+01   8.6598478E+02   1.0404774E-01   1.9268720E-01   1.0851716E-01
   4.2028986E-01   6.5322128E+02   1.0451540E+02   7.5773668E+02   1.4377304E-01   8.7258183E-02   1.3586863E-01
   4.3478261E-01   4.7989990E+02   7.5773668E+01   5.5567357E+02   2.0052199E-01   5.6065615E-02   1.7801084E-01
   4.4927536E-01   5.6219173E+02   7.3329357E+01   6.3552109E+02   7.2645162E-02   3.3452048E-06   6.4263411E-02
   4.6376812E-01   5.9198178E+02   7.1037814E+01   6.6301960E+02   9.2461900E-02   1.6263429E-01   9.9378334E-02
   4.7826087E-01   4.1331092E+02   4.5923435E+01   4.5923435E+02   1.5442799E-01   4.0879984E-01   1.7946231E-01
   4.9275362E-01   2.8972285E+02   1.1143187E+02   4.0115472E+02   1.5621623E-01   4.9144490E-02   1.2358957E-01
   5.0724638E-01   1.9484658E+02   6.4948859E+01   2.5979543E+02   2.1182043E-01   4.5748635E-06   1.5886418E-01
   5.2173913E-01   1.8943417E+02   2.1048241E+01   2.1048241E+02   1.6685439E-01   1.3740199E-05   1.5017031E-01
   5.3623188E-01   2.2527307E+02   2.0479370E+01   2.4575244E+02   1.9479917E-01   1.5875952E-05   1.7856722E-01
   5.5072464E-01   1.5952351E+02   3.9880878E+01   1.9940439E+02   1.1159296E-01   2.2208778E-05   8.9277799E-02
   5.6521739E-01   2.5257889E+02   3.8858291E+01   2.9143719E+02   1.5257188E-01   2.2928866E-01   1.6146953E-01
   5.7971014E-01   9.4717086E+01   0.0000000E+00   9.4717086E+01   2.0694435E-01   0.0000000E+00   2.0694435E-01
   5.9420290E-01   1.2936968E+02   0.0000000E+00   1.2936968E+02   1.0103230E-01   0.0000000E+00   1.0103230E-01
   6.0869565E-01   1.4433080E+02   1.8041350E+01   1.6237215E+02   1.6826067E-01   3.3381540E-05   1.4956874E-01
   6.2318841E-01   5.2865350E+01   1.7621783E+01   7.0487133E+01   2.1708666E-01   2.5945675E-06   1.6281556E-01
   6.3768116E-01   1.3777031E+02   1.7221288E+01   1.5499159E+02   1.0428827E-01   1.2641023E-05   9.2702091E-02
   6.5217391E-01   5.0515779E+01   0.0000000E+00   5.0515779E+01   2.5433817E-01   0.0000000E+00   2.5433817E-01
   6.6666667E-01   6.5890146E+01   3.2945073E+01   9.8835220E+01   5.9424777E-02   1.6918927E-01   9.5971792E-02
   6.8115942E-01   8.0610286E+01   0.0000000E+00   8.0610286E+01   2.2929953E-01   0.0000000E+00   2.2929953E-01
   6.9565217E-01   3.1572362E+01   0.0000000E+00   3.1572362E+01   1.2883809E-05   0.0000000E+00   1.2883809E-05
   7.1014493E-01   1.5464014E+01   0.0000000E+00   1.5464014E+01   8.7636393E-06   0.0000000E+00   8.7636393E-06
   7.2463768E-01   3.0309467E+01   0.0000000E+00   3.0309467E+01   1.0952450E-05   0.0000000E+00   1.0952450E-05
   7.3913043E-01   2.9715164E+01   0.0000000E+00   2.9715164E+01   7.5218657E-06   0.0000000E+00   7.5218657E-06
   7.5362319E-01   1.4571859E+01   0.0000000E+00   1.4571859E+01   5.1266720E-06   0.0000000E+00   5.1266720E-06
   7.6811594E-01   4.2890756E+01   0.0000000E+00   4.2890756E+01   9.1098398E-02   0.0000000E+00   9.1098398E-02
   7.8260870E-01   1.4032161E+01   0.0000000E+00   1.4032161E+01   1.5664364E-05   0.0000000E+00   1.5664364E-05
   7.9710145E-01   5.5108122E+01   0.0000000E+00   5.5108122E+01   2.9401451E-01   0.0000000E+00   2.9401451E-01
   8.1159420E-01   0.0000000E+00   0.0000000E+00   0.0000000E+00   0.0000000E+00   0.0000000E+00   0.0000000E+00
   8.2608696E-01   0.0000000E+00   0.0000000E+00   0.0000000E+00   0.0000000E+00   0.0000000E+00   0.0000000E+00
   8.4057971E-01   2.6128851E+01   0.0000000E+00   2.6128851E+01   7.5155389E-06   0.0000000E+00   7.5155389E-06
   8.5507246E-01   0.0000000E+00   0.0000000E+00   0.0000000E+00   0.0000000E+00   0.0000000E+00   0.0000000E+00
   8.6956522E-01   0.0000000E+00   0.0000000E+00   0.0000000E+00   0.0000000E+00   0.0000000E+00   0.0000000E+00
   8.8405797E-01   0.0000000E+00   0.0000000E+00   0.0000000E+00   0.0000000E+00   0.0000000E+00   0.0000000E+00
   8.9855072E-01   0.0000000E+00   0.0000000E+00   0.0000000E+00   0.0000000E+00   0.0000000E+00   0.0000000E+00
   9.1304348E-01   0.0000000E+00   0.0000000E+00   0.0000000E+00   0.0000000E+00   0.0000000E+00   0.0000000E+00
   9.2753623E-01   0.0000000E+00   0.0000000E+00   0.0000000E+00   0.0000000E+00   0.0000000E+00   0.0000000E+00
   9.4202899E-01   0.0000000E+00   0.0000000E+00   0.0000000E+00   0.0000000E+00   0.0000000E+00   0.0000000E+00
   9.5652174E-01   0.0000000E+00   0.0000000E+00   0.0000000E+00   0.0000000E+00   0.0000000E+00   0.0000000E+00
   9.7101449E-01   0.0000000E+00   0.0000000E+00   0.0000000E+00   0.0000000E+00   0.0000000E+00   0.0000000E+00
   9.8550725E-01   0.0000000E+00   0.0000000E+00   0.0000000E+00   0.0000000E+00   0.0000000E+00   0.0000000E+00
   1.0000000E+00   0.0000000E+00   0.0000000E+00   0.0000000E+00   0.0000000E+00   0.0000000E+00   0.0000000E+00
