   0.0000000E+00   8.5472698E+05   4.1220876E+05   1.2669357E+06   1.6967593E-02   1.0192965E-02   8.1311522E-03
   1.4492754E-02   8.5018056E+05   4.4327596E+05   1.2934565E+06   4.6044270E-04   3.2795582E-03   1.3693962E-03
   2.8985507E-02   7.0924154E+05   3.6144040E+05   1.0706819E+06   1.6097776E-03   2.1524788E-03   7.1359823E-04
   4.3478261E-02   4.0892523E+05   2.0761985E+05   6.1654508E+05   3.1861926E-03   4.3986206E-03   3.5065821E-03
   5.7971014E-02   2.4133913E+05   1.2957297E+05   3.7091211E+05   1.9025587E-03   2.7231084E-03   2.1890791E-03
   7.2463768E-02   5.4405494E+04   2.4702216E+04   7.9107710E+04   2.1402442E-02   2.8584416E-03   1.5173618E-02
   8.6956522E-02   1.4902155E+04   6.3144724E+03   2.1216627E+04   1.5819654E-02   1.4456998E-02   1.4872279E-02
   1.0144928E-01   6.4948859E+03   3.5721872E+03   1.0067073E+04   3.8375514E-02   3.7037727E-02   3.7259225E-02
   1.1594203E-01   3.1256638E+03   1.0418879E+03   4.1675518E+03   4.0680262E-02   5.6226185E-06   3.0510553E-02
   1.3043478E-01   8.4192965E+01   8.4192965E+01   1.6838593E+02   4.5660484E-02   7.4939314E-06   2.2832178E-02
   1.4492754E-01   7.5773668E+01   2.2732101E+02   3.0309467E+02   8.1760104E-06   1.0626669E-01   7.9698035E-02
   1.5942029E-01   2.0665546E+02   0.0000000E+00   2.0665546E+02   1.1511947E-01   0.0000000E+00   1.1511947E-01
   1.7391304E-01   0.0000000E+00   0.0000000E+00   0.0000000E+00   0.0000000E+00   0.0000000E+00   0.0000000E+00
   1.8840580E-01   5.8287437E+01   1.1657487E+02   1.7486231E+02   1.6699814E-06   2.6081890E-05   1.7911461E-05
   2.0289855E-01   5.4124049E+01   5.4124049E+01   1.0824810E+02   4.1976778E-01   4.2043116E-01   4.0902751E-01
   2.1739130E-01   1.5154734E+02   0.0000000E+00   1.5154734E+02   1.9200625E-01   0.0000000E+00   1.9200625E-01
   2.3188406E-01   4.7358543E+01   0.0000000E+00   4.7358543E+01   4.0870721E-01   0.0000000E+00   4.0870721E-01
   2.4637681E-01   4.4572746E+01   0.0000000E+00   4.4572746E+01   9.0781403E-07   0.0000000E+00   9.0781403E-07
   2.6086957E-01   1.2628945E+02   0.0000000E+00   1.2628945E+02   1.2009515E-01   0.0000000E+00   1.2009515E-01
   2.7536232E-01   0.0000000E+00   0.0000000E+00   0.0000000E+00   0.0000000E+00   0.0000000E+00   0.0000000E+00
   2.8985507E-01   1.1366050E+02   0.0000000E+00   1.1366050E+02   2.7479932E-01   0.0000000E+00   2.7479932E-01
   3.0434783E-01   0.0000000E+00   0.0000000E+00   0.0000000E+00   0.0000000E+00   0.0000000E+00   0.0000000E+00
   3.1884058E-01   6.8885153E+01   0.0000000E+00   6.8885153E+01   2.1348635E-01   0.0000000E+00   2.1348635E-01
   3.3333333E-01   3.2945073E+01   0.0000000E+00   3.2945073E+01   4.2554890E-01   0.0000000E+00   4.2554890E-01
   3.4782609E-01   0.0000000E+00   0.0000000E+00   0.0000000E+00   0.0000000E+00   0.0000000E+00   0.0000000E+00
   3.6231884E-01   0.0000000E+00   0.0000000E+00   0.0000000E+00   0.0000000E+00   0.0000000E+00   0.0000000E+00
   3.7681159E-01   0.0000000E+00   0.0000000E+00   0.0000000E+00   0.0000000E+00   0.0000000E+00   0.0000000E+00
   3.9130435E-01   2.8064322E+01   0.0000000E+00   2.8064322E+01   4.1319960E-01   0.0000000E+00   4.1319960E-01
   4.0579710E-01   0.0000000E+00   0.0000000E+00   0.0000000E+00   0.0000000E+00   0.0000000E+00   0.0000000E+00
   4.2028986E-01   0.0000000E+00   0.0000000E+00   0.0000000E+00   0.0000000E+00   0.0000000E+00   0.0000000E+00
   4.3478261E-01   0.0000000E+00   0.0000000E+00   0.0000000E+00   0.0000000E+00   0.0000000E+00   0.0000000E+00
   4.4927536E-01   0.0000000E+00   0.0000000E+00   0.0000000E+00   0.0000000E+00   0.0000000E+00   0.0000000E+00
   4.6376812E-01   0.0000000E+00   0.0000000E+00   0.0000000E+00   0.0000000E+00   0.0000000E+00   0.0000000E+00
   4.7826087E-01   0.0000000E+00   0.0000000E+00   0.0000000E+00   0.0000000E+00   0.0000000E+00   0.0000000E+00
   4.9275362E-01   0.0000000E+00   0.0000000E+00   0.0000000E+00   0.0000000E+00   0.0000000E+00   0.0000000E+00
   5.0724638E-01   0.0000000E+00   0.0000000E+00   0.0000000E+00   0.0000000E+00   0.0000000E+00   0.0000000E+00
   5.2173913E-01   0.0000000E+00   0.0000000E+00   0.0000000E+00   0.0000000E+00   0.0000000E+00   0.0000000E+00
   5.3623188E-01   0.0000000E+00   0.0000000E+00   0.0000000E+00   0.0000000E+00   0.0000000E+00   0.0000000E+00
   5.5072464E-01   3.9880878E+01   0.0000000E+00   3.9880878E+01   1.9646878E-01   0.0000000E+00   1.9646878E-01
   5.6521739E-01   0.0000000E+00   0.0000000E+00   0.0000000E+00   0.0000000E+00   0.0000000E+00   0.0000000E+00
   5.7971014E-01   0.0000000E+00   0.0000000E+00   0.0000000E+00   0.0000000E+00   0.0000000E+00   0.0000000E+00
   5.9420290E-01   0.0000000E+00   0.0000000E+00   0.0000000E+00   0.0000000E+00   0.0000000E+00   0.0000000E+00
   6.0869565E-01   0.0000000E+00   0.0000000E+00   0.0000000E+00   0.0000000E+00   0.0000000E+00   0.0000000E+00
   6.2318841E-01   0.0000000E+00   0.0000000E+00   0.0000000E+00   0.0000000E+00   0.0000000E+00   0.0000000E+00
   6.3768116E-01   0.0000000E+00   0.0000000E+00   0.0000000E+00   0.0000000E+00   0.0000000E+00   0.0000000E+00
   6.5217391E-01   0.0000000E+00   0.0000000E+00   0.0000000E+00   0.0000000E+00   0.0000000E+00   0.0000000E+00
   6.6666667E-01   0.0000000E+00   0.0000000E+00   0.0000000E+00   0.0000000E+00   0.0000000E+00   0.0000000E+00
   6.8115942E-01   0.0000000E+00   0.0000000E+00   0.0000000E+00   0.0000000E+00   0.0000000E+00   0.0000000E+00
   6.9565217E-01   0.0000000E+00   0.0000000E+00   0.0000000E+00   0.0000000E+00   0.0000000E+00   0.0000000E+00
   7.1014493E-01   0.0000000E+00   0.0000000E+00   0.0000000E+00   0.0000000E+00   0.0000000E+00   0.0000000E+00
   7.2463768E-01   0.0000000E+00   0.0000000E+00   0.0000000E+00   0.0000000E+00   0.0000000E+00   0.0000000E+00
   7.3913043E-01   0.0000000E+00   0.0000000E+00   0.0000000E+00   0.0000000E+00   0.0000000E+00   0.0000000E+00
   7.5362319E-01   0.0000000E+00   0.0000000E+00   0.0000000E+00   0.0000000E+00   0.0000000E+00   0.0000000E+00
   7.6811594E-01   0.0000000E+00   0.0000000E+00   0.0000000E+00   0.0000000E+00   0.0000000E+00   0.0000000E+00
   7.8260870E-01   0.0000000E+00   0.0000000E+00   0.0000000E+00   0.0000000E+00   0.0000000E+00   0.0000000E+00
   7.9710145E-01   0.0000000E+00   0.0000000E+00   0.0000000E+00   0.0000000E+00   0.0000000E+00   0.0000000E+00
   8.1159420E-01   0.0000000E+00   0.0000000E+00   0.0000000E+00   0.0000000E+00   0.0000000E+00   0.0000000E+00
   8.2608696E-01   0.0000000E+00   0.0000000E+00   0.0000000E+00   0.0000000E+00   0.0000000E+00   0.0000000E+00
   8.4057971E-01   0.0000000E+00   0.0000000E+00   0.0000000E+00   0.0000000E+00   0.0000000E+00   0.0000000E+00
   8.5507246E-01   0.0000000E+00   0.0000000E+00   0.0000000E+00   0.0000000E+00   0.0000000E+00   0.0000000E+00
   8.6956522E-01   0.0000000E+00   0.0000000E+00   0.0000000E+00   0.0000000E+00   0.0000000E+00   0.0000000E+00
   8.8405797E-01   0.0000000E+00   0.0000000E+00   0.0000000E+00   0.0000000E+00   0.0000000E+00   0.0000000E+00
   8.9855072E-01   0.0000000E+00   0.0000000E+00   0.0000000E+00   0.0000000E+00   0.0000000E+00   0.0000000E+00
   9.1304348E-01   0.0000000E+00   0.0000000E+00   0.0000000E+00   0.0000000E+00   0.0000000E+00   0.0000000E+00
   9.2753623E-01   0.0000000E+00   0.0000000E+00   0.0000000E+00   0.0000000E+00   0.0000000E+00   0.0000000E+00
   9.4202899E-01   0.0000000E+00   0.0000000E+00   0.0000000E+00   0.0000000E+00   0.0000000E+00   0.0000000E+00
   9.5652174E-01   1.1480859E+01   0.0000000E+00   1.1480859E+01   4.2462144E-05   0.0000000E+00   4.2462144E-05
   9.7101449E-01   0.0000000E+00   0.0000000E+00   0.0000000E+00   0.0000000E+00   0.0000000E+00   0.0000000E+00
   9.8550725E-01   0.0000000E+00   0.0000000E+00   0.0000000E+00   0.0000000E+00   0.0000000E+00   0.0000000E+00
   1.0000000E+00   0.0000000E+00   0.0000000E+00   0.0000000E+00   0.0000000E+00   0.0000000E+00   0.0000000E+00
