   0.0000000E+00   2.2429006E+05   1.3336166E+05   3.5765171E+05   0.0000000E+00   0.0000000E+00   0.0000000E+00
   1.4492754E-02   2.9930599E+05   1.5382055E+05   4.5312654E+05   0.0000000E+00   0.0000000E+00   0.0000000E+00
   2.8985507E-02   2.8983428E+05   1.4737979E+05   4.3721407E+05   0.0000000E+00   0.0000000E+00   0.0000000E+00
   4.3478261E-02   2.9551731E+05   1.5609376E+05   4.5161106E+05   0.0000000E+00   0.0000000E+00   0.0000000E+00
   5.7971014E-02   3.0404184E+05   1.4567488E+05   4.4971672E+05   0.0000000E+00   0.0000000E+00   0.0000000E+00
   7.2463768E-02   2.9218327E+05   1.4563699E+05   4.3782026E+05   0.0000000E+00   0.0000000E+00   0.0000000E+00
   8.6956522E-02   3.0587304E+05   1.4940042E+05   4.5527346E+05   0.0000000E+00   0.0000000E+00   0.0000000E+00
   1.0144928E-01   3.0233694E+05   1.5024836E+05   4.5258530E+05   0.0000000E+00   0.0000000E+00   0.0000000E+00
   1.1594203E-01   3.0669392E+05   1.4652733E+05   4.5322125E+05   0.0000000E+00   0.0000000E+00   0.0000000E+00
   1.3043478E-01   3.0427338E+05   1.5643053E+05   4.6070390E+05   0.0000000E+00   0.0000000E+00   0.0000000E+00
   1.4492754E-01   3.1968911E+05   1.5935202E+05   4.7904113E+05   0.0000000E+00   0.0000000E+00   0.0000000E+00
   1.5942029E-01   3.2107370E+05   1.5988244E+05   4.8095614E+05   0.0000000E+00   0.0000000E+00   0.0000000E+00
   1.7391304E-01   3.1578676E+05   1.6171364E+05   4.7750040E+05   0.0000000E+00   0.0000000E+00   0.0000000E+00
   1.8840580E-01   3.2780855E+05   1.6238880E+05   4.9019735E+05   0.0000000E+00   0.0000000E+00   0.0000000E+00
   2.0289855E-01   3.2447367E+05   1.6702681E+05   4.9150049E+05   0.0000000E+00   0.0000000E+00   0.0000000E+00
   2.1739130E-01   3.2961546E+05   1.6852064E+05   4.9813610E+05   0.0000000E+00   0.0000000E+00   0.0000000E+00
   2.3188406E-01   3.3709811E+05   1.6655999E+05   5.0361074E+05   0.0000000E+00   0.0000000E+00   0.0000000E+00
   2.4637681E-01   3.3964433E+05   1.6714780E+05   5.0679212E+05   0.0000000E+00   0.0000000E+00   0.0000000E+00
   2.6086957E-01   3.3967652E+05   1.7440573E+05   5.1408224E+05   0.0000000E+00   0.0000000E+00   0.0000000E+00
   2.7536232E-01   3.4309519E+05   1.7264432E+05   5.1573952E+05   0.0000000E+00   0.0000000E+00   0.0000000E+00
   2.8985507E-01   3.5386303E+05   1.6996034E+05   5.2382337E+05   0.0000000E+00   0.0000000E+00   0.0000000E+00
   3.0434783E-01   3.5238364E+05   1.6930002E+05   5.2161150E+05   0.0000000E+00   0.0000000E+00   0.0000000E+00
   3.1884058E-01   3.4928217E+05   1.7779258E+05   5.2704031E+05   0.0000000E+00   0.0000000E+00   0.0000000E+00
   3.3333333E-01   3.5261112E+05   1.8027544E+05   5.3288656E+05   0.0000000E+00   0.0000000E+00   0.0000000E+00
   3.4782609E-01   3.5275800E+05   1.7693152E+05   5.2965794E+05   0.0000000E+00   0.0000000E+00   0.0000000E+00
   3.6231884E-01   3.5786388E+05   1.8328135E+05   5.4114523E+05   0.0000000E+00   0.0000000E+00   0.0000000E+00
   3.7681159E-01   3.5365903E+05   1.7841785E+05   5.3204773E+05   0.0000000E+00   0.0000000E+00   0.0000000E+00
   3.9130435E-01   3.5588366E+05   1.7778748E+05   5.3353082E+05   0.0000000E+00   0.0000000E+00   0.0000000E+00
   4.0579710E-01   3.5832827E+05   1.8058489E+05   5.3891315E+05   0.0000000E+00   0.0000000E+00   0.0000000E+00
   4.2028986E-01   3.6133588E+05   1.7595168E+05   5.3715692E+05   0.0000000E+00   0.0000000E+00   0.0000000E+00
   4.3478261E-01   3.6138988E+05   1.8205887E+05   5.4339823E+05   0.0000000E+00   0.0000000E+00   0.0000000E+00
   4.4927536E-01   3.5601403E+05   1.7740816E+05   5.3339774E+05   0.0000000E+00   0.0000000E+00   0.0000000E+00
   4.6376812E-01   3.5388671E+05   1.7882586E+05   5.3268889E+05   0.0000000E+00   0.0000000E+00   0.0000000E+00
   4.7826087E-01   3.5790429E+05   1.7558826E+05   5.3340070E+05   0.0000000E+00   0.0000000E+00   0.0000000E+00
   4.9275362E-01   3.5323901E+05   1.7648579E+05   5.2970251E+05   0.0000000E+00   0.0000000E+00   0.0000000E+00
   5.0724638E-01   3.4806093E+05   1.7237427E+05   5.2041355E+05   0.0000000E+00   0.0000000E+00   0.0000000E+00
   5.2173913E-01   3.4091836E+05   1.7204832E+05   5.1292459E+05   0.0000000E+00   0.0000000E+00   0.0000000E+00
   5.3623188E-01   3.3494009E+05   1.7135089E+05   5.0625002E+05   0.0000000E+00   0.0000000E+00   0.0000000E+00
   5.5072464E-01   3.2979492E+05   1.6610386E+05   4.9583896E+05   0.0000000E+00   0.0000000E+00   0.0000000E+00
   5.6521739E-01   3.2549648E+05   1.6254423E+05   4.8790471E+05   0.0000000E+00   0.0000000E+00   0.0000000E+00
   5.7971014E-01   3.0815257E+05   1.5874584E+05   4.6682263E+05   0.0000000E+00   0.0000000E+00   0.0000000E+00
   5.9420290E-01   3.0791831E+05   1.5321066E+05   4.6109201E+05   0.0000000E+00   0.0000000E+00   0.0000000E+00
   6.0869565E-01   2.9705082E+05   1.4956279E+05   4.4655949E+05   0.0000000E+00   0.0000000E+00   0.0000000E+00
   6.2318841E-01   2.8623063E+05   1.4162627E+05   4.2782166E+05   0.0000000E+00   0.0000000E+00   0.0000000E+00
   6.3768116E-01   2.7504120E+05   1.3570375E+05   4.1067606E+05   0.0000000E+00   0.0000000E+00   0.0000000E+00
   6.5217391E-01   2.6557829E+05   1.3016232E+05   3.9569010E+05   0.0000000E+00   0.0000000E+00   0.0000000E+00
   6.6666667E-01   2.5125560E+05   1.2779394E+05   3.7903307E+05   0.0000000E+00   0.0000000E+00   0.0000000E+00
   6.8115942E-01   2.3767137E+05   1.2215683E+05   3.5979595E+05   0.0000000E+00   0.0000000E+00   0.0000000E+00
   6.9565217E-01   2.3006780E+05   1.1879101E+05   3.4882724E+05   0.0000000E+00   0.0000000E+00   0.0000000E+00
   7.1014493E-01   2.2065602E+05   1.1192853E+05   3.3253816E+05   0.0000000E+00   0.0000000E+00   0.0000000E+00
   7.2463768E-01   2.1024162E+05   1.0418879E+05   3.1441526E+05   0.0000000E+00   0.0000000E+00   0.0000000E+00
   7.3913043E-01   2.0082994E+05   1.0119499E+05   3.0198035E+05   0.0000000E+00   0.0000000E+00   0.0000000E+00
   7.5362319E-01   1.8647608E+05   9.2706169E+04   2.7910939E+05   0.0000000E+00   0.0000000E+00   0.0000000E+00
   7.6811594E-01   1.7350740E+05   8.7683002E+04   2.6114751E+05   0.0000000E+00   0.0000000E+00   0.0000000E+00
   7.8260870E-01   1.6125759E+05   8.0712989E+04   2.4195655E+05   0.0000000E+00   0.0000000E+00   0.0000000E+00
   7.9710145E-01   1.5431652E+05   7.7440689E+04   2.3175721E+05   0.0000000E+00   0.0000000E+00   0.0000000E+00
   8.1159420E-01   1.3900409E+05   7.2025578E+04   2.1098907E+05   0.0000000E+00   0.0000000E+00   0.0000000E+00
   8.2608696E-01   1.3074281E+05   6.5165355E+04   1.9589487E+05   0.0000000E+00   0.0000000E+00   0.0000000E+00
   8.4057971E-01   1.2024497E+05   6.0658128E+04   1.8089004E+05   0.0000000E+00   0.0000000E+00   0.0000000E+00
   8.5507246E-01   1.0992319E+05   5.4338710E+04   1.6426190E+05   0.0000000E+00   0.0000000E+00   0.0000000E+00
   8.6956522E-01   9.9200361E+04   4.9303400E+04   1.4850376E+05   0.0000000E+00   0.0000000E+00   0.0000000E+00
   8.8405797E-01   9.0356994E+04   4.5737483E+04   1.3606963E+05   0.0000000E+00   0.0000000E+00   0.0000000E+00
   8.9855072E-01   8.0662292E+04   3.9316757E+04   1.1997905E+05   0.0000000E+00   0.0000000E+00   0.0000000E+00
   9.1304348E-01   6.9134452E+04   3.4098151E+04   1.0323260E+05   0.0000000E+00   0.0000000E+00   0.0000000E+00
   9.2753623E-01   5.9707283E+04   3.0558100E+04   9.0265382E+04   0.0000000E+00   0.0000000E+00   0.0000000E+00
   9.4202899E-01   4.9252884E+04   2.4224259E+04   7.3477143E+04   0.0000000E+00   0.0000000E+00   0.0000000E+00
   9.5652174E-01   3.9643406E+04   1.9092668E+04   5.8736074E+04   0.0000000E+00   0.0000000E+00   0.0000000E+00
   9.7101449E-01   2.7425544E+04   1.3876760E+04   4.1302304E+04   0.0000000E+00   0.0000000E+00   0.0000000E+00
   9.8550725E-01   9.4828517E+03   4.8361430E+03   1.4318995E+04   0.0000000E+00   0.0000000E+00   0.0000000E+00
   1.0000000E+00   0.0000000E+00   0.0000000E+00   0.0000000E+00   0.0000000E+00   0.0000000E+00   0.0000000E+00
