   0.0000000E+00   4.0572253E+07   2.2810905E+07   6.3383158E+07   3.7851052E-03   1.1357765E-03   2.8017006E-03
   1.4492754E-02   4.0868528E+07   2.2956391E+07   6.3824919E+07   1.1308932E-03   9.2502203E-04   7.8464551E-04
   2.8985507E-02   3.9889153E+07   2.2129700E+07   6.2018096E+07   5.9908601E-04   2.7606737E-04   4.2163041E-04
   4.3478261E-02   3.4193120E+07   1.8350109E+07   5.2542977E+07   4.2725204E-04   4.9351415E-05   2.6534617E-04
   5.7971014E-02   2.5292114E+07   1.2632228E+07   3.7923774E+07   1.0967858E-03   3.2973072E-04   6.5155134E-04
   7.2463768E-02   1.5249602E+07   7.0161871E+06   2.2265486E+07   1.3158725E-03   2.9197346E-04   9.3123209E-04
   8.6956522E-02   8.8138668E+06   3.8710241E+06   1.2684765E+07   3.2703929E-03   7.2436706E-04   2.4126572E-03
   1.0144928E-01   4.6306371E+06   2.0345230E+06   6.6651601E+06   4.4679460E-03   3.1798539E-04   3.1847442E-03
   1.1594203E-01   1.4321223E+06   6.2664824E+05   2.0587706E+06   1.7453247E-02   3.1364297E-03   1.3054140E-02
   1.3043478E-01   4.2517447E+04   1.7680523E+04   6.0197970E+04   1.1280432E-01   2.5231820E-02   8.6795845E-02
   1.4492754E-01   2.2277459E+04   6.9711775E+03   2.9248636E+04   1.4226488E-01   4.0035424E-02   1.1773765E-01
   1.5942029E-01   1.4948078E+04   4.7530756E+03   1.9701154E+04   1.4614293E-01   3.5892386E-02   1.1947348E-01
   1.7391304E-01   8.1456694E+03   3.0940915E+03   1.1239761E+04   1.6607951E-01   2.9621217E-02   1.2718761E-01
   1.8840580E-01   6.2367558E+03   2.3897849E+03   8.6265407E+03   1.9344627E-01   3.2597054E-02   1.4841910E-01
   2.0289855E-01   4.0593037E+03   1.9484658E+03   6.0077694E+03   1.8704246E-01   3.9399480E-02   1.3866725E-01
   2.1739130E-01   3.6371361E+03   1.3639260E+03   5.0010621E+03   1.8368888E-01   5.3363690E-02   1.4809172E-01
   2.3188406E-01   2.7941540E+03   9.4717086E+02   3.7413249E+03   1.8312650E-01   5.5647171E-02   1.5085302E-01
   2.4637681E-01   2.2286373E+03   5.3487295E+02   2.7635103E+03   2.1184637E-01   1.5095872E-01   1.9866812E-01
   2.6086957E-01   1.6838593E+03   4.2096482E+02   2.1048241E+03   2.2535104E-01   1.4366334E-06   1.8028102E-01
   2.7536232E-01   1.3958307E+03   5.9821317E+02   1.9940439E+03   2.1856533E-01   2.2697248E-02   1.5847954E-01
   2.8985507E-01   1.4018129E+03   2.6520784E+02   1.6670207E+03   1.4669372E-01   1.1316128E-01   1.4135524E-01
   3.0434783E-01   1.0463983E+03   1.8041350E+02   1.2268118E+03   2.6297557E-01   8.5070812E-06   2.2430394E-01
   3.1884058E-01   1.1366050E+03   2.7554061E+02   1.4121456E+03   1.2925044E-01   1.1658999E-01   1.2532141E-01
   3.3333333E-01   8.2362683E+02   1.9767044E+02   1.0212973E+03   2.0558060E-01   1.2838671E-01   1.9063984E-01
   3.4782609E-01   7.5773668E+02   1.2628945E+02   8.8402613E+02   2.0272296E-01   3.2515289E-06   1.7376273E-01
   3.6231884E-01   6.3649881E+02   1.2123787E+02   7.5773668E+02   1.8924172E-01   3.6688520E-05   1.5895736E-01
   3.7681159E-01   5.8287437E+02   2.0400603E+02   7.8688040E+02   2.3324446E-01   3.7622530E-02   1.8214049E-01
   3.9130435E-01   4.2096482E+02   1.4032161E+02   5.6128643E+02   1.6237817E-01   8.4734930E-02   1.4282336E-01
   4.0579710E-01   4.3299239E+02   1.3531012E+02   5.6830251E+02   2.4993798E-01   7.4354322E-02   2.0785380E-01
   4.2028986E-01   3.6580392E+02   1.5677311E+02   5.2257702E+02   2.9125625E-01   2.8933778E-02   2.1255626E-01
   4.3478261E-01   3.0309467E+02   1.0103156E+02   4.0412623E+02   2.7461421E-01   9.5589493E-02   2.2496637E-01
   4.4927536E-01   2.4443119E+02   7.3329357E+01   3.1776054E+02   1.8969200E-01   5.3163533E-02   1.5615830E-01
   4.6376812E-01   2.6047199E+02   9.4717086E+01   3.5518907E+02   1.7302789E-01   7.4208332E-02   1.4537474E-01
   4.7826087E-01   2.0665546E+02   6.8885153E+01   2.7554061E+02   2.5845249E-01   4.0726828E-06   1.9384038E-01
   4.9275362E-01   1.3371824E+02   6.6859119E+01   2.0057736E+02   2.1579069E-01   4.4343187E-06   1.4386190E-01
   5.0724638E-01   3.2474429E+02   8.6598478E+01   4.1134277E+02   2.1042435E-01   7.0593556E-02   1.8092842E-01
   5.2173913E-01   2.7362714E+02   8.4192965E+01   3.5782010E+02   2.1756669E-01   2.3230699E-06   1.6637399E-01
   5.3623188E-01   1.6383496E+02   4.0958740E+01   2.0479370E+02   1.0443636E-01   6.2498455E-03   8.4270478E-02
   5.5072464E-01   1.3958307E+02   1.9940439E+01   1.5952351E+02   2.5389784E-01   1.8762580E-06   2.2216084E-01
   5.6521739E-01   2.3314975E+02   1.9429146E+01   2.5257889E+02   2.4623161E-01   4.1997323E-06   2.2729040E-01
   5.7971014E-01   5.6830251E+01   3.7886834E+01   9.4717086E+01   1.0306470E-01   1.6426530E-01   1.2224213E-01
   5.9420290E-01   1.6633244E+02   1.8481383E+01   1.8481383E+02   1.8340542E-01   4.0915680E-01   2.0536152E-01
   6.0869565E-01   1.2628945E+02   1.8041350E+01   1.4433080E+02   2.3304373E-01   1.1000552E-05   2.0391423E-01
   6.2318841E-01   8.8108917E+01   1.7621783E+01   1.0573070E+02   1.7254327E-01   7.3738235E-06   1.4378723E-01
   6.3768116E-01   1.2054902E+02   1.7221288E+01   1.3777031E+02   1.1073092E-01   4.0341824E-06   9.6890051E-02
   6.5217391E-01   1.6838593E+02   0.0000000E+00   1.6838593E+02   1.7400509E-01   0.0000000E+00   1.7400509E-01
   6.6666667E-01   9.8835220E+01   0.0000000E+00   9.8835220E+01   8.7262531E-02   0.0000000E+00   8.7262531E-02
   6.8115942E-01   4.8366171E+01   3.2244114E+01   8.0610286E+01   2.7471748E-01   7.9346908E-07   1.6483018E-01
   6.9565217E-01   9.4717086E+01   0.0000000E+00   9.4717086E+01   2.5270845E-01   0.0000000E+00   2.5270845E-01
   7.1014493E-01   6.1856056E+01   3.0928028E+01   9.2784084E+01   2.0372276E-01   1.4625257E-05   1.3581958E-01
   7.2463768E-01   1.5154734E+01   3.0309467E+01   4.5464201E+01   4.2639406E-01   1.8038968E-01   2.5458127E-01
   7.3913043E-01   5.9430328E+01   1.4857582E+01   7.4287910E+01   1.7563201E-01   1.1222760E-05   1.4050343E-01
   7.5362319E-01   2.9143719E+01   1.4571859E+01   4.3715578E+01   3.3299641E-01   3.7244398E-01   3.4448126E-01
   7.6811594E-01   4.2890756E+01   1.4296919E+01   5.7187674E+01   8.4450036E-02   3.4836743E-05   6.3342703E-02
   7.8260870E-01   9.8225126E+01   1.4032161E+01   1.1225729E+02   1.6693124E-01   5.2848282E-06   1.4606418E-01
   7.9710145E-01   5.5108122E+01   1.3777031E+01   6.8885153E+01   1.4550844E-01   4.9471881E-05   1.1641648E-01
   8.1159420E-01   4.0593037E+01   0.0000000E+00   4.0593037E+01   3.0176907E-01   0.0000000E+00   3.0176907E-01
   8.2608696E-01   5.3174504E+01   0.0000000E+00   5.3174504E+01   1.8436360E-01   0.0000000E+00   1.8436360E-01
   8.4057971E-01   5.2257702E+01   0.0000000E+00   5.2257702E+01   2.3645177E-01   0.0000000E+00   2.3645177E-01
   8.5507246E-01   3.8528984E+01   0.0000000E+00   3.8528984E+01   2.6940886E-01   0.0000000E+00   2.6940886E-01
   8.6956522E-01   2.5257889E+01   0.0000000E+00   2.5257889E+01   1.7222820E-01   0.0000000E+00   1.7222820E-01
   8.8405797E-01   3.7265739E+01   1.2421913E+01   4.9687651E+01   3.0659584E-01   1.0567049E-05   2.2994952E-01
   8.9855072E-01   2.4443119E+01   1.2221559E+01   3.6664678E+01   5.5198487E-06   4.6458098E-01   1.5485674E-01
   9.1304348E-01   0.0000000E+00   0.0000000E+00   0.0000000E+00   0.0000000E+00   0.0000000E+00   0.0000000E+00
   9.2753623E-01   1.1839636E+01   0.0000000E+00   1.1839636E+01   7.4268607E-06   0.0000000E+00   7.4268607E-06
   9.4202899E-01   2.3314975E+01   0.0000000E+00   2.3314975E+01   2.5207046E-01   0.0000000E+00   2.5207046E-01
   9.5652174E-01   1.1480859E+01   1.1480859E+01   2.2961718E+01   3.6714929E-06   1.1988987E-05   7.8265760E-06
   9.7101449E-01   0.0000000E+00   0.0000000E+00   0.0000000E+00   0.0000000E+00   0.0000000E+00   0.0000000E+00
   9.8550725E-01   1.1143187E+01   0.0000000E+00   1.1143187E+01   4.6501651E-01   0.0000000E+00   4.6501651E-01
   1.0000000E+00   0.0000000E+00   0.0000000E+00   0.0000000E+00   0.0000000E+00   0.0000000E+00   0.0000000E+00
