   0.0000000E+00   4.6561404E+07   3.3892046E+07   8.0453450E+07   1.9626647E-03   9.5238995E-04   1.0043333E-03
   1.4492754E-02   4.5543763E+07   3.2428099E+07   7.7971863E+07   8.8708848E-04   2.3712876E-04   5.7258875E-04
   2.8985507E-02   4.1505406E+07   2.7924870E+07   6.9429897E+07   1.2746884E-03   6.7172830E-05   7.8751693E-04
   4.3478261E-02   3.4346688E+07   1.9908268E+07   5.4254199E+07   6.9661892E-04   8.5509900E-05   4.7303327E-04
   5.7971014E-02   2.4731768E+07   1.1875249E+07   3.6606828E+07   2.5017415E-04   2.9734902E-04   2.4944702E-04
   7.2463768E-02   1.4950145E+07   5.4825280E+06   2.0432673E+07   8.8180254E-04   3.5434077E-05   6.5376607E-04
   8.6956522E-02   8.5494167E+06   2.4839871E+06   1.1033404E+07   6.7356426E-04   7.7279190E-04   5.6260976E-04
   1.0144928E-01   4.3438879E+06   1.1424504E+06   5.4863383E+06   2.4255922E-03   1.3668687E-03   2.1828799E-03
   1.1594203E-01   1.2750814E+06   3.2971017E+05   1.6047916E+06   1.1484711E-02   2.1786983E-03   9.4936351E-03
   1.3043478E-01   3.9654886E+04   6.8196302E+03   4.6474517E+04   7.1533910E-02   1.3823005E-02   6.1921377E-02
   1.4492754E-01   2.5081084E+04   4.3190991E+03   2.9400183E+04   1.0297487E-01   1.7914195E-02   8.9921406E-02
   1.5942029E-01   1.7221288E+04   2.5487507E+03   1.9770039E+04   9.8000847E-02   2.3331762E-02   8.8353254E-02
   1.7391304E-01   1.3512971E+04   2.4626442E+03   1.5975615E+04   8.5941125E-02   2.1354806E-02   7.5754516E-02
   1.8840580E-01   1.0025439E+04   1.3988985E+03   1.1424338E+04   8.6167061E-02   4.5246723E-02   7.9932004E-02
   2.0289855E-01   7.1984985E+03   1.2989772E+03   8.4974757E+03   1.0594630E-01   2.9069200E-02   9.4008895E-02
   2.1739130E-01   5.8093146E+03   8.0825246E+02   6.6175670E+03   1.0334446E-01   2.7888752E-02   9.3816131E-02
   2.3188406E-01   5.8251008E+03   8.5245377E+02   6.6775545E+03   7.6041947E-02   7.4537479E-06   6.6335345E-02
   2.4637681E-01   4.6355656E+03   4.4572746E+02   5.0812931E+03   6.3965581E-02   1.3101246E-05   5.8353417E-02
   2.6086957E-01   3.5782010E+03   3.3677186E+02   3.9149729E+03   1.0932391E-01   4.8269839E-02   1.0382148E-01
   2.7536232E-01   3.0309467E+03   1.1964263E+02   3.1505894E+03   8.1641051E-02   1.2175982E-01   8.3109437E-02
   2.8985507E-01   1.9322285E+03   4.5464201E+02   2.3868706E+03   8.2096179E-02   2.6809058E-02   7.1322107E-02
   3.0434783E-01   1.7680523E+03   1.8041350E+02   1.9484658E+03   8.9368573E-02   1.1068943E-05   8.1092683E-02
   3.1884058E-01   1.2743753E+03   1.7221288E+02   1.4465882E+03   9.8204328E-02   1.4183596E-05   8.6511820E-02
   3.3333333E-01   9.8835220E+02   3.2945073E+01   1.0212973E+03   1.1398432E-01   4.3508156E-06   1.1030754E-01
   3.4782609E-01   1.2944668E+03   3.1572362E+01   1.3260392E+03   6.3078176E-02   4.4738268E-01   7.1955208E-02
   3.6231884E-01   4.8495148E+02   6.0618935E+01   5.4557041E+02   6.0618202E-02   4.0154161E-06   5.3882409E-02
   3.7681159E-01   5.2458694E+02   0.0000000E+00   5.2458694E+02   3.2776244E-02   0.0000000E+00   3.2776244E-02
   3.9130435E-01   1.1225729E+02   0.0000000E+00   1.1225729E+02   1.0630591E-04   0.0000000E+00   1.0630591E-04
   4.0579710E-01   1.6237215E+02   2.7062024E+01   1.8943417E+02   1.2622348E-01   1.0080019E-04   1.0820576E-01
   4.2028986E-01   1.5677311E+02   2.6128851E+01   1.8290196E+02   6.0841893E-02   7.7153294E-05   5.2161081E-02
   4.3478261E-01   1.2628945E+02   0.0000000E+00   1.2628945E+02   7.3654154E-02   0.0000000E+00   7.3654154E-02
   4.4927536E-01   0.0000000E+00   0.0000000E+00   0.0000000E+00   0.0000000E+00   0.0000000E+00   0.0000000E+00
   4.6376812E-01   9.4717086E+01   0.0000000E+00   9.4717086E+01   4.9680999E-06   0.0000000E+00   4.9680999E-06
   4.7826087E-01   6.8885153E+01   0.0000000E+00   6.8885153E+01   1.2164808E-05   0.0000000E+00   1.2164808E-05
   4.9275362E-01   0.0000000E+00   0.0000000E+00   0.0000000E+00   0.0000000E+00   0.0000000E+00   0.0000000E+00
   5.0724638E-01   0.0000000E+00   0.0000000E+00   0.0000000E+00   0.0000000E+00   0.0000000E+00   0.0000000E+00
   5.2173913E-01   0.0000000E+00   0.0000000E+00   0.0000000E+00   0.0000000E+00   0.0000000E+00   0.0000000E+00
   5.3623188E-01   2.0479370E+01   2.0479370E+01   4.0958740E+01   1.1321663E-05   1.5783811E-05   2.5450668E-06
   5.5072464E-01   1.9940439E+01   0.0000000E+00   1.9940439E+01   1.1596750E-05   0.0000000E+00   1.1596750E-05
   5.6521739E-01   0.0000000E+00   0.0000000E+00   0.0000000E+00   0.0000000E+00   0.0000000E+00   0.0000000E+00
   5.7971014E-01   0.0000000E+00   0.0000000E+00   0.0000000E+00   0.0000000E+00   0.0000000E+00   0.0000000E+00
   5.9420290E-01   0.0000000E+00   0.0000000E+00   0.0000000E+00   0.0000000E+00   0.0000000E+00   0.0000000E+00
   6.0869565E-01   0.0000000E+00   0.0000000E+00   0.0000000E+00   0.0000000E+00   0.0000000E+00   0.0000000E+00
   6.2318841E-01   0.0000000E+00   0.0000000E+00   0.0000000E+00   0.0000000E+00   0.0000000E+00   0.0000000E+00
   6.3768116E-01   1.7221288E+01   0.0000000E+00   1.7221288E+01   7.8084692E-06   0.0000000E+00   7.8084692E-06
   6.5217391E-01   0.0000000E+00   0.0000000E+00   0.0000000E+00   0.0000000E+00   0.0000000E+00   0.0000000E+00
   6.6666667E-01   0.0000000E+00   0.0000000E+00   0.0000000E+00   0.0000000E+00   0.0000000E+00   0.0000000E+00
   6.8115942E-01   0.0000000E+00   0.0000000E+00   0.0000000E+00   0.0000000E+00   0.0000000E+00   0.0000000E+00
   6.9565217E-01   0.0000000E+00   0.0000000E+00   0.0000000E+00   0.0000000E+00   0.0000000E+00   0.0000000E+00
   7.1014493E-01   0.0000000E+00   0.0000000E+00   0.0000000E+00   0.0000000E+00   0.0000000E+00   0.0000000E+00
   7.2463768E-01   0.0000000E+00   0.0000000E+00   0.0000000E+00   0.0000000E+00   0.0000000E+00   0.0000000E+00
   7.3913043E-01   0.0000000E+00   0.0000000E+00   0.0000000E+00   0.0000000E+00   0.0000000E+00   0.0000000E+00
   7.5362319E-01   0.0000000E+00   0.0000000E+00   0.0000000E+00   0.0000000E+00   0.0000000E+00   0.0000000E+00
   7.6811594E-01   0.0000000E+00   0.0000000E+00   0.0000000E+00   0.0000000E+00   0.0000000E+00   0.0000000E+00
   7.8260870E-01   1.4032161E+01   0.0000000E+00   1.4032161E+01   8.1562256E-06   0.0000000E+00   8.1562256E-06
   7.9710145E-01   0.0000000E+00   0.0000000E+00   0.0000000E+00   0.0000000E+00   0.0000000E+00   0.0000000E+00
   8.1159420E-01   0.0000000E+00   0.0000000E+00   0.0000000E+00   0.0000000E+00   0.0000000E+00   0.0000000E+00
   8.2608696E-01   1.3293626E+01   0.0000000E+00   1.3293626E+01   1.4671243E-06   0.0000000E+00   1.4671243E-06
   8.4057971E-01   0.0000000E+00   0.0000000E+00   0.0000000E+00   0.0000000E+00   0.0000000E+00   0.0000000E+00
   8.5507246E-01   0.0000000E+00   0.0000000E+00   0.0000000E+00   0.0000000E+00   0.0000000E+00   0.0000000E+00
   8.6956522E-01   0.0000000E+00   0.0000000E+00   0.0000000E+00   0.0000000E+00   0.0000000E+00   0.0000000E+00
   8.8405797E-01   0.0000000E+00   0.0000000E+00   0.0000000E+00   0.0000000E+00   0.0000000E+00   0.0000000E+00
   8.9855072E-01   0.0000000E+00   0.0000000E+00   0.0000000E+00   0.0000000E+00   0.0000000E+00   0.0000000E+00
   9.1304348E-01   0.0000000E+00   0.0000000E+00   0.0000000E+00   0.0000000E+00   0.0000000E+00   0.0000000E+00
   9.2753623E-01   0.0000000E+00   0.0000000E+00   0.0000000E+00   0.0000000E+00   0.0000000E+00   0.0000000E+00
   9.4202899E-01   1.1657487E+01   0.0000000E+00   1.1657487E+01   7.8261001E-06   0.0000000E+00   7.8261001E-06
   9.5652174E-01   0.0000000E+00   0.0000000E+00   0.0000000E+00   0.0000000E+00   0.0000000E+00   0.0000000E+00
   9.7101449E-01   0.0000000E+00   0.0000000E+00   0.0000000E+00   0.0000000E+00   0.0000000E+00   0.0000000E+00
   9.8550725E-01   0.0000000E+00   0.0000000E+00   0.0000000E+00   0.0000000E+00   0.0000000E+00   0.0000000E+00
   1.0000000E+00   0.0000000E+00   0.0000000E+00   0.0000000E+00   0.0000000E+00   0.0000000E+00   0.0000000E+00
