   0.0000000E+00   4.7634359E+07   2.4471864E+07   7.2106223E+07   1.8145501E-03   3.4591756E-03   2.2493889E-03
   1.4492754E-02   4.8567133E+07   2.4677211E+07   7.3244343E+07   6.6687404E-04   4.8185329E-04   5.9445029E-04
   2.8985507E-02   4.6167760E+07   2.3329955E+07   6.9496957E+07   3.2519829E-04   2.5968987E-04   3.0215000E-04
   4.3478261E-02   3.7246294E+07   1.8693111E+07   5.5939406E+07   6.4855691E-04   2.3408518E-04   5.0923213E-04
   5.7971014E-02   2.4670580E+07   1.2396951E+07   3.7066963E+07   4.6681850E-04   4.8541804E-04   4.7267233E-04
   7.2463768E-02   1.3192953E+07   6.5642729E+06   1.9756772E+07   8.1297628E-04   1.7932671E-03   1.1002912E-03
   8.6956522E-02   7.1337120E+06   3.5266328E+06   1.0660345E+07   2.7672440E-03   1.4002799E-03   2.1618679E-03
   1.0144928E-01   3.8115238E+06   1.8987799E+06   5.7103037E+06   4.8392541E-03   5.1346871E-03   4.9320268E-03
   1.1594203E-01   1.3536019E+06   6.7618527E+05   2.0297871E+06   1.8593127E-02   1.3227481E-02   1.6713974E-02
   1.3043478E-01   3.1572362E+04   1.4312804E+04   4.5885166E+04   7.4956512E-02   8.5629715E-02   7.8274099E-02
   1.4492754E-01   1.3866581E+04   6.6680828E+03   2.0534664E+04   1.1025290E-01   1.3863093E-01   1.1922974E-01
   1.5942029E-01   8.0595629E+03   4.2708795E+03   1.2330442E+04   1.4626231E-01   1.2583525E-01   1.3892598E-01
   1.7391304E-01   7.6405116E+03   3.2835256E+03   1.0924037E+04   1.4370112E-01   1.1056389E-01   1.3362094E-01
   1.8840580E-01   4.4298452E+03   1.9817729E+03   6.4116181E+03   1.6234056E-01   1.6207933E-01   1.6222154E-01
   2.0289855E-01   2.5979543E+03   1.5695974E+03   4.1675518E+03   1.5012472E-01   1.4596091E-01   1.4853234E-01
   2.1739130E-01   2.4247574E+03   1.6165049E+03   4.0412623E+03   2.1316895E-01   2.3426744E-01   2.2101507E-01
   2.3188406E-01   2.2258515E+03   8.5245377E+02   3.0783053E+03   2.1590241E-01   2.0345059E-01   2.1243817E-01
   2.4637681E-01   1.6046189E+03   5.3487295E+02   2.1394918E+03   1.9624084E-01   2.2295603E-01   2.0289423E-01
   2.6086957E-01   1.3891839E+03   6.7354372E+02   2.0627276E+03   2.3270729E-01   1.5519822E-01   2.0722835E-01
   2.7536232E-01   1.1166646E+03   7.1785581E+02   1.8345204E+03   1.4648200E-01   2.5217992E-01   1.8732806E-01
   2.8985507E-01   7.1984985E+02   2.6520784E+02   9.8505769E+02   1.2806945E-01   2.4157428E-01   1.5848416E-01
   3.0434783E-01   4.6907509E+02   3.6082699E+02   8.2990208E+02   1.9223791E-01   3.6274009E-01   2.6551493E-01
   3.1884058E-01   6.5440895E+02   3.0998319E+02   9.6439214E+02   2.2325314E-01   1.6988207E-01   2.0475668E-01
   3.3333333E-01   7.2479161E+02   3.2945073E+01   7.5773668E+02   2.0133899E-01   4.0064624E-01   2.0899907E-01
   3.4782609E-01   4.1044070E+02   1.5786181E+02   5.6830251E+02   2.8695595E-01   2.0742108E-01   2.6097254E-01
   3.6231884E-01   2.1216627E+02   3.3340414E+02   5.4557041E+02   2.8392197E-01   3.0507567E-01   2.9684647E-01
   3.7681159E-01   1.1657487E+02   1.1657487E+02   2.3314975E+02   1.0530827E-01   2.9626651E-01   1.9876443E-01
   3.9130435E-01   3.0870754E+02   5.6128643E+01   3.6483618E+02   3.1119788E-01   3.0980402E-01   3.1055495E-01
   4.0579710E-01   1.6237215E+02   5.4124049E+01   2.1649620E+02   3.5953296E-01   4.3022436E-01   3.7693179E-01
   4.2028986E-01   2.3515966E+02   5.2257702E+01   2.8741736E+02   2.2309883E-01   2.2073625E-01   2.2250930E-01
   4.3478261E-01   1.2628945E+02   7.5773668E+01   2.0206312E+02   2.0217598E-01   2.6174277E-01   2.2185348E-01
   4.4927536E-01   1.2221559E+02   1.2221559E+02   2.4443119E+02   3.7466696E-01   2.4369031E-01   3.0907347E-01
   4.6376812E-01   4.7358543E+01   4.7358543E+01   9.4717086E+01   1.8859212E-01   3.4873411E-01   2.6673768E-01
   4.7826087E-01   1.1480859E+02   0.0000000E+00   1.1480859E+02   2.8784086E-01   0.0000000E+00   2.8784086E-01
   4.9275362E-01   2.2286373E+01   4.4572746E+01   6.6859119E+01   3.1353810E-01   1.6119957E-01   2.0959876E-01
   5.0724638E-01   4.3299239E+01   2.1649620E+01   6.4948859E+01   4.0249711E-01   4.3728229E-01   4.1407809E-01
   5.2173913E-01   4.2096482E+01   0.0000000E+00   4.2096482E+01   2.2598505E-01   0.0000000E+00   2.2598505E-01
   5.3623188E-01   1.0239685E+02   6.1438110E+01   1.6383496E+02   2.2839007E-01   3.2572699E-01   2.6475703E-01
   5.5072464E-01   3.9880878E+01   0.0000000E+00   3.9880878E+01   2.7101357E-01   0.0000000E+00   2.7101357E-01
   5.6521739E-01   3.8858291E+01   0.0000000E+00   3.8858291E+01   9.8298823E-02   0.0000000E+00   9.8298823E-02
   5.7971014E-01   3.7886834E+01   0.0000000E+00   3.7886834E+01   3.8222777E-01   0.0000000E+00   3.8222777E-01
   5.9420290E-01   7.3925530E+01   1.8481383E+01   9.2406913E+01   2.2917011E-01   3.6442922E-01   2.5458240E-01
   6.0869565E-01   0.0000000E+00   0.0000000E+00   0.0000000E+00   0.0000000E+00   0.0000000E+00   0.0000000E+00
   6.2318841E-01   1.7621783E+01   1.7621783E+01   3.5243567E+01   1.5263451E-06   7.7038292E-06   3.1329754E-06
   6.3768116E-01   3.4442577E+01   0.0000000E+00   3.4442577E+01   2.3132543E-01   0.0000000E+00   2.3132543E-01
   6.5217391E-01   1.6838593E+01   0.0000000E+00   1.6838593E+01   7.6036248E-06   0.0000000E+00   7.6036248E-06
   6.6666667E-01   0.0000000E+00   0.0000000E+00   0.0000000E+00   0.0000000E+00   0.0000000E+00   0.0000000E+00
   6.8115942E-01   0.0000000E+00   0.0000000E+00   0.0000000E+00   0.0000000E+00   0.0000000E+00   0.0000000E+00
   6.9565217E-01   1.5786181E+01   0.0000000E+00   1.5786181E+01   4.7987325E-01   0.0000000E+00   4.7987325E-01
   7.1014493E-01   1.5464014E+01   1.5464014E+01   3.0928028E+01   3.0765514E-06   4.5465807E-01   2.2733056E-01
   7.2463768E-01   0.0000000E+00   0.0000000E+00   0.0000000E+00   0.0000000E+00   0.0000000E+00   0.0000000E+00
   7.3913043E-01   1.4857582E+01   1.4857582E+01   2.9715164E+01   1.9108005E-05   4.8733899E-01   2.4367862E-01
   7.5362319E-01   0.0000000E+00   0.0000000E+00   0.0000000E+00   0.0000000E+00   0.0000000E+00   0.0000000E+00
   7.6811594E-01   0.0000000E+00   0.0000000E+00   0.0000000E+00   0.0000000E+00   0.0000000E+00   0.0000000E+00
   7.8260870E-01   1.4032161E+01   0.0000000E+00   1.4032161E+01   1.2145544E-07   0.0000000E+00   1.2145544E-07
   7.9710145E-01   0.0000000E+00   0.0000000E+00   0.0000000E+00   0.0000000E+00   0.0000000E+00   0.0000000E+00
   8.1159420E-01   0.0000000E+00   0.0000000E+00   0.0000000E+00   0.0000000E+00   0.0000000E+00   0.0000000E+00
   8.2608696E-01   0.0000000E+00   0.0000000E+00   0.0000000E+00   0.0000000E+00   0.0000000E+00   0.0000000E+00
   8.4057971E-01   0.0000000E+00   0.0000000E+00   0.0000000E+00   0.0000000E+00   0.0000000E+00   0.0000000E+00
   8.5507246E-01   0.0000000E+00   0.0000000E+00   0.0000000E+00   0.0000000E+00   0.0000000E+00   0.0000000E+00
   8.6956522E-01   0.0000000E+00   0.0000000E+00   0.0000000E+00   0.0000000E+00   0.0000000E+00   0.0000000E+00
   8.8405797E-01   0.0000000E+00   0.0000000E+00   0.0000000E+00   0.0000000E+00   0.0000000E+00   0.0000000E+00
   8.9855072E-01   1.2221559E+01   0.0000000E+00   1.2221559E+01   1.7112933E-06   0.0000000E+00   1.7112933E-06
   9.1304348E-01   0.0000000E+00   0.0000000E+00   0.0000000E+00   0.0000000E+00   0.0000000E+00   0.0000000E+00
   9.2753623E-01   0.0000000E+00   0.0000000E+00   0.0000000E+00   0.0000000E+00   0.0000000E+00   0.0000000E+00
   9.4202899E-01   1.1657487E+01   0.0000000E+00   1.1657487E+01   2.7263993E-06   0.0000000E+00   2.7263993E-06
   9.5652174E-01   0.0000000E+00   0.0000000E+00   0.0000000E+00   0.0000000E+00   0.0000000E+00   0.0000000E+00
   9.7101449E-01   0.0000000E+00   0.0000000E+00   0.0000000E+00   0.0000000E+00   0.0000000E+00   0.0000000E+00
   9.8550725E-01   0.0000000E+00   0.0000000E+00   0.0000000E+00   0.0000000E+00   0.0000000E+00   0.0000000E+00
   1.0000000E+00   0.0000000E+00   0.0000000E+00   0.0000000E+00   0.0000000E+00   0.0000000E+00   0.0000000E+00
