   0.0000000E+00   3.9838764E+07   2.0089115E+07   5.9927879E+07   7.4522447E-04   2.5113051E-03   1.3283762E-03
   1.4492754E-02   4.1595955E+07   2.0874130E+07   6.2470085E+07   7.0119985E-04   6.2033285E-04   3.5105844E-04
   2.8985507E-02   4.1993009E+07   2.1094632E+07   6.3087641E+07   2.8870487E-04   5.5623190E-04   3.0548331E-04
   4.3478261E-02   3.6456985E+07   1.8270294E+07   5.4726774E+07   1.1844015E-04   6.0322441E-04   2.7818855E-04
   5.7971014E-02   2.5558837E+07   1.2876977E+07   3.8435625E+07   3.3908246E-04   1.1204214E-03   5.9731275E-04
   7.2463768E-02   1.4241055E+07   7.1687952E+06   2.1409395E+07   1.4168219E-03   1.1303618E-03   1.2969413E-03
   8.6956522E-02   7.9706322E+06   3.9666253E+06   1.1937131E+07   3.4052407E-03   1.8981928E-03   2.8880925E-03
   1.0144928E-01   4.3609911E+06   2.1865033E+06   6.5474944E+06   5.1805154E-03   5.7944242E-03   5.3793199E-03
   1.1594203E-01   1.5045809E+06   7.5337970E+05   2.2579606E+06   2.0178402E-02   2.0518600E-02   2.0291403E-02
   1.3043478E-01   2.8036257E+04   1.3555067E+04   4.1591325E+04   7.7472379E-02   8.3807884E-02   7.8960306E-02
   1.4492754E-01   1.0759861E+04   6.2892145E+03   1.7049075E+04   1.2105986E-01   1.0849666E-01   1.1630080E-01
   1.5942029E-01   7.0951708E+03   3.2376022E+03   1.0332773E+04   1.3533086E-01   1.4012345E-01   1.3651344E-01
   1.7391304E-01   4.6727096E+03   2.2100653E+03   6.8827749E+03   1.5269519E-01   1.2417636E-01   1.4295287E-01
   1.8840580E-01   3.7303960E+03   1.9817729E+03   5.7121688E+03   1.5168286E-01   1.3121822E-01   1.4437743E-01
   2.0289855E-01   2.3814581E+03   8.1186073E+02   3.1933189E+03   1.4860883E-01   1.1068045E-01   1.3686559E-01
   2.1739130E-01   2.5257889E+03   8.5876824E+02   3.3845572E+03   1.9712424E-01   1.7799439E-01   1.9190413E-01
   2.3188406E-01   1.5628319E+03   7.1037814E+02   2.2732101E+03   1.8390626E-01   1.6561116E-01   1.7003210E-01
   2.4637681E-01   1.1143187E+03   5.3487295E+02   1.6491916E+03   2.2636351E-01   1.9296285E-01   2.1552427E-01
   2.6086957E-01   6.3144724E+02   2.9467538E+02   9.2612261E+02   1.1101181E-01   1.1003880E-01   1.0695545E-01
   2.7536232E-01   5.9821317E+02   1.1964263E+02   7.1785581E+02   2.7537549E-01   1.6677726E-01   2.5607863E-01
   2.8985507E-01   4.9252884E+02   7.5773668E+01   5.6830251E+02   2.1497136E-01   1.8878233E-02   1.8810113E-01
   3.0434783E-01   1.8041350E+02   1.4433080E+02   3.2474429E+02   2.5249952E-01   2.1886447E-01   2.3751622E-01
   3.1884058E-01   2.4109804E+02   2.4109804E+02   4.8219607E+02   2.2470354E-01   1.6491300E-01   1.9376063E-01
   3.3333333E-01   1.9767044E+02   1.3178029E+02   3.2945073E+02   1.5729033E-01   2.4573849E-01   1.8968743E-01
   3.4782609E-01   6.3144724E+01   9.4717086E+01   1.5786181E+02   2.6727757E-02   2.7221730E-01   1.7023994E-01
   3.6231884E-01   1.5154734E+02   9.0928402E+01   2.4247574E+02   3.8167311E-01   1.2919144E-01   2.8551890E-01
   3.7681159E-01   1.1657487E+02   1.1657487E+02   2.3314975E+02   2.1512693E-01   1.0803883E-01   1.6108736E-01
   3.9130435E-01   2.8064322E+01   1.1225729E+02   1.4032161E+02   2.3192302E-05   1.4555840E-01   1.1645134E-01
   4.0579710E-01   1.0824810E+02   0.0000000E+00   1.0824810E+02   1.0072951E-01   0.0000000E+00   1.0072951E-01
   4.2028986E-01   7.8386554E+01   5.2257702E+01   1.3064426E+02   2.6535657E-01   3.2007617E-01   2.8184675E-01
   4.3478261E-01   1.0103156E+02   0.0000000E+00   1.0103156E+02   2.1360095E-01   0.0000000E+00   2.1360095E-01
   4.4927536E-01   4.8886238E+01   2.4443119E+01   7.3329357E+01   2.9598991E-01   1.7248062E-01   2.5204064E-01
   4.6376812E-01   4.7358543E+01   0.0000000E+00   4.7358543E+01   1.1078744E-06   0.0000000E+00   1.1078744E-06
   4.7826087E-01   6.8885153E+01   2.2961718E+01   9.1846871E+01   3.3526300E-01   5.1044120E-06   2.5144613E-01
   4.9275362E-01   2.2286373E+01   0.0000000E+00   2.2286373E+01   3.4561542E-01   0.0000000E+00   3.4561542E-01
   5.0724638E-01   0.0000000E+00   0.0000000E+00   0.0000000E+00   0.0000000E+00   0.0000000E+00   0.0000000E+00
   5.2173913E-01   6.3144724E+01   0.0000000E+00   6.3144724E+01   1.7111581E-01   0.0000000E+00   1.7111581E-01
   5.3623188E-01   4.0958740E+01   2.0479370E+01   6.1438110E+01   2.3705022E-02   3.4108000E-01   1.0348335E-01
   5.5072464E-01   1.9940439E+01   1.9940439E+01   3.9880878E+01   3.4998566E-01   3.5646257E-01   3.4568105E-01
   5.6521739E-01   0.0000000E+00   1.9429146E+01   1.9429146E+01   0.0000000E+00   1.8308803E-06   1.8308803E-06
   5.7971014E-01   1.8943417E+01   0.0000000E+00   1.8943417E+01   3.3967491E-01   0.0000000E+00   3.3967491E-01
   5.9420290E-01   1.8481383E+01   5.5444148E+01   7.3925530E+01   4.5719194E-01   2.6820420E-01   3.1452328E-01
   6.0869565E-01   1.8041350E+01   3.6082699E+01   5.4124049E+01   9.3725776E-02   4.2325290E-01   3.1096840E-01
   6.2318841E-01   0.0000000E+00   1.7621783E+01   1.7621783E+01   0.0000000E+00   3.4219322E-01   3.4219322E-01
   6.3768116E-01   3.4442577E+01   1.7221288E+01   5.1663865E+01   3.8629809E-01   1.6831959E-05   2.5752662E-01
   6.5217391E-01   1.6838593E+01   0.0000000E+00   1.6838593E+01   4.0406952E-01   0.0000000E+00   4.0406952E-01
   6.6666667E-01   0.0000000E+00   0.0000000E+00   0.0000000E+00   0.0000000E+00   0.0000000E+00   0.0000000E+00
   6.8115942E-01   0.0000000E+00   0.0000000E+00   0.0000000E+00   0.0000000E+00   0.0000000E+00   0.0000000E+00
   6.9565217E-01   3.1572362E+01   0.0000000E+00   3.1572362E+01   3.8987321E-01   0.0000000E+00   3.8987321E-01
   7.1014493E-01   0.0000000E+00   0.0000000E+00   0.0000000E+00   0.0000000E+00   0.0000000E+00   0.0000000E+00
   7.2463768E-01   1.5154734E+01   0.0000000E+00   1.5154734E+01   3.0804379E-01   0.0000000E+00   3.0804379E-01
   7.3913043E-01   0.0000000E+00   0.0000000E+00   0.0000000E+00   0.0000000E+00   0.0000000E+00   0.0000000E+00
   7.5362319E-01   0.0000000E+00   1.4571859E+01   1.4571859E+01   0.0000000E+00   4.9008101E-05   4.9008101E-05
   7.6811594E-01   0.0000000E+00   0.0000000E+00   0.0000000E+00   0.0000000E+00   0.0000000E+00   0.0000000E+00
   7.8260870E-01   0.0000000E+00   0.0000000E+00   0.0000000E+00   0.0000000E+00   0.0000000E+00   0.0000000E+00
   7.9710145E-01   1.3777031E+01   0.0000000E+00   1.3777031E+01   4.6572993E-01   0.0000000E+00   4.6572993E-01
   8.1159420E-01   0.0000000E+00   0.0000000E+00   0.0000000E+00   0.0000000E+00   0.0000000E+00   0.0000000E+00
   8.2608696E-01   1.3293626E+01   0.0000000E+00   1.3293626E+01   3.5784430E-01   0.0000000E+00   3.5784430E-01
   8.4057971E-01   0.0000000E+00   0.0000000E+00   0.0000000E+00   0.0000000E+00   0.0000000E+00   0.0000000E+00
   8.5507246E-01   0.0000000E+00   0.0000000E+00   0.0000000E+00   0.0000000E+00   0.0000000E+00   0.0000000E+00
   8.6956522E-01   1.2628945E+01   0.0000000E+00   1.2628945E+01   4.4496840E-01   0.0000000E+00   4.4496840E-01
   8.8405797E-01   0.0000000E+00   1.2421913E+01   1.2421913E+01   0.0000000E+00   3.6403727E-01   3.6403727E-01
   8.9855072E-01   0.0000000E+00   0.0000000E+00   0.0000000E+00   0.0000000E+00   0.0000000E+00   0.0000000E+00
   9.1304348E-01   1.2027566E+01   0.0000000E+00   1.2027566E+01   4.1963877E-01   0.0000000E+00   4.1963877E-01
   9.2753623E-01   0.0000000E+00   0.0000000E+00   0.0000000E+00   0.0000000E+00   0.0000000E+00   0.0000000E+00
   9.4202899E-01   0.0000000E+00   1.1657487E+01   1.1657487E+01   0.0000000E+00   3.2509982E-01   3.2509982E-01
   9.5652174E-01   0.0000000E+00   0.0000000E+00   0.0000000E+00   0.0000000E+00   0.0000000E+00   0.0000000E+00
   9.7101449E-01   1.1309503E+01   0.0000000E+00   1.1309503E+01   4.5852106E-01   0.0000000E+00   4.5852106E-01
   9.8550725E-01   0.0000000E+00   0.0000000E+00   0.0000000E+00   0.0000000E+00   0.0000000E+00   0.0000000E+00
   1.0000000E+00   0.0000000E+00   0.0000000E+00   0.0000000E+00   0.0000000E+00   0.0000000E+00   0.0000000E+00
