   0.0000000E+00   1.8367537E+06   9.5171728E+05   2.7884710E+06   1.8564853E-02   1.5411160E-04   1.2253060E-02
   1.4492754E-02   1.7799235E+06   9.9263506E+05   2.7725585E+06   2.3064244E-03   4.4882597E-04   1.6219578E-03
   2.8985507E-02   1.8098541E+06   9.6346219E+05   2.7733163E+06   7.8219697E-04   3.6574421E-04   6.1782218E-04
   4.3478261E-02   1.9327337E+06   1.0257229E+06   2.9584566E+06   1.3278052E-03   3.2872254E-04   8.9682507E-04
   5.7971014E-02   1.9917109E+06   1.0839423E+06   3.0756532E+06   5.7573186E-04   1.4845154E-04   3.7068147E-04
   7.2463768E-02   2.0404333E+06   1.0990213E+06   3.1391515E+06   1.5207276E-03   4.7858435E-05   9.9732694E-04
   8.6956522E-02   1.9942367E+06   1.0691665E+06   3.0631505E+06   1.3439416E-03   5.5207228E-04   9.7984499E-04
   1.0144928E-01   1.9362337E+06   1.0425374E+06   2.9786629E+06   8.9246460E-04   2.0915745E-04   5.2903406E-04
   1.1594203E-01   1.7959307E+06   9.6819805E+05   2.7640340E+06   6.2706757E-04   6.8333437E-05   4.1574113E-04
   1.3043478E-01   1.7033921E+06   9.2132361E+05   2.6243789E+06   1.3250656E-03   3.2682730E-04   8.9934949E-04
   1.4492754E-01   1.5621499E+06   8.5169603E+05   2.4136944E+06   8.4397172E-04   1.7511865E-04   5.7861366E-04
   1.5942029E-01   1.4388042E+06   7.6903385E+05   2.2077003E+06   2.2387304E-03   2.3912494E-04   1.4571256E-03
   1.7391304E-01   1.3374052E+06   7.0778921E+05   2.0451313E+06   1.9713104E-03   4.7051134E-05   1.3015161E-03
   1.8840580E-01   1.2488666E+06   6.4425104E+05   1.8928262E+06   3.3132589E-03   2.6375725E-04   2.2260630E-03
   2.0289855E-01   1.1214503E+06   5.8870728E+05   1.7099411E+06   2.8503765E-03   2.1205329E-04   1.8461882E-03
   2.1739130E-01   1.0398673E+06   5.4658073E+05   1.5863975E+06   2.6466331E-03   3.2711264E-04   1.7767695E-03
   2.3188406E-01   9.3514179E+05   4.9754885E+05   1.4325486E+06   2.9421967E-03   1.9831196E-04   1.9077993E-03
   2.4637681E-01   8.7728079E+05   4.5294825E+05   1.3302290E+06   2.7121051E-03   6.7307856E-05   1.7974646E-03
   2.6086957E-01   8.0816827E+05   4.2016499E+05   1.2282912E+06   4.0386892E-03   2.5284830E-04   2.7407963E-03
   2.7536232E-01   7.3899267E+05   3.8437190E+05   1.1232051E+06   5.4177175E-03   2.6573819E-04   3.6424200E-03
   2.8985507E-01   6.7681041E+05   3.3753381E+05   1.0143063E+06   5.0048400E-03   5.8377689E-04   3.5239280E-03
   3.0434783E-01   6.1445229E+05   3.1034730E+05   9.2458309E+05   4.5278167E-03   4.8462043E-04   3.1452140E-03
   3.1884058E-01   5.6478937E+05   2.8728553E+05   8.5207490E+05   3.1479566E-03   2.8372165E-04   2.1500546E-03
   3.3333333E-01   5.1908257E+05   2.6494428E+05   7.8389507E+05   5.1554107E-03   3.4977796E-04   3.4659262E-03
   3.4782609E-01   4.7349071E+05   2.3893963E+05   7.1243034E+05   3.7656039E-03   5.0027833E-04   2.3821968E-03
   3.6231884E-01   4.3651695E+05   2.1734919E+05   6.5386614E+05   6.0490090E-03   3.1577143E-04   4.1430555E-03
   3.7681159E-01   4.0329078E+05   2.0155796E+05   6.0484874E+05   9.2158110E-03   2.1784509E-04   6.1581218E-03
   3.9130435E-01   3.6410651E+05   1.8202519E+05   5.4613170E+05   9.2566355E-03   2.7196823E-04   6.2493709E-03
   4.0579710E-01   3.3862711E+05   1.6843404E+05   5.0703409E+05   6.2439236E-03   2.4190640E-04   4.2499162E-03
   4.2028986E-01   3.1521846E+05   1.5489183E+05   4.7008416E+05   7.0145716E-03   1.5237435E-04   4.6714340E-03
   4.3478261E-01   2.8953119E+05   1.4136841E+05   4.3089959E+05   9.5293532E-03   2.0878028E-04   6.4678613E-03
   4.4927536E-01   2.6779881E+05   1.3113733E+05   3.9893614E+05   9.9197924E-03   6.8237951E-04   6.8792129E-03
   4.6376812E-01   2.5036094E+05   1.1993551E+05   3.7022541E+05   7.9362932E-03   5.8426300E-04   5.5319720E-03
   4.7826087E-01   2.2906610E+05   1.0959628E+05   3.3861645E+05   5.9669302E-03   6.2502728E-04   3.9039269E-03
   4.9275362E-01   2.1406061E+05   1.0089041E+05   3.1495102E+05   1.0242593E-02   6.7014405E-04   6.7491892E-03
   5.0724638E-01   1.9878681E+05   9.3569656E+04   2.9233481E+05   9.9462695E-03   5.3416468E-04   6.8143600E-03
   5.2173913E-01   1.8305655E+05   8.6339886E+04   2.6939644E+05   1.0787994E-02   5.0199376E-04   7.1745994E-03
   5.3623188E-01   1.7114609E+05   7.8763656E+04   2.4990975E+05   1.2100685E-02   7.7197824E-04   8.0439200E-03
   5.5072464E-01   1.6038095E+05   7.3879327E+04   2.3424034E+05   6.4916575E-03   4.0275022E-04   4.3207124E-03
   5.6521739E-01   1.4948785E+05   6.7496852E+04   2.1696527E+05   1.2631601E-02   1.0587513E-03   8.9799952E-03
   5.7971014E-01   1.3699879E+05   6.1736596E+04   1.9871645E+05   1.3895037E-02   5.8516222E-04   9.7131827E-03
   5.9420290E-01   1.2678228E+05   5.8216355E+04   1.8498016E+05   1.6158420E-02   2.9854590E-04   1.1091759E-02
   6.0869565E-01   1.1887445E+05   5.2807030E+04   1.7168148E+05   1.5980481E-02   7.0192558E-05   1.1073896E-02
   6.2318841E-01   1.1166924E+05   5.0803601E+04   1.6247284E+05   1.1702817E-02   2.5110664E-04   8.0148760E-03
   6.3768116E-01   1.0224279E+05   4.6583585E+04   1.4880915E+05   1.7759152E-02   2.9909829E-04   1.2220227E-02
   6.5217391E-01   9.9095120E+04   4.4117114E+04   1.4319539E+05   1.3595467E-02   2.9809484E-04   9.3899452E-03
   6.6666667E-01   9.0549534E+04   3.9155220E+04   1.2970475E+05   1.8801310E-02   2.4701578E-04   1.3179096E-02
   6.8115942E-01   8.5463025E+04   3.7483783E+04   1.2294681E+05   1.6309263E-02   3.5218722E-04   1.1434705E-02
   6.9565217E-01   7.8883546E+04   3.3545634E+04   1.1242918E+05   2.2327503E-02   6.6455091E-04   1.5857074E-02
   7.1014493E-01   7.3098394E+04   3.2397109E+04   1.0549550E+05   2.0982132E-02   3.6190327E-04   1.4454152E-02
   7.2463768E-01   6.8378158E+04   2.8369661E+04   9.6747820E+04   2.3181347E-02   4.9416436E-04   1.6346351E-02
   7.3913043E-01   6.4615624E+04   2.7278521E+04   9.1894145E+04   2.0049718E-02   5.4948828E-04   1.3935701E-02
   7.5362319E-01   5.9569761E+04   2.5908766E+04   8.5478527E+04   1.9670865E-02   1.2952411E-04   1.3729946E-02
   7.6811594E-01   5.4842980E+04   2.2589131E+04   7.7417814E+04   2.2010187E-02   4.4958347E-04   1.5591142E-02
   7.8260870E-01   5.1680448E+04   2.1595495E+04   7.3275944E+04   2.3406993E-02   6.3018209E-04   1.6582097E-02
   7.9710145E-01   4.8674249E+04   2.0968641E+04   6.9642890E+04   2.6580636E-02   8.1633380E-04   1.8331881E-02
   8.1159420E-01   4.4124631E+04   1.7793281E+04   6.1917912E+04   2.5269455E-02   7.4668588E-04   1.8176133E-02
   8.2608696E-01   4.2247144E+04   1.7560880E+04   5.9808024E+04   2.7902214E-02   8.3539605E-04   1.9934131E-02
   8.4057971E-01   3.7037647E+04   1.5925535E+04   5.2963181E+04   2.4247939E-02   3.5543642E-04   1.6970590E-02
   8.5507246E-01   3.5498037E+04   1.4551113E+04   5.0049150E+04   3.3578860E-02   7.3301034E-04   2.3902026E-02
   8.6956522E-01   3.2393243E+04   1.3374052E+04   4.5767296E+04   3.0131928E-02   1.7210426E-03   2.1781730E-02
   8.8405797E-01   2.7216411E+04   1.1266675E+04   3.8483086E+04   2.9830559E-02   6.9564897E-04   2.1297927E-02
   8.9855072E-01   2.3990921E+04   1.0009457E+04   3.4000378E+04   3.7552760E-02   4.8656748E-04   2.6474452E-02
   9.1304348E-01   2.2864404E+04   8.9003991E+03   3.1764803E+04   4.1542275E-02   2.3117160E-03   3.0504902E-02
   9.2753623E-01   1.9819550E+04   8.1693486E+03   2.7988899E+04   3.8219473E-02   8.1283880E-04   2.7301053E-02
   9.4202899E-01   1.5795895E+04   6.7147128E+03   2.2510608E+04   4.0209257E-02   8.1706250E-04   2.7984768E-02
   9.5652174E-01   1.3214469E+04   5.8093146E+03   1.9023783E+04   5.5436401E-02   1.2395327E-03   3.8885830E-02
   9.7101449E-01   1.0167243E+04   4.2749920E+03   1.4442235E+04   6.3267017E-02   1.1035259E-03   4.4796591E-02
   9.8550725E-01   5.8613161E+03   2.3846419E+03   8.2459580E+03   4.9937929E-02   5.6162448E-03   3.6853238E-02
   1.0000000E+00   7.0029094E+02   1.5318864E+02   8.5347959E+02   1.4916464E-01   1.4251742E-02   1.2447441E-01
