   0.0000000E+00   7.8416654E+07   3.8862799E+07   1.1727945E+08   1.9584754E-03   7.8648349E-05   1.2932632E-03
   1.4492754E-02   8.7196549E+07   4.4068450E+07   1.3126424E+08   5.1740659E-04   7.2018676E-05   3.6073184E-04
   2.8985507E-02   7.2348320E+07   3.6447135E+07   1.0879394E+08   5.8591426E-04   2.4792284E-05   3.9731847E-04
   4.3478261E-02   4.1386820E+07   2.0906965E+07   6.2293785E+07   7.3859865E-04   1.3040992E-04   5.2330567E-04
   5.7971014E-02   2.4201920E+07   1.2255823E+07   3.6457553E+07   1.6994035E-03   1.0719020E-04   1.1635703E-03
   7.2463768E-02   4.9756022E+06   2.4661298E+06   7.4417320E+06   5.1532282E-03   8.2870913E-04   3.7193579E-03
   8.6956522E-02   1.3582430E+06   6.5607368E+05   2.0143167E+06   1.8615707E-02   1.5133810E-03   1.3042140E-02
   1.0144928E-01   6.2264306E+05   3.2117211E+05   9.4381516E+05   9.1210737E-03   7.7803817E-04   6.2708091E-03
   1.1594203E-01   1.8488775E+05   9.2349158E+04   2.7723691E+05   1.9665811E-02   1.1494349E-03   1.3487817E-02
   1.3043478E-01   2.1974364E+04   6.5670513E+03   2.8541415E+04   1.0364260E-01   1.7434022E-04   7.9833181E-02
   1.4492754E-01   1.6139791E+04   6.0618935E+03   2.2201685E+04   1.3529988E-01   1.3632033E-04   9.8322060E-02
   1.5942029E-01   1.7772369E+04   5.1663865E+03   2.2938756E+04   1.8182163E-01   8.2495528E-06   1.4086904E-01
   1.7391304E-01   1.4333852E+04   4.2938412E+03   1.8627693E+04   1.9385949E-01   1.7461599E-06   1.4917350E-01
   1.8840580E-01   1.3231248E+04   4.7795699E+03   1.8010818E+04   2.1451532E-01   2.8817751E-05   1.5759649E-01
   2.0289855E-01   1.2989772E+04   4.4922961E+03   1.7482068E+04   2.4371807E-01   2.2224340E-06   1.8109136E-01
   2.1739130E-01   1.1921724E+04   4.5464201E+03   1.6468144E+04   2.5894586E-01   4.7004851E-06   1.8745647E-01
   2.3188406E-01   1.0797748E+04   3.3150980E+03   1.4112846E+04   2.8978894E-01   4.3651317E-06   2.2171669E-01
   2.4637681E-01   9.1819857E+03   2.9863740E+03   1.2168360E+04   2.8659621E-01   6.4750636E-05   2.1627529E-01
   2.6086957E-01   6.9459196E+03   2.0206312E+03   8.9665508E+03   2.9319934E-01   2.8928087E-06   2.2712690E-01
   2.7536232E-01   6.8595110E+03   1.7946395E+03   8.6541505E+03   3.1259669E-01   1.0041861E-05   2.4777041E-01
   2.8985507E-01   5.3041568E+03   1.3639260E+03   6.6680828E+03   3.2078689E-01   1.3256327E-06   2.5517137E-01
   3.0434783E-01   4.0773450E+03   1.5154734E+03   5.5928184E+03   3.1633096E-01   1.4180698E-05   2.3061163E-01
   3.1884058E-01   3.6509131E+03   1.3777031E+03   5.0286162E+03   3.2545776E-01   6.3627430E-06   2.3628950E-01
   3.3333333E-01   2.5038256E+03   7.2479161E+02   3.2286172E+03   2.9600549E-01   1.4564903E-06   2.2955560E-01
   3.4782609E-01   1.9259141E+03   5.3673015E+02   2.4626442E+03   3.3219810E-01   1.1058667E-05   2.5979831E-01
   3.6231884E-01   1.8488775E+03   3.3340414E+02   2.1822817E+03   3.1885254E-01   4.6558477E-06   2.7013962E-01
   3.7681159E-01   1.4280422E+03   4.0801206E+02   1.8360543E+03   3.4249451E-01   8.1359986E-07   2.6638480E-01
   3.9130435E-01   1.3751518E+03   4.7709347E+02   1.8522452E+03   3.3692393E-01   2.0357658E-06   2.5014102E-01
   4.0579710E-01   1.0554190E+03   3.5180632E+02   1.4072253E+03   3.3832577E-01   1.6749378E-06   2.5374414E-01
   4.2028986E-01   7.3160783E+02   2.3515966E+02   9.6676749E+02   3.2605847E-01   4.3402941E-06   2.4674590E-01
   4.3478261E-01   8.3351035E+02   1.7680523E+02   1.0103156E+03   3.5304307E-01   5.0370400E-06   2.9125965E-01
   4.4927536E-01   5.8663485E+02   1.7110183E+02   7.5773668E+02   3.2973204E-01   2.8170271E-05   2.5527006E-01
   4.6376812E-01   6.3934033E+02   7.1037814E+01   7.1037814E+02   3.2691326E-01   8.7245486E-06   2.9422107E-01
   4.7826087E-01   5.2811951E+02   1.1480859E+02   6.4292810E+02   3.7296765E-01   1.6772269E-05   3.0636928E-01
   4.9275362E-01   3.7886834E+02   8.9145492E+01   4.6801383E+02   3.3965749E-01   4.2358879E-06   2.7496163E-01
   5.0724638E-01   1.9484658E+02   8.6598478E+01   2.8144505E+02   3.6354632E-01   6.8810461E-07   2.5168571E-01
   5.2173913E-01   1.8943417E+02   1.0524121E+02   2.9467538E+02   3.4757644E-01   5.1982415E-06   2.2344023E-01
   5.3623188E-01   2.4575244E+02   2.0479370E+01   2.6623181E+02   3.2911694E-01   1.0695977E-05   3.0379944E-01
   5.5072464E-01   3.3898746E+02   3.9880878E+01   3.7886834E+02   3.7739138E-01   1.8990790E-06   3.3766617E-01
   5.6521739E-01   2.5257889E+02   5.8287437E+01   3.1086633E+02   2.9159378E-01   1.8153710E-04   2.3688592E-01
   5.7971014E-01   1.1366050E+02   1.8943417E+01   1.3260392E+02   3.8248429E-01   3.0064491E-05   3.2783938E-01
   5.9420290E-01   7.3925530E+01   1.8481383E+01   9.2406913E+01   3.6116797E-01   2.2854681E-06   2.8893483E-01
   6.0869565E-01   1.0824810E+02   3.6082699E+01   1.4433080E+02   3.3659566E-01   2.7000822E-05   2.5244003E-01
   6.2318841E-01   7.0487133E+01   0.0000000E+00   7.0487133E+01   3.1942531E-01   0.0000000E+00   3.1942531E-01
   6.3768116E-01   6.8885153E+01   5.1663865E+01   1.2054902E+02   3.6695121E-01   4.1311233E-05   2.0966909E-01
   6.5217391E-01   5.0515779E+01   3.3677186E+01   8.4192965E+01   3.6785629E-01   9.9890748E-06   2.2071769E-01
   6.6666667E-01   8.2362683E+01   1.6472537E+01   9.8835220E+01   3.3194268E-01   9.9524407E-06   2.7662056E-01
   6.8115942E-01   4.8366171E+01   0.0000000E+00   4.8366171E+01   3.8870528E-01   0.0000000E+00   3.8870528E-01
   6.9565217E-01   6.3144724E+01   0.0000000E+00   6.3144724E+01   4.1496911E-01   0.0000000E+00   4.1496911E-01
   7.1014493E-01   1.5464014E+01   4.6392042E+01   6.1856056E+01   3.7570662E-01   4.7376174E-06   9.3930189E-02
   7.2463768E-01   1.5154734E+01   0.0000000E+00   1.5154734E+01   4.0980063E-01   0.0000000E+00   4.0980063E-01
   7.3913043E-01   7.4287910E+01   0.0000000E+00   7.4287910E+01   3.7126557E-01   0.0000000E+00   3.7126557E-01
   7.5362319E-01   1.4571859E+01   0.0000000E+00   1.4571859E+01   3.9629272E-01   0.0000000E+00   3.9629272E-01
   7.6811594E-01   1.4296919E+01   0.0000000E+00   1.4296919E+01   4.1937554E-01   0.0000000E+00   4.1937554E-01
   7.8260870E-01   1.4032161E+01   1.4032161E+01   2.8064322E+01   2.7384923E-01   6.6244848E-05   1.3695743E-01
   7.9710145E-01   1.3777031E+01   0.0000000E+00   1.3777031E+01   2.8355054E-01   0.0000000E+00   2.8355054E-01
   8.1159420E-01   2.7062024E+01   0.0000000E+00   2.7062024E+01   3.9516193E-01   0.0000000E+00   3.9516193E-01
   8.2608696E-01   0.0000000E+00   0.0000000E+00   0.0000000E+00   0.0000000E+00   0.0000000E+00   0.0000000E+00
   8.4057971E-01   0.0000000E+00   0.0000000E+00   0.0000000E+00   0.0000000E+00   0.0000000E+00   0.0000000E+00
   8.5507246E-01   0.0000000E+00   1.2842995E+01   1.2842995E+01   0.0000000E+00   1.4678712E-04   1.4678712E-04
   8.6956522E-01   1.2628945E+01   1.2628945E+01   2.5257889E+01   4.1385408E-01   1.7729264E-05   2.0691818E-01
   8.8405797E-01   1.2421913E+01   0.0000000E+00   1.2421913E+01   3.8979079E-01   0.0000000E+00   3.8979079E-01
   8.9855072E-01   0.0000000E+00   0.0000000E+00   0.0000000E+00   0.0000000E+00   0.0000000E+00   0.0000000E+00
   9.1304348E-01   1.2027566E+01   0.0000000E+00   1.2027566E+01   1.4801623E-05   0.0000000E+00   1.4801623E-05
   9.2753623E-01   1.1839636E+01   0.0000000E+00   1.1839636E+01   4.2523666E-01   0.0000000E+00   4.2523666E-01
   9.4202899E-01   1.1657487E+01   0.0000000E+00   1.1657487E+01   4.1173515E-01   0.0000000E+00   4.1173515E-01
   9.5652174E-01   0.0000000E+00   0.0000000E+00   0.0000000E+00   0.0000000E+00   0.0000000E+00   0.0000000E+00
   9.7101449E-01   0.0000000E+00   0.0000000E+00   0.0000000E+00   0.0000000E+00   0.0000000E+00   0.0000000E+00
   9.8550725E-01   0.0000000E+00   0.0000000E+00   0.0000000E+00   0.0000000E+00   0.0000000E+00   0.0000000E+00
   1.0000000E+00   0.0000000E+00   0.0000000E+00   0.0000000E+00   0.0000000E+00   0.0000000E+00   0.0000000E+00
