   0.0000000E+00   9.6929677E+06   4.3221300E+06   1.4015098E+07   7.4272233E-03   5.4575025E-06   5.1381807E-03
   1.4492754E-02   9.5603637E+06   4.4001769E+06   1.3960541E+07   4.9093862E-03   5.3692196E-05   3.3547287E-03
   2.8985507E-02   9.4326851E+06   4.4001769E+06   1.3832483E+07   1.1303707E-03   8.1658377E-06   7.7433318E-04
   4.3478261E-02   9.2638361E+06   4.2572173E+06   1.3521306E+07   1.8783939E-04   2.2650608E-05   1.2352934E-04
   5.7971014E-02   8.8501750E+06   4.1124264E+06   1.2962223E+07   6.9455109E-04   2.1559569E-05   4.6722347E-04
   7.2463768E-02   7.9665404E+06   3.7980794E+06   1.1764165E+07   1.6660288E-03   1.8755377E-05   1.1236807E-03
   8.6956522E-02   6.9268499E+06   3.3380827E+06   1.0264427E+07   1.1174255E-03   2.2799323E-05   7.6071264E-04
   1.0144928E-01   5.8407426E+06   2.8363167E+06   8.6765180E+06   1.2544917E-03   1.8846054E-05   8.4204144E-04
   1.1594203E-01   4.8677952E+06   2.3963423E+06   7.2638533E+06   1.6176929E-03   6.5669511E-05   1.1012989E-03
   1.3043478E-01   3.9345056E+06   1.9661583E+06   5.9002430E+06   3.8088139E-04   3.3175996E-05   2.5707333E-04
   1.4492754E-01   3.1655208E+06   1.5971574E+06   4.7626024E+06   1.6550973E-03   3.9570783E-05   1.1108594E-03
   1.5942029E-01   2.5076951E+06   1.2857414E+06   3.7932298E+06   1.3481605E-03   3.1627511E-05   8.9022970E-04
   1.7391304E-01   1.9804711E+06   1.0103156E+06   2.9906604E+06   2.3327186E-03   6.4861496E-05   1.5212376E-03
   1.8840580E-01   1.5605878E+06   8.1369262E+05   2.3741639E+06   1.1195760E-03   5.5210392E-05   7.6165793E-04
   2.0289855E-01   1.2317010E+06   6.3460447E+05   1.8663055E+06   1.7485415E-03   1.6686823E-04   1.1745100E-03
   2.1739130E-01   9.6550808E+05   5.0985576E+05   1.4753133E+06   2.5908836E-03   2.0825641E-04   1.7520667E-03
   2.3188406E-01   7.5887329E+05   4.1642367E+05   1.1752022E+06   2.2983163E-03   6.0670528E-05   1.5246554E-03
   2.4637681E-01   6.1630736E+05   3.2992747E+05   9.4623483E+05   4.8858354E-04   1.5230033E-04   3.4217854E-04
   2.6086957E-01   4.9227627E+05   2.6727057E+05   7.5954683E+05   3.2778621E-03   4.0564800E-04   2.2583377E-03
   2.7536232E-01   3.9852961E+05   2.1124901E+05   6.0977863E+05   2.4578976E-03   2.8614944E-04   1.6978399E-03
   2.8985507E-01   3.1249061E+05   1.6950570E+05   4.8199630E+05   3.8653280E-03   1.2272579E-04   2.4753979E-03
   3.0434783E-01   2.5315622E+05   1.3945963E+05   3.9261585E+05   7.5873916E-03   2.9491557E-04   4.8780219E-03
   3.1884058E-01   2.0114465E+05   1.1579594E+05   3.1690615E+05   3.1910763E-03   9.9306561E-05   2.0769741E-03
   3.3333333E-01   1.6844816E+05   9.4552360E+04   2.6300052E+05   4.5823450E-03   4.4525546E-04   3.0559112E-03
   3.4782609E-01   1.3351952E+05   7.5047504E+04   2.0856702E+05   3.4302032E-03   1.2098226E-04   2.2138103E-03
   3.6231884E-01   1.1314524E+05   6.4437928E+04   1.7755286E+05   2.8995897E-03   2.4588329E-05   1.8510130E-03
   3.7681159E-01   9.0374671E+04   5.0710070E+04   1.4108474E+05   5.8462554E-04   9.0211082E-04   7.4534482E-05
   3.9130435E-01   7.4342388E+04   4.2377126E+04   1.1671951E+05   4.1238226E-03   8.4559260E-04   2.4221086E-03
   4.0579710E-01   6.0158880E+04   3.3881655E+04   9.4040535E+04   8.3825460E-03   1.6197151E-04   5.4186169E-03
   4.2028986E-01   4.8756436E+04   2.7696582E+04   7.6453019E+04   1.5730505E-03   1.0405077E-03   1.0636393E-03
   4.3478261E-01   3.7836318E+04   2.3565611E+04   6.1401929E+04   1.5517638E-02   8.0868190E-04   9.8724309E-03
   4.4927536E-01   3.0627228E+04   2.1192184E+04   5.1819412E+04   8.1806920E-03   5.1675848E-04   4.8403831E-03
   4.6376812E-01   2.5692009E+04   1.6267659E+04   4.1959669E+04   3.0329054E-03   7.9897704E-04   1.7621713E-03
   4.7826087E-01   2.1239589E+04   1.3019294E+04   3.4258883E+04   4.0612916E-03   5.6419400E-06   2.5190023E-03
   4.9275362E-01   1.7739953E+04   1.0496882E+04   2.8236835E+04   1.3026173E-02   5.3172073E-05   8.1742217E-03
   5.0724638E-01   1.4310399E+04   8.9412929E+03   2.3251691E+04   9.4392107E-03   1.4526627E-03   6.3553086E-03
   5.2173913E-01   1.3176199E+04   7.1774503E+03   2.0353649E+04   9.2581524E-04   1.7343511E-03   5.6496486E-04
   5.3623188E-01   9.3181133E+03   6.4510015E+03   1.5769115E+04   2.0375641E-02   1.3139326E-03   1.2076376E-02
   5.5072464E-01   8.9532571E+03   6.0220126E+03   1.4975270E+04   1.3664419E-02   3.1532821E-04   8.0530334E-03
   5.6521739E-01   7.3442171E+03   4.6435658E+03   1.1987783E+04   1.6598677E-02   2.0472540E-03   1.0359603E-02
   5.7971014E-01   5.6072515E+03   4.1296649E+03   9.7369164E+03   3.7065704E-03   5.4962408E-06   2.1349353E-03
   5.9420290E-01   5.3780823E+03   3.5484254E+03   8.9265078E+03   3.3356137E-03   2.0925981E-05   2.0157375E-03
   6.0869565E-01   3.9871383E+03   3.0670294E+03   7.0541677E+03   5.2301199E-03   1.3312462E-05   2.9610324E-03
   6.2318841E-01   3.5419785E+03   2.0088833E+03   5.5508618E+03   7.2073456E-03   4.4387264E-06   4.5998785E-03
   6.3768116E-01   3.0309467E+03   2.1698823E+03   5.2008291E+03   4.4229474E-03   4.1252184E-06   2.5762262E-03
   6.5217391E-01   2.3405644E+03   1.9532768E+03   4.2938412E+03   2.6737567E-02   1.8477591E-05   1.4571692E-02
   6.6666667E-01   1.8284516E+03   1.6472537E+03   3.4757052E+03   2.1361841E-02   4.9755635E-03   1.2231570E-02
   6.8115942E-01   1.8701586E+03   1.4832293E+03   3.3533879E+03   3.7077151E-02   4.6449350E-06   2.0675981E-02
   6.9565217E-01   1.5470457E+03   1.1839636E+03   2.7310093E+03   1.4558566E-02   5.4700557E-07   8.2468534E-03
   7.1014493E-01   1.4381533E+03   1.0515529E+03   2.4897062E+03   4.8705098E-02   1.9221743E-06   2.8133806E-02
   7.2463768E-01   9.2443875E+02   7.7289142E+02   1.6973302E+03   2.7325944E-02   8.7059849E-03   1.8846563E-02
   7.3913043E-01   9.3602767E+02   7.5773668E+02   1.6937644E+03   3.2789348E-02   4.2710233E-06   1.8119017E-02
   7.5362319E-01   7.4316482E+02   6.1201809E+02   1.3551829E+03   4.2154125E-02   2.4900875E-05   2.3117343E-02
   7.6811594E-01   7.4343977E+02   6.1476750E+02   1.3582073E+03   5.3937633E-02   2.2510775E-05   2.9528008E-02
   7.8260870E-01   5.7531859E+02   4.2096482E+02   9.9628342E+02   9.4152423E-03   1.2435707E-05   5.4400439E-03
   7.9710145E-01   4.2708795E+02   3.5820280E+02   7.8529075E+02   4.6489183E-02   3.8203013E-05   2.5270868E-02
   8.1159420E-01   3.7886834E+02   2.5708923E+02   6.3595757E+02   5.5772012E-02   4.8980876E-06   3.3224888E-02
   8.2608696E-01   3.5892790E+02   3.9880878E+02   7.5773668E+02   1.9588512E-02   1.2768108E-05   9.2807637E-03
   8.4057971E-01   2.3515966E+02   2.0903081E+02   4.4419047E+02   5.7157238E-02   2.2294483E-06   3.0258928E-02
   8.5507246E-01   2.8254588E+02   1.9264492E+02   4.7519080E+02   9.0816400E-02   2.0758426E-06   5.3998314E-02
   8.6956522E-01   1.7680523E+02   2.3994995E+02   4.1675518E+02   4.6828703E-02   2.1075444E-05   1.9877211E-02
   8.8405797E-01   1.7390678E+02   1.2421913E+02   2.9812591E+02   1.4030465E-01   9.6278795E-06   8.1840492E-02
   8.9855072E-01   2.5665275E+02   1.5888027E+02   4.1553302E+02   5.2321125E-02   7.0256404E-06   3.2314235E-02
   9.1304348E-01   2.4055133E+02   8.4192965E+01   3.2474429E+02   2.9445400E-02   2.9168063E-05   2.1814628E-02
   9.2753623E-01   1.1839636E+02   7.1037814E+01   1.8943417E+02   8.8044362E-02   7.4423228E-06   5.5027020E-02
   9.4202899E-01   1.0491739E+02   1.2823236E+02   2.3314975E+02   2.5236046E-02   1.4061515E-05   1.1349947E-02
   9.5652174E-01   6.8885153E+01   4.5923435E+01   1.1480859E+02   5.0316384E-02   1.2355247E-04   3.0234073E-02
   9.7101449E-01   2.2619005E+01   9.0476022E+01   1.1309503E+02   2.2321932E-01   6.3984667E-06   4.4645457E-02
   9.8550725E-01   2.2286373E+01   4.4572746E+01   6.6859119E+01   1.8556269E-01   1.2476094E-04   6.1934059E-02
   1.0000000E+00   0.0000000E+00   0.0000000E+00   0.0000000E+00   0.0000000E+00   0.0000000E+00   0.0000000E+00
