   0.0000000E+00   7.0984773E+07   3.4686154E+07   1.0567093E+08   9.4153112E-04   1.3441189E-04   6.5394434E-04
   1.4492754E-02   6.8883569E+07   3.3632143E+07   1.0251420E+08   9.3453269E-04   5.2994528E-05   6.3183445E-04
   2.8985507E-02   5.8446125E+07   2.8801192E+07   8.7245423E+07   7.0793710E-04   2.4715162E-05   4.7999691E-04
   4.3478261E-02   4.0272947E+07   2.0154280E+07   6.0426217E+07   2.1204951E-04   1.4241305E-05   1.4623352E-04
   5.7971014E-02   2.3739133E+07   1.1896277E+07   3.5635030E+07   4.8338428E-04   5.9645480E-05   3.2616401E-04
   7.2463768E-02   1.0163674E+07   5.1698858E+06   1.5333408E+07   5.3908370E-04   1.5661870E-04   3.2919458E-04
   8.6956522E-02   4.2976299E+06   2.2709368E+06   6.5685667E+06   1.6061600E-03   2.1846017E-04   1.1225725E-03
   1.0144928E-01   1.8248464E+06   1.0049753E+06   2.8298218E+06   2.4159385E-03   3.1662969E-04   1.6472343E-03
   1.1594203E-01   5.0247414E+05   2.8434069E+05   7.8681483E+05   1.9401154E-02   9.0022953E-05   1.2416065E-02
   1.3043478E-01   2.8457222E+04   1.0776700E+04   3.9233922E+04   1.0950025E-01   2.5745802E-06   7.9423559E-02
   1.4492754E-01   1.5988244E+04   5.2283831E+03   2.1216627E+04   1.8007288E-01   1.8794373E-05   1.3570180E-01
   1.5942029E-01   1.1021624E+04   3.5820280E+03   1.4603652E+04   1.9566107E-01   3.1042795E-06   1.4766870E-01
   1.7391304E-01   8.2088141E+03   2.1469206E+03   1.0355735E+04   2.2389323E-01   2.2843796E-05   1.7747162E-01
   1.8840580E-01   5.6538814E+03   2.2149226E+03   7.8688040E+03   2.3496492E-01   7.3279244E-06   1.6882869E-01
   2.0289855E-01   5.0876606E+03   1.1366050E+03   6.2242656E+03   2.5568972E-01   4.2251790E-06   2.0899845E-01
   2.1739130E-01   4.0917781E+03   1.2123787E+03   5.3041568E+03   2.9173547E-01   3.9748163E-06   2.2505397E-01
   2.3188406E-01   2.9362297E+03   8.5245377E+02   3.7886834E+03   3.2550887E-01   1.1076758E-05   2.5226688E-01
   2.4637681E-01   2.4960738E+03   6.6859119E+02   3.1646650E+03   2.9662724E-01   6.9817462E-06   2.3396092E-01
   2.6086957E-01   1.3049910E+03   4.6306131E+02   1.7680523E+03   3.0856727E-01   7.5966623E-06   2.2775004E-01
   2.7536232E-01   1.1565455E+03   1.1964263E+02   1.2761881E+03   3.3614240E-01   1.0634797E-05   3.0463003E-01
   2.8985507E-01   6.4407618E+02   2.2732101E+02   8.7139719E+02   2.4922640E-01   8.4459189E-06   1.8420865E-01
   3.0434783E-01   1.1185637E+03   2.5257889E+02   1.3711426E+03   2.8063241E-01   2.4713001E-06   2.2893724E-01
   3.1884058E-01   5.5108122E+02   1.3777031E+02   6.8885153E+02   3.1027436E-01   1.4171916E-05   2.4822232E-01
   3.3333333E-01   3.9534088E+02   0.0000000E+00   3.9534088E+02   3.3300948E-01   0.0000000E+00   3.3300948E-01
   3.4782609E-01   2.5257889E+02   3.1572362E+01   2.8415126E+02   2.4024846E-01   2.4257497E-05   2.1355673E-01
   3.6231884E-01   1.5154734E+02   3.0309467E+01   1.8185680E+02   2.5145570E-01   3.5114551E-06   2.0954700E-01
   3.7681159E-01   2.3314975E+02   5.8287437E+01   2.9143719E+02   2.1631718E-01   6.2192516E-05   1.7306618E-01
   3.9130435E-01   5.6128643E+01   2.8064322E+01   8.4192965E+01   2.3914693E-01   1.6548577E-05   1.5942582E-01
   4.0579710E-01   1.8943417E+02   0.0000000E+00   1.8943417E+02   1.0789718E-01   0.0000000E+00   1.0789718E-01
   4.2028986E-01   1.0451540E+02   5.2257702E+01   1.5677311E+02   1.7814235E-01   5.7493599E-06   1.1876342E-01
   4.3478261E-01   1.0103156E+02   5.0515779E+01   1.5154734E+02   1.1625766E-01   2.9704268E-06   7.7506093E-02
   4.4927536E-01   0.0000000E+00   0.0000000E+00   0.0000000E+00   0.0000000E+00   0.0000000E+00   0.0000000E+00
   4.6376812E-01   1.4207563E+02   0.0000000E+00   1.4207563E+02   4.1543873E-02   0.0000000E+00   4.1543873E-02
   4.7826087E-01   2.2961718E+01   0.0000000E+00   2.2961718E+01   2.7364662E-06   0.0000000E+00   2.7364662E-06
   4.9275362E-01   4.4572746E+01   0.0000000E+00   4.4572746E+01   5.1315037E-06   0.0000000E+00   5.1315037E-06
   5.0724638E-01   8.6598478E+01   0.0000000E+00   8.6598478E+01   8.7384923E-06   0.0000000E+00   8.7384923E-06
   5.2173913E-01   4.2096482E+01   0.0000000E+00   4.2096482E+01   3.4720089E-06   0.0000000E+00   3.4720089E-06
   5.3623188E-01   1.0239685E+02   0.0000000E+00   1.0239685E+02   9.1878721E-06   0.0000000E+00   9.1878721E-06
   5.5072464E-01   1.1964263E+02   0.0000000E+00   1.1964263E+02   5.9675099E-06   0.0000000E+00   5.9675099E-06
   5.6521739E-01   9.7145729E+01   0.0000000E+00   9.7145729E+01   1.6898561E-05   0.0000000E+00   1.6898561E-05
   5.7971014E-01   9.4717086E+01   0.0000000E+00   9.4717086E+01   8.2471305E-07   0.0000000E+00   8.2471305E-07
   5.9420290E-01   9.2406913E+01   0.0000000E+00   9.2406913E+01   1.3294521E-05   0.0000000E+00   1.3294521E-05
   6.0869565E-01   5.4124049E+01   0.0000000E+00   5.4124049E+01   6.9490461E-07   0.0000000E+00   6.9490461E-07
   6.2318841E-01   8.8108917E+01   0.0000000E+00   8.8108917E+01   5.0531686E-05   0.0000000E+00   5.0531686E-05
   6.3768116E-01   1.0332773E+02   0.0000000E+00   1.0332773E+02   4.4677673E-06   0.0000000E+00   4.4677673E-06
   6.5217391E-01   1.5154734E+02   0.0000000E+00   1.5154734E+02   3.3408588E-07   0.0000000E+00   3.3408588E-07
   6.6666667E-01   1.1530776E+02   0.0000000E+00   1.1530776E+02   9.5368493E-07   0.0000000E+00   9.5368493E-07
   6.8115942E-01   1.2897646E+02   0.0000000E+00   1.2897646E+02   3.8362230E-06   0.0000000E+00   3.8362230E-06
   6.9565217E-01   1.2628945E+02   0.0000000E+00   1.2628945E+02   1.3474401E-05   0.0000000E+00   1.3474401E-05
   7.1014493E-01   1.3917613E+02   0.0000000E+00   1.3917613E+02   3.1068049E-06   0.0000000E+00   3.1068049E-06
   7.2463768E-01   1.2123787E+02   0.0000000E+00   1.2123787E+02   2.0688983E-05   0.0000000E+00   2.0688983E-05
   7.3913043E-01   1.3371824E+02   0.0000000E+00   1.3371824E+02   9.9857124E-05   0.0000000E+00   9.9857124E-05
   7.5362319E-01   4.3715578E+01   0.0000000E+00   4.3715578E+01   8.9646838E-06   0.0000000E+00   8.9646838E-06
   7.6811594E-01   8.5781511E+01   0.0000000E+00   8.5781511E+01   4.6359914E-05   0.0000000E+00   4.6359914E-05
   7.8260870E-01   4.2096482E+01   0.0000000E+00   4.2096482E+01   3.8824810E-06   0.0000000E+00   3.8824810E-06
   7.9710145E-01   2.7554061E+01   0.0000000E+00   2.7554061E+01   4.7555876E-05   0.0000000E+00   4.7555876E-05
   8.1159420E-01   2.7062024E+01   0.0000000E+00   2.7062024E+01   8.4715848E-06   0.0000000E+00   8.4715848E-06
   8.2608696E-01   3.9880878E+01   0.0000000E+00   3.9880878E+01   5.6370331E-06   0.0000000E+00   5.6370331E-06
   8.4057971E-01   5.2257702E+01   0.0000000E+00   5.2257702E+01   1.4032189E-05   0.0000000E+00   1.4032189E-05
   8.5507246E-01   1.2842995E+01   0.0000000E+00   1.2842995E+01   1.0077690E-05   0.0000000E+00   1.0077690E-05
   8.6956522E-01   2.5257889E+01   0.0000000E+00   2.5257889E+01   2.7924213E-05   0.0000000E+00   2.7924213E-05
   8.8405797E-01   1.2421913E+01   0.0000000E+00   1.2421913E+01   1.5945281E-06   0.0000000E+00   1.5945281E-06
   8.9855072E-01   2.4443119E+01   0.0000000E+00   2.4443119E+01   3.0146407E-06   0.0000000E+00   3.0146407E-06
   9.1304348E-01   1.2027566E+01   0.0000000E+00   1.2027566E+01   1.5792717E-06   0.0000000E+00   1.5792717E-06
   9.2753623E-01   1.1839636E+01   0.0000000E+00   1.1839636E+01   5.5817590E-06   0.0000000E+00   5.5817590E-06
   9.4202899E-01   0.0000000E+00   0.0000000E+00   0.0000000E+00   0.0000000E+00   0.0000000E+00   0.0000000E+00
   9.5652174E-01   0.0000000E+00   0.0000000E+00   0.0000000E+00   0.0000000E+00   0.0000000E+00   0.0000000E+00
   9.7101449E-01   0.0000000E+00   0.0000000E+00   0.0000000E+00   0.0000000E+00   0.0000000E+00   0.0000000E+00
   9.8550725E-01   0.0000000E+00   0.0000000E+00   0.0000000E+00   0.0000000E+00   0.0000000E+00   0.0000000E+00
   1.0000000E+00   0.0000000E+00   0.0000000E+00   0.0000000E+00   0.0000000E+00   0.0000000E+00   0.0000000E+00
