   0.0000000E+00   4.4154832E+07   2.2695729E+07   6.6850561E+07   1.2325529E-03   1.5546149E-03   5.6407593E-04
   1.4492754E-02   4.5124735E+07   2.3801267E+07   6.8926002E+07   1.0600887E-03   4.8830056E-04   5.9181457E-04
   2.8985507E-02   4.4328733E+07   2.2666556E+07   6.6995289E+07   6.5859564E-04   6.6661277E-04   3.8934659E-04
   4.3478261E-02   3.6725476E+07   1.8413254E+07   5.5138225E+07   6.0773473E-04   9.1363138E-04   6.2049935E-04
   5.7971014E-02   2.5278096E+07   1.2605139E+07   3.7883046E+07   5.4590523E-04   1.1826257E-03   3.4887504E-04
   7.2463768E-02   1.3552575E+07   6.5635152E+06   2.0116090E+07   8.1625337E-04   7.2889655E-04   7.4963858E-04
   8.6956522E-02   7.4899745E+06   3.6423140E+06   1.1132288E+07   2.3830912E-03   1.4894804E-03   2.0872156E-03
   1.0144928E-01   4.1572682E+06   2.0052960E+06   6.1625642E+06   4.9380932E-03   4.6930554E-03   4.7783516E-03
   1.1594203E-01   1.4769235E+06   7.2392268E+05   2.2008462E+06   1.6771104E-02   1.8363637E-02   1.7293780E-02
   1.3043478E-01   3.0814625E+04   1.5323120E+04   4.6137745E+04   9.0633274E-02   8.8675372E-02   8.8603244E-02
   1.4492754E-01   1.2957297E+04   7.1227248E+03   2.0080022E+04   1.1741509E-01   1.1145252E-01   1.1528799E-01
   1.5942029E-01   7.7840223E+03   4.7530756E+03   1.2537098E+04   1.4576788E-01   1.3429895E-01   1.3898177E-01
   1.7391304E-01   5.9356040E+03   3.9149729E+03   9.8505769E+03   1.5158890E-01   1.2736072E-01   1.4187064E-01
   1.8840580E-01   4.5464201E+03   1.6903357E+03   6.2367558E+03   1.6663007E-01   1.4424563E-01   1.6000560E-01
   2.0289855E-01   2.7603265E+03   1.2989772E+03   4.0593037E+03   1.6280124E-01   1.5337443E-01   1.5961433E-01
   2.1739130E-01   2.4247574E+03   1.3639260E+03   3.7886834E+03   1.6351053E-01   1.9904530E-01   1.7618772E-01
   2.3188406E-01   1.7049075E+03   9.4717086E+02   2.6520784E+03   1.1356378E-01   1.9184808E-01   1.4147586E-01
   2.4637681E-01   1.3371824E+03   5.3487295E+02   1.8720553E+03   2.3148745E-01   2.4759724E-01   2.3395576E-01
   2.6086957E-01   1.2628945E+03   7.1564020E+02   1.9785347E+03   2.5623828E-01   1.2258661E-01   2.0688832E-01
   2.7536232E-01   7.9761756E+02   5.1845142E+02   1.3160690E+03   2.4250594E-01   1.9427622E-01   2.1966654E-01
   2.8985507E-01   6.8196302E+02   3.7886834E+01   7.1984985E+02   2.0299967E-01   7.5531581E-05   1.9231160E-01
   3.0434783E-01   7.9381938E+02   1.8041350E+02   9.7423288E+02   2.1479838E-01   1.6255340E-01   2.0135551E-01
   3.1884058E-01   3.0998319E+02   3.4442577E+02   6.5440895E+02   1.1190312E-01   2.3098310E-01   1.7440244E-01
   3.3333333E-01   2.3061551E+02   1.3178029E+02   3.6239581E+02   2.3798581E-01   9.9565421E-02   1.8520331E-01
   3.4782609E-01   2.5257889E+02   1.5786181E+02   4.1044070E+02   1.6847918E-01   9.4483791E-02   1.3981281E-01
   3.6231884E-01   2.4247574E+02   1.2123787E+02   3.6371361E+02   2.5621378E-01   2.5319306E-01   2.5196151E-01
   3.7681159E-01   1.4571859E+02   2.0400603E+02   3.4972462E+02   2.2308860E-01   3.0572250E-01   2.6682122E-01
   3.9130435E-01   1.1225729E+02   1.9645025E+02   3.0870754E+02   2.7444680E-01   1.2492779E-01   1.7824866E-01
   4.0579710E-01   1.6237215E+02   1.0824810E+02   2.7062024E+02   1.0500225E-01   2.8063923E-01   1.7497693E-01
   4.2028986E-01   2.0903081E+02   5.2257702E+01   2.6128851E+02   1.9908370E-01   2.9592445E-01   2.0986530E-01
   4.3478261E-01   1.7680523E+02   2.5257889E+01   2.0206312E+02   2.1830714E-01   2.3338450E-01   2.1505154E-01
   4.4927536E-01   7.3329357E+01   4.8886238E+01   1.2221559E+02   1.8176525E-01   3.6479403E-01   2.4276509E-01
   4.6376812E-01   7.1037814E+01   2.3679271E+01   9.4717086E+01   1.4144816E-01   3.5985784E-01   1.8511061E-01
   4.7826087E-01   1.1480859E+02   0.0000000E+00   1.1480859E+02   1.8543233E-01   0.0000000E+00   1.8543233E-01
   4.9275362E-01   1.1143187E+02   2.2286373E+01   1.3371824E+02   1.1003188E-01   5.9752769E-05   9.1683286E-02
   5.0724638E-01   1.0824810E+02   8.6598478E+01   1.9484658E+02   3.1361025E-01   2.0226363E-01   2.6238238E-01
   5.2173913E-01   6.3144724E+01   0.0000000E+00   6.3144724E+01   2.0263232E-01   0.0000000E+00   2.0263232E-01
   5.3623188E-01   1.6383496E+02   4.0958740E+01   2.0479370E+02   2.2935311E-01   3.9058392E-01   2.6146024E-01
   5.5072464E-01   5.9821317E+01   0.0000000E+00   5.9821317E+01   3.3277242E-01   0.0000000E+00   3.3277242E-01
   5.6521739E-01   3.8858291E+01   0.0000000E+00   3.8858291E+01   3.0272756E-01   0.0000000E+00   3.0272756E-01
   5.7971014E-01   3.7886834E+01   1.8943417E+01   5.6830251E+01   2.4954964E-01   3.0976325E-05   1.6637659E-01
   5.9420290E-01   7.3925530E+01   1.8481383E+01   9.2406913E+01   1.6272820E-01   2.7872257E-01   1.5997382E-01
   6.0869565E-01   0.0000000E+00   0.0000000E+00   0.0000000E+00   0.0000000E+00   0.0000000E+00   0.0000000E+00
   6.2318841E-01   3.5243567E+01   0.0000000E+00   3.5243567E+01   3.8295322E-05   0.0000000E+00   3.8295322E-05
   6.3768116E-01   5.1663865E+01   0.0000000E+00   5.1663865E+01   2.5372419E-01   0.0000000E+00   2.5372419E-01
   6.5217391E-01   8.4192965E+01   5.0515779E+01   1.3470874E+02   2.0876948E-01   3.8768543E-01   2.7568949E-01
   6.6666667E-01   1.6472537E+01   1.6472537E+01   3.2945073E+01   4.3572177E-01   1.9040829E-01   3.1051662E-01
   6.8115942E-01   1.6122057E+01   3.2244114E+01   4.8366171E+01   4.4570981E-01   2.5132445E-01   2.8944932E-01
   6.9565217E-01   3.1572362E+01   0.0000000E+00   3.1572362E+01   1.6316761E-01   0.0000000E+00   1.6316761E-01
   7.1014493E-01   1.5464014E+01   0.0000000E+00   1.5464014E+01   3.3810219E-01   0.0000000E+00   3.3810219E-01
   7.2463768E-01   7.5773668E+01   0.0000000E+00   7.5773668E+01   2.3319429E-01   0.0000000E+00   2.3319429E-01
   7.3913043E-01   7.4287910E+01   1.4857582E+01   8.9145492E+01   3.2318639E-01   4.1582290E-01   3.3858453E-01
   7.5362319E-01   0.0000000E+00   0.0000000E+00   0.0000000E+00   0.0000000E+00   0.0000000E+00   0.0000000E+00
   7.6811594E-01   0.0000000E+00   1.4296919E+01   1.4296919E+01   0.0000000E+00   3.9361901E-01   3.9361901E-01
   7.8260870E-01   2.8064322E+01   0.0000000E+00   2.8064322E+01   2.8285829E-01   0.0000000E+00   2.8285829E-01
   7.9710145E-01   1.3777031E+01   1.3777031E+01   2.7554061E+01   4.2852659E-01   3.2808928E-05   2.1427935E-01
   8.1159420E-01   2.7062024E+01   0.0000000E+00   2.7062024E+01   1.3861516E-01   0.0000000E+00   1.3861516E-01
   8.2608696E-01   0.0000000E+00   0.0000000E+00   0.0000000E+00   0.0000000E+00   0.0000000E+00   0.0000000E+00
   8.4057971E-01   0.0000000E+00   0.0000000E+00   0.0000000E+00   0.0000000E+00   0.0000000E+00   0.0000000E+00
   8.5507246E-01   0.0000000E+00   1.2842995E+01   1.2842995E+01   0.0000000E+00   4.5195312E-01   4.5195312E-01
   8.6956522E-01   1.2628945E+01   1.2628945E+01   2.5257889E+01   3.7639902E-01   3.2385844E-01   3.4985382E-01
   8.8405797E-01   0.0000000E+00   0.0000000E+00   0.0000000E+00   0.0000000E+00   0.0000000E+00   0.0000000E+00
   8.9855072E-01   0.0000000E+00   0.0000000E+00   0.0000000E+00   0.0000000E+00   0.0000000E+00   0.0000000E+00
   9.1304348E-01   0.0000000E+00   0.0000000E+00   0.0000000E+00   0.0000000E+00   0.0000000E+00   0.0000000E+00
   9.2753623E-01   0.0000000E+00   0.0000000E+00   0.0000000E+00   0.0000000E+00   0.0000000E+00   0.0000000E+00
   9.4202899E-01   0.0000000E+00   1.1657487E+01   1.1657487E+01   0.0000000E+00   1.4775662E-05   1.4775662E-05
   9.5652174E-01   0.0000000E+00   0.0000000E+00   0.0000000E+00   0.0000000E+00   0.0000000E+00   0.0000000E+00
   9.7101449E-01   0.0000000E+00   0.0000000E+00   0.0000000E+00   0.0000000E+00   0.0000000E+00   0.0000000E+00
   9.8550725E-01   0.0000000E+00   0.0000000E+00   0.0000000E+00   0.0000000E+00   0.0000000E+00   0.0000000E+00
   1.0000000E+00   0.0000000E+00   0.0000000E+00   0.0000000E+00   0.0000000E+00   0.0000000E+00   0.0000000E+00
