   0.0000000E+00   4.6070390E+05   2.6672331E+05   7.2742722E+05   3.3971650E-02   4.5400013E-04   2.1661645E-02
   1.4492754E-02   4.9783300E+05   2.3489837E+05   7.3273137E+05   1.7060877E-02   1.8053236E-05   1.1586779E-02
   2.8985507E-02   5.2018623E+05   2.6255576E+05   7.8274199E+05   7.1394665E-03   3.3491892E-05   4.7476236E-03
   4.3478261E-02   5.1399805E+05   2.6066142E+05   7.7465947E+05   7.1387671E-03   4.4267704E-05   4.7237454E-03
   5.7971014E-02   5.1904963E+05   2.5800934E+05   7.7705897E+05   3.0603143E-03   2.0544185E-05   2.0482035E-03
   7.2463768E-02   5.1541249E+05   2.6005523E+05   7.7546772E+05   1.9991258E-03   4.9842315E-05   1.3156884E-03
   8.6956522E-02   5.3685644E+05   2.5118971E+05   7.8804615E+05   7.3196655E-03   3.8757612E-05   4.9986099E-03
   1.0144928E-01   5.2532802E+05   2.6066142E+05   7.8598944E+05   4.8253631E-03   1.9875144E-05   3.2188520E-03
   1.1594203E-01   5.5059042E+05   2.5772519E+05   8.0831561E+05   4.8066654E-03   5.5411557E-06   3.2751893E-03
   1.3043478E-01   5.5154811E+05   2.7766840E+05   8.2921651E+05   7.5250345E-04   1.2735422E-05   5.0023425E-04
   1.4492754E-01   5.6125556E+05   2.8521209E+05   8.4646765E+05   3.3050565E-03   5.7363082E-05   2.1780226E-03
   1.5942029E-01   5.6017406E+05   2.7678055E+05   8.3695461E+05   2.0208832E-03   3.1723476E-05   1.3496918E-03
   1.7391304E-01   5.6520842E+05   2.7613188E+05   8.4134030E+05   1.0090381E-03   6.8240524E-06   6.7996119E-04
   1.8840580E-01   5.6428068E+05   2.7465040E+05   8.3893108E+05   2.9720110E-03   2.3781233E-05   2.0060756E-03
   2.0289855E-01   5.4703176E+05   2.6850941E+05   8.1554117E+05   2.9122451E-03   2.0051147E-05   1.9469879E-03
   2.1739130E-01   5.5168282E+05   2.6429856E+05   8.1598138E+05   1.2209641E-03   1.6965981E-05   8.2422888E-04
   2.3188406E-01   5.3912965E+05   2.6014048E+05   7.9922277E+05   4.0888106E-03   3.1362279E-05   2.7437354E-03
   2.4637681E-01   5.2662700E+05   2.6315749E+05   7.8978449E+05   3.7060502E-03   1.2286761E-05   2.4724580E-03
   2.6086957E-01   5.1875495E+05   2.5603081E+05   7.7478576E+05   2.7669740E-03   2.6955965E-05   1.8601871E-03
   2.7536232E-01   5.0345621E+05   2.5085072E+05   7.5430693E+05   2.6088597E-03   3.1025648E-05   1.7313464E-03
   2.8985507E-01   4.8798242E+05   2.4357446E+05   7.3155688E+05   5.3062705E-03   2.9201003E-05   3.5321296E-03
   3.0434783E-01   4.8008031E+05   2.3807365E+05   7.1811788E+05   1.0287485E-03   2.6689227E-05   6.7392816E-04
   3.1884058E-01   4.6573252E+05   2.3551834E+05   7.0121642E+05   2.2268059E-03   3.2230019E-05   1.4804313E-03
   3.3333333E-01   4.5414783E+05   2.2629971E+05   6.8044754E+05   3.7806792E-03   2.3173330E-05   2.5308366E-03
   3.4782609E-01   4.4236036E+05   2.2056452E+05   6.6292488E+05   7.0315762E-03   3.2879956E-06   4.6912104E-03
   3.6231884E-01   4.2818185E+05   2.0740769E+05   6.3555922E+05   2.2259579E-03   1.9567786E-05   1.4997205E-03
   3.7681159E-01   4.0807035E+05   2.0633753E+05   6.1440788E+05   1.7398422E-03   4.3100163E-05   1.1538128E-03
   3.9130435E-01   3.9733467E+05   1.9737637E+05   5.9471104E+05   3.0337931E-03   3.1428722E-05   2.0357122E-03
   4.0579710E-01   3.7932840E+05   1.8924474E+05   5.6854607E+05   3.4223997E-03   4.9162093E-05   2.2619298E-03
   4.2028986E-01   3.6807713E+05   1.8561936E+05   5.5367036E+05   1.6340900E-03   8.1868554E-06   1.0824678E-03
   4.3478261E-01   3.5800533E+05   1.7445624E+05   5.3246157E+05   3.2139381E-03   4.2119558E-05   2.1744272E-03
   4.4927536E-01   3.4345026E+05   1.7437721E+05   5.1782747E+05   3.4499217E-03   6.6494821E-06   2.2903684E-03
   4.6376812E-01   3.2682130E+05   1.6634688E+05   4.9314451E+05   1.9441882E-03   7.7775509E-06   1.2880005E-03
   4.7826087E-01   3.1459849E+05   1.6213269E+05   4.7673118E+05   4.9918996E-03   2.9049908E-05   3.3027526E-03
   4.9275362E-01   3.0416442E+05   1.5315196E+05   4.5729409E+05   4.1716457E-03   1.7760927E-05   2.7693624E-03
   5.0724638E-01   2.9027810E+05   1.4799680E+05   4.3827490E+05   4.8686838E-03   2.6385328E-05   3.2166908E-03
   5.2173913E-01   2.8082563E+05   1.4068644E+05   4.2151208E+05   2.1425363E-03   2.6112169E-05   1.4288081E-03
   5.3623188E-01   2.7428020E+05   1.3803095E+05   4.1231115E+05   4.1419862E-03   1.4183453E-05   2.7600973E-03
   5.5072464E-01   2.6508820E+05   1.2658191E+05   3.9167010E+05   1.3614817E-03   1.4548492E-05   9.2329924E-04
   5.6521739E-01   2.5292862E+05   1.2250076E+05   3.7542938E+05   3.7071670E-03   8.6527680E-06   2.4984903E-03
   5.7971014E-01   2.4444585E+05   1.2030964E+05   3.6475550E+05   4.7057043E-03   3.4871374E-05   3.1639973E-03
   5.9420290E-01   2.3321657E+05   1.1508357E+05   3.4830014E+05   3.5223502E-03   2.0774201E-05   2.3530402E-03
   6.0869565E-01   2.2163798E+05   1.1035894E+05   3.3197887E+05   5.6348879E-03   2.9295908E-05   3.7631918E-03
   6.2318841E-01   2.1454521E+05   1.0465577E+05   3.1918336E+05   5.7267932E-03   4.0093063E-05   3.8572809E-03
   6.3768116E-01   2.0734431E+05   1.0313830E+05   3.1046539E+05   4.4397068E-03   4.4575201E-06   2.9690978E-03
   6.5217391E-01   1.9389640E+05   9.8876218E+04   2.9277262E+05   3.6443121E-03   1.4401653E-05   2.4089373E-03
   6.6666667E-01   1.8752336E+05   9.5787800E+04   2.8331116E+05   3.6069692E-03   1.3538104E-05   2.3899951E-03
   6.8115942E-01   1.7961584E+05   8.9912712E+04   2.6952855E+05   5.2862520E-03   3.1668819E-05   3.5177801E-03
   6.9565217E-01   1.7360063E+05   8.7597518E+04   2.6119815E+05   3.3645267E-03   4.2312222E-05   2.2493590E-03
   7.1014493E-01   1.6554227E+05   8.2794331E+04   2.4833660E+05   4.7714822E-03   1.6472839E-05   3.1758082E-03
   7.2463768E-01   1.5480560E+05   7.7698320E+04   2.3250392E+05   6.1219111E-03   1.0310807E-05   4.0732022E-03
   7.3913043E-01   1.4963071E+05   7.3842183E+04   2.2347289E+05   3.5775214E-03   3.8640062E-05   2.4076314E-03
   7.5362319E-01   1.4638890E+05   7.1853838E+04   2.1824274E+05   5.0196384E-03   1.7702919E-05   3.3620894E-03
   7.6811594E-01   1.3972379E+05   7.1155764E+04   2.1087955E+05   9.5899956E-03   3.4200076E-06   6.3540838E-03
   7.8260870E-01   1.3072361E+05   6.4996969E+04   1.9572058E+05   8.1636335E-03   1.7214985E-05   5.4532520E-03
   7.9710145E-01   1.2300133E+05   6.2768152E+04   1.8576948E+05   8.8912747E-03   7.0803422E-06   5.8848320E-03
   8.1159420E-01   1.1486476E+05   5.9509392E+04   1.7437415E+05   7.5717877E-03   2.1580498E-05   4.9950955E-03
   8.2608696E-01   1.1008452E+05   5.6644141E+04   1.6672866E+05   9.3225013E-03   6.9590659E-06   6.1566400E-03
   8.4057971E-01   1.0520782E+05   5.3342050E+04   1.5854987E+05   1.3730897E-02   2.4350856E-05   9.1101819E-03
   8.5507246E-01   9.8492926E+04   5.0511498E+04   1.4900442E+05   1.7992791E-02   3.2550202E-05   1.1892357E-02
   8.6956522E-01   9.3391046E+04   4.7598493E+04   1.4098954E+05   1.1524687E-02   5.3687331E-06   7.6349702E-03
   8.8405797E-01   8.7226672E+04   4.4681621E+04   1.3190829E+05   1.1928408E-02   3.2789379E-05   7.8767891E-03
   8.9855072E-01   7.9269034E+04   4.1736625E+04   1.2100566E+05   1.1635718E-02   2.5009532E-05   7.6305159E-03
   9.1304348E-01   7.2778804E+04   3.9065536E+04   1.1184434E+05   2.0486608E-02   3.2256524E-05   1.3320965E-02
   9.2753623E-01   6.7047857E+04   3.4548057E+04   1.0159591E+05   1.2465306E-02   3.4070208E-05   8.2149790E-03
   9.4202899E-01   5.9126776E+04   3.1871571E+04   9.0998347E+04   1.9431893E-02   2.7872794E-05   1.2635216E-02
   9.5652174E-01   5.1342401E+04   2.8070700E+04   7.9413101E+04   2.4603128E-02   1.5321293E-05   1.5902534E-02
   9.7101449E-01   4.1980874E+04   2.3930908E+04   6.5911782E+04   2.8674513E-02   2.1103499E-05   1.8264191E-02
   9.8550725E-01   3.0933486E+04   1.6269052E+04   4.7202538E+04   4.3629356E-02   2.2544121E-06   2.8591301E-02
   1.0000000E+00   7.3311708E+03   2.9543524E+03   1.0285523E+04   7.2797183E-02   6.9393517E-06   5.1887267E-02
