   0.0000000E+00   6.9275319E+07   3.5637872E+07   1.0491319E+08   6.8397421E-04   3.6899084E-05   4.6399683E-04
   1.4492754E-02   8.0098072E+07   4.0168379E+07   1.2026645E+08   3.5420073E-04   1.0626675E-05   2.3356979E-04
   2.8985507E-02   6.8418318E+07   3.4572494E+07   1.0298930E+08   2.3710500E-04   5.4113289E-05   1.6246742E-04
   4.3478261E-02   4.1127927E+07   2.0726119E+07   6.1852783E+07   5.7066913E-04   2.3546063E-05   3.8577629E-04
   5.7971014E-02   2.5191335E+07   1.2625977E+07   3.7817312E+07   1.7649912E-03   3.4770113E-05   1.1869440E-03
   7.2463768E-02   5.9630846E+06   2.9494143E+06   8.9124989E+06   5.6190469E-03   1.3232275E-04   3.7165278E-03
   8.6956522E-02   2.2070344E+06   1.0831846E+06   3.2902190E+06   8.3726268E-03   3.1145073E-04   5.5160622E-03
   1.0144928E-01   1.1415844E+06   5.7772010E+05   1.7193045E+06   1.1064484E-02   2.3412559E-04   7.4030342E-03
   1.1594203E-01   3.3169923E+05   1.8176209E+05   5.1346132E+05   1.1737998E-02   9.4817450E-05   7.6057445E-03
   1.3043478E-01   2.2311136E+04   1.0187349E+04   3.2498484E+04   1.0690466E-01   6.5489001E-05   7.3398053E-02
   1.4492754E-01   1.2502655E+04   5.3041568E+03   1.7806812E+04   1.3705271E-01   1.6894470E-06   9.6228396E-02
   1.5942029E-01   8.7484144E+03   3.7197983E+03   1.2468213E+04   1.6749095E-01   3.3457373E-06   1.1752036E-01
   1.7391304E-01   5.3041568E+03   1.8311970E+03   7.1353538E+03   1.8537054E-01   2.1650048E-05   1.3780105E-01
   1.8840580E-01   3.7886834E+03   1.5737608E+03   5.3624442E+03   1.7282779E-01   2.9273138E-06   1.2210590E-01
   2.0289855E-01   3.3015670E+03   1.1907291E+03   4.4922961E+03   2.3721658E-01   5.8485509E-06   1.7433849E-01
   2.1739130E-01   1.8690838E+03   6.5670513E+02   2.5257889E+03   1.9798444E-01   9.4069412E-06   1.4650650E-01
   2.3188406E-01   1.6575490E+03   6.6301960E+02   2.3205686E+03   2.2795758E-01   1.1034360E-05   1.6282384E-01
   2.4637681E-01   1.2034641E+03   7.5773668E+02   1.9612008E+03   2.7499030E-01   1.3568719E-05   1.6874918E-01
   2.6086957E-01   8.8402613E+02   4.6306131E+02   1.3470874E+03   1.8556975E-01   6.5417679E-06   1.2178229E-01
   2.7536232E-01   9.1726020E+02   2.3928527E+02   1.1565455E+03   2.4467738E-01   1.5085168E-05   1.9405195E-01
   2.8985507E-01   3.7886834E+02   1.5154734E+02   5.3041568E+02   3.1874853E-01   1.4604572E-06   2.2767719E-01
   3.0434783E-01   4.3299239E+02   2.5257889E+02   6.8557129E+02   2.9594489E-01   1.0291982E-04   1.8687651E-01
   3.1884058E-01   3.0998319E+02   1.7221288E+02   4.8219607E+02   2.5738727E-01   1.9874912E-05   1.6547023E-01
   3.3333333E-01   1.6472537E+02   0.0000000E+00   1.6472537E+02   2.6651705E-01   0.0000000E+00   2.6651705E-01
   3.4782609E-01   3.1572362E+02   1.2628945E+02   4.4201307E+02   3.6099796E-01   4.0355720E-06   2.5785455E-01
   3.6231884E-01   1.5154734E+02   1.2123787E+02   2.7278521E+02   3.6670249E-01   2.2802437E-05   2.0373372E-01
   3.7681159E-01   1.1657487E+02   0.0000000E+00   1.1657487E+02   3.8450848E-01   0.0000000E+00   3.8450848E-01
   3.9130435E-01   1.4032161E+02   8.4192965E+01   2.2451457E+02   2.0018616E-01   7.8984363E-06   1.2511340E-01
   4.0579710E-01   1.6237215E+02   5.4124049E+01   2.1649620E+02   2.5077557E-01   5.2159367E-06   1.8808143E-01
   4.2028986E-01   1.0451540E+02   2.6128851E+01   1.3064426E+02   3.5960586E-01   1.0396037E-06   2.8768489E-01
   4.3478261E-01   7.5773668E+01   5.0515779E+01   1.2628945E+02   4.0560473E-01   3.5052280E-06   2.4336410E-01
   4.4927536E-01   4.8886238E+01   2.4443119E+01   7.3329357E+01   3.6627537E-01   2.3633586E-05   2.4419095E-01
   4.6376812E-01   7.1037814E+01   0.0000000E+00   7.1037814E+01   1.9231106E-01   0.0000000E+00   1.9231106E-01
   4.7826087E-01   6.8885153E+01   2.2961718E+01   9.1846871E+01   3.6754235E-01   2.2566714E-05   2.7566212E-01
   4.9275362E-01   1.1143187E+02   0.0000000E+00   1.1143187E+02   2.0112893E-01   0.0000000E+00   2.0112893E-01
   5.0724638E-01   0.0000000E+00   2.1649620E+01   2.1649620E+01   0.0000000E+00   1.6281035E-05   1.6281035E-05
   5.2173913E-01   2.1048241E+01   2.1048241E+01   4.2096482E+01   4.9737999E-01   2.3758737E-06   2.4868886E-01
   5.3623188E-01   8.1917479E+01   0.0000000E+00   8.1917479E+01   3.3009085E-01   0.0000000E+00   3.3009085E-01
   5.5072464E-01   1.9940439E+01   0.0000000E+00   1.9940439E+01   7.1678027E-02   0.0000000E+00   7.1678027E-02
   5.6521739E-01   1.9429146E+01   0.0000000E+00   1.9429146E+01   2.4309517E-01   0.0000000E+00   2.4309517E-01
   5.7971014E-01   1.8943417E+01   3.7886834E+01   5.6830251E+01   3.2381249E-01   1.5627067E-05   1.0792797E-01
   5.9420290E-01   0.0000000E+00   0.0000000E+00   0.0000000E+00   0.0000000E+00   0.0000000E+00   0.0000000E+00
   6.0869565E-01   1.8041350E+01   1.8041350E+01   3.6082699E+01   5.0020387E-01   8.6944121E-06   2.5010607E-01
   6.2318841E-01   3.5243567E+01   0.0000000E+00   3.5243567E+01   3.8311160E-01   0.0000000E+00   3.8311160E-01
   6.3768116E-01   3.4442577E+01   0.0000000E+00   3.4442577E+01   2.4067860E-01   0.0000000E+00   2.4067860E-01
   6.5217391E-01   1.6838593E+01   0.0000000E+00   1.6838593E+01   3.8215742E-01   0.0000000E+00   3.8215742E-01
   6.6666667E-01   0.0000000E+00   1.6472537E+01   1.6472537E+01   0.0000000E+00   2.8397815E-05   2.8397815E-05
   6.8115942E-01   3.2244114E+01   0.0000000E+00   3.2244114E+01   4.5039923E-01   0.0000000E+00   4.5039923E-01
   6.9565217E-01   3.1572362E+01   0.0000000E+00   3.1572362E+01   3.4148040E-01   0.0000000E+00   3.4148040E-01
   7.1014493E-01   0.0000000E+00   0.0000000E+00   0.0000000E+00   0.0000000E+00   0.0000000E+00   0.0000000E+00
   7.2463768E-01   0.0000000E+00   1.5154734E+01   1.5154734E+01   0.0000000E+00   6.0843798E-05   6.0843798E-05
   7.3913043E-01   1.4857582E+01   0.0000000E+00   1.4857582E+01   3.5373630E-01   0.0000000E+00   3.5373630E-01
   7.5362319E-01   0.0000000E+00   0.0000000E+00   0.0000000E+00   0.0000000E+00   0.0000000E+00   0.0000000E+00
   7.6811594E-01   1.4296919E+01   1.4296919E+01   2.8593837E+01   4.0237458E-01   1.7097083E-05   2.0119544E-01
   7.8260870E-01   0.0000000E+00   0.0000000E+00   0.0000000E+00   0.0000000E+00   0.0000000E+00   0.0000000E+00
   7.9710145E-01   1.3777031E+01   0.0000000E+00   1.3777031E+01   4.4451551E-01   0.0000000E+00   4.4451551E-01
   8.1159420E-01   0.0000000E+00   0.0000000E+00   0.0000000E+00   0.0000000E+00   0.0000000E+00   0.0000000E+00
   8.2608696E-01   0.0000000E+00   0.0000000E+00   0.0000000E+00   0.0000000E+00   0.0000000E+00   0.0000000E+00
   8.4057971E-01   1.3064426E+01   0.0000000E+00   1.3064426E+01   3.7139976E-01   0.0000000E+00   3.7139976E-01
   8.5507246E-01   0.0000000E+00   0.0000000E+00   0.0000000E+00   0.0000000E+00   0.0000000E+00   0.0000000E+00
   8.6956522E-01   0.0000000E+00   0.0000000E+00   0.0000000E+00   0.0000000E+00   0.0000000E+00   0.0000000E+00
   8.8405797E-01   0.0000000E+00   0.0000000E+00   0.0000000E+00   0.0000000E+00   0.0000000E+00   0.0000000E+00
   8.9855072E-01   0.0000000E+00   0.0000000E+00   0.0000000E+00   0.0000000E+00   0.0000000E+00   0.0000000E+00
   9.1304348E-01   0.0000000E+00   0.0000000E+00   0.0000000E+00   0.0000000E+00   0.0000000E+00   0.0000000E+00
   9.2753623E-01   0.0000000E+00   0.0000000E+00   0.0000000E+00   0.0000000E+00   0.0000000E+00   0.0000000E+00
   9.4202899E-01   0.0000000E+00   0.0000000E+00   0.0000000E+00   0.0000000E+00   0.0000000E+00   0.0000000E+00
   9.5652174E-01   0.0000000E+00   0.0000000E+00   0.0000000E+00   0.0000000E+00   0.0000000E+00   0.0000000E+00
   9.7101449E-01   0.0000000E+00   0.0000000E+00   0.0000000E+00   0.0000000E+00   0.0000000E+00   0.0000000E+00
   9.8550725E-01   0.0000000E+00   0.0000000E+00   0.0000000E+00   0.0000000E+00   0.0000000E+00   0.0000000E+00
   1.0000000E+00   0.0000000E+00   0.0000000E+00   0.0000000E+00   0.0000000E+00   0.0000000E+00   0.0000000E+00
