   0.0000000E+00   1.3020947E+07   6.2134408E+06   1.9234388E+07   2.2134689E-04   5.9265464E-04   2.0284296E-04
   1.4492754E-02   1.3887798E+07   7.0886267E+06   2.0975667E+07   6.6045419E-04   4.6964144E-05   4.2572402E-04
   2.8985507E-02   1.4537936E+07   7.4303659E+06   2.1967165E+07   6.9300029E-04   5.5709989E-04   6.4247911E-04
   4.3478261E-02   1.2747404E+07   6.4581898E+06   1.9205089E+07   2.2071981E-04   2.0865900E-04   1.4438876E-04
   5.7971014E-02   1.0295747E+07   5.2043250E+06   1.5499125E+07   1.8792919E-04   5.0021780E-04   2.2494976E-04
   7.2463768E-02   8.0159448E+06   4.1320897E+06   1.2147125E+07   1.6077164E-04   2.8256161E-04   1.5459166E-04
   8.6956522E-02   6.1960129E+06   3.1170761E+06   9.3124576E+06   1.2435188E-04   7.6366781E-04   2.9078413E-04
   1.0144928E-01   4.6952612E+06   2.3605663E+06   7.0558275E+06   1.0045592E-03   5.4529457E-04   6.1997565E-04
   1.1594203E-01   3.4986597E+06   1.7863642E+06   5.2848345E+06   6.0754237E-04   7.7324613E-04   6.5465968E-04
   1.3043478E-01   2.6466900E+06   1.3194721E+06   3.9660780E+06   1.0635700E-03   3.8049546E-04   8.2715921E-04
   1.4492754E-01   2.0072445E+06   9.8604275E+05   2.9932872E+06   1.6877496E-03   1.2414229E-03   1.4862713E-03
   1.5942029E-01   1.5241529E+06   7.5753003E+05   2.2816829E+06   6.0974923E-04   5.6284167E-04   3.9581565E-04
   1.7391304E-01   1.1941930E+06   5.9450757E+05   1.7887006E+06   6.0602393E-04   1.3273493E-03   8.4351518E-04
   1.8840580E-01   9.7398308E+05   4.6956359E+05   1.4435467E+06   1.1453779E-03   1.1287035E-03   8.9323338E-04
   2.0289855E-01   7.9058998E+05   3.9710815E+05   1.1876440E+06   1.4575178E-03   7.3102033E-04   7.2848877E-04
   2.1739130E-01   6.6756602E+05   3.3067629E+05   9.9824231E+05   3.2750814E-03   1.7210192E-04   2.1389019E-03
   2.3188406E-01   5.6366138E+05   2.7662125E+05   8.4028262E+05   1.8686448E-03   1.2460235E-03   1.4819378E-03
   2.4637681E-01   4.8767042E+05   2.4189629E+05   7.2956671E+05   2.3160763E-03   2.5563722E-03   1.6080210E-03
   2.6086957E-01   4.2163837E+05   2.0345230E+05   6.2509067E+05   2.3493116E-03   2.1653330E-03   8.8808806E-04
   2.7536232E-01   3.6818027E+05   1.8081990E+05   5.4900017E+05   2.6936066E-03   2.4781754E-03   1.1411856E-03
   2.8985507E-01   3.2753168E+05   1.6514871E+05   4.9268039E+05   1.3823738E-03   9.3026609E-04   1.1167375E-03
   3.0434783E-01   2.8981624E+05   1.4332048E+05   4.3313672E+05   3.7075882E-04   2.2222767E-03   5.4490870E-04
   3.1884058E-01   2.4864096E+05   1.2564652E+05   3.7425304E+05   1.2311069E-03   2.2901667E-03   2.2718557E-04
   3.3333333E-01   2.2461951E+05   1.0855402E+05   3.3317353E+05   2.6055887E-03   1.4802145E-03   1.2747255E-03
   3.4782609E-01   1.9587493E+05   9.5948408E+04   2.9182334E+05   1.9387679E-03   1.0950166E-03   1.6595163E-03
   3.6231884E-01   1.7670419E+05   8.7139719E+04   2.6384391E+05   2.4540453E-03   2.4511754E-03   1.9672749E-03
   3.7681159E-01   1.5545260E+05   7.3529602E+04   2.2898220E+05   1.7945836E-03   1.7656235E-03   1.7803026E-03
   3.9130435E-01   1.3602777E+05   6.5895027E+04   2.0192279E+05   6.0631942E-03   1.6153472E-03   4.1426357E-03
   4.0579710E-01   1.1828811E+05   5.9996508E+04   1.7828462E+05   1.4205800E-03   4.5954476E-03   6.1231438E-04
   4.2028986E-01   1.0642281E+05   4.9592560E+04   1.5601537E+05   2.9473957E-03   3.0698301E-03   1.4569601E-03
   4.3478261E-01   9.7672259E+04   4.7055448E+04   1.4472771E+05   8.1844219E-03   4.0223121E-03   6.7946843E-03
   4.4927536E-01   8.7604138E+04   4.3630967E+04   1.3123511E+05   5.7907746E-03   1.3144035E-03   4.0579685E-03
   4.6376812E-01   8.1077825E+04   3.8834005E+04   1.1991183E+05   6.3874400E-03   4.4824639E-03   4.3640015E-03
   4.7826087E-01   7.4120425E+04   3.4626270E+04   1.0874670E+05   1.1015649E-02   6.9125142E-03   5.5288315E-03
   4.9275362E-01   6.8976325E+04   3.3696996E+04   1.0267332E+05   7.0582584E-03   2.7928202E-03   4.1767308E-03
   5.0724638E-01   6.2675649E+04   3.2734225E+04   9.5409873E+04   8.5826400E-03   3.0104425E-03   6.6539796E-03
   5.2173913E-01   5.9945391E+04   2.9572779E+04   8.9518170E+04   9.2389568E-04   2.1581369E-03   1.1643598E-03
   5.3623188E-01   5.3369238E+04   2.6295511E+04   7.9664749E+04   3.9132265E-03   4.7872839E-03   4.1842624E-03
   5.5072464E-01   5.1705558E+04   2.6161856E+04   7.7867415E+04   5.6051738E-03   3.8681729E-03   2.6089906E-03
   5.6521739E-01   4.8708868E+04   2.4344720E+04   7.3053588E+04   6.3678853E-03   3.9867950E-03   4.5999112E-03
   5.7971014E-01   4.4460200E+04   2.3224629E+04   6.7684829E+04   4.4131286E-03   1.6174041E-03   3.1780593E-03
   5.9420290E-01   4.2525661E+04   2.0514335E+04   6.3039996E+04   2.7641227E-03   3.5345365E-03   1.6592477E-03
   6.0869565E-01   4.1026029E+04   1.9701154E+04   6.0727183E+04   5.2186320E-03   5.4791830E-03   2.7639230E-03
   6.2318841E-01   3.8362622E+04   1.8855308E+04   5.7217931E+04   4.0683815E-03   5.2575108E-03   3.1932767E-03
   6.3768116E-01   3.4425355E+04   1.9063966E+04   5.3489321E+04   1.0165145E-02   2.6525774E-03   7.1736515E-03
   6.5217391E-01   3.3155190E+04   1.7276396E+04   5.0431586E+04   7.4089519E-03   1.9937051E-03   4.9920771E-03
   6.6666667E-01   3.1940248E+04   1.5583020E+04   4.7523268E+04   2.6762795E-03   2.4333034E-03   1.8660141E-03
   6.8115942E-01   3.0777007E+04   1.6122057E+04   4.6899064E+04   1.4014888E-02   4.6348236E-03   9.8556248E-03
   6.9565217E-01   2.8825566E+04   1.4570645E+04   4.3396211E+04   1.0334290E-02   8.8362498E-03   8.7530559E-03
   7.1014493E-01   2.5824903E+04   1.4273285E+04   4.0098188E+04   1.4373783E-02   8.2545792E-03   1.0941250E-02
   7.2463768E-01   2.5884285E+04   1.2699667E+04   3.8583952E+04   1.6900566E-02   4.7797591E-03   1.0017723E-02
   7.3913043E-01   2.4440722E+04   1.2732948E+04   3.7173670E+04   7.7121636E-03   7.4982583E-03   3.5337160E-03
   7.5362319E-01   2.3606412E+04   1.1686631E+04   3.5293043E+04   7.3627261E-03   2.7964710E-03   5.7635117E-03
   7.6811594E-01   2.2203115E+04   1.1737770E+04   3.3940885E+04   9.5618056E-03   6.9762734E-04   6.1384610E-03
   7.8260870E-01   2.0444858E+04   1.0032995E+04   3.0477853E+04   4.9585486E-03   4.1799509E-03   4.6822802E-03
   7.9710145E-01   1.9522052E+04   1.0291442E+04   2.9813494E+04   9.1724541E-03   2.1415699E-03   6.7424682E-03
   8.1159420E-01   1.7806812E+04   9.3499294E+03   2.7156742E+04   8.3641214E-03   1.0343528E-02   4.5685038E-03
   8.2608696E-01   1.7520999E+04   9.0795466E+03   2.6600546E+04   8.3615353E-03   9.8058868E-03   7.8293376E-03
   8.4057971E-01   1.6931496E+04   8.5441343E+03   2.5475630E+04   1.4349338E-02   4.0278862E-03   1.0832214E-02
   8.5507246E-01   1.4962089E+04   7.0893330E+03   2.2051422E+04   5.9812042E-03   3.5803586E-03   3.5294600E-03
   8.6956522E-01   1.4409626E+04   7.0722091E+03   2.1481835E+04   1.5049899E-02   3.2776879E-03   1.1089494E-02
   8.8405797E-01   1.3092696E+04   6.6208796E+03   1.9713576E+04   9.2060539E-03   5.0185806E-03   7.6659728E-03
   8.9855072E-01   1.2685979E+04   6.0618935E+03   1.8747872E+04   1.6085383E-02   5.6315172E-03   1.1625664E-02
   9.1304348E-01   1.1726877E+04   5.7852594E+03   1.7512137E+04   1.2405895E-02   4.0621323E-03   9.5471629E-03
   9.2753623E-01   9.8979354E+03   5.1265623E+03   1.5024498E+04   1.0933528E-02   6.1566002E-03   7.4074409E-03
   9.4202899E-01   9.6174271E+03   4.7562549E+03   1.4373682E+04   2.1628671E-02   7.6928519E-03   1.6979420E-02
   9.5652174E-01   8.0825246E+03   4.2708795E+03   1.2353404E+04   2.5216825E-02   4.4778529E-03   1.5014844E-02
   9.7101449E-01   6.1976075E+03   3.6868979E+03   9.8845054E+03   3.9041778E-02   1.2763190E-02   2.7784506E-02
   9.8550725E-01   3.6772516E+03   1.3817551E+03   5.0590067E+03   4.4976257E-02   1.1483841E-02   3.5031865E-02
   1.0000000E+00   0.0000000E+00   2.1884092E+01   2.1884092E+01   0.0000000E+00   1.5107955E-05   1.5107955E-05
