   0.0000000E+00   7.8762182E+07   3.9499298E+07   1.1826148E+08   9.4543776E-04   1.5700834E-04   6.5499804E-04
   1.4492754E-02   8.5578781E+07   4.3103851E+07   1.2868263E+08   1.6150045E-04   9.2757981E-05   1.1165090E-04
   2.8985507E-02   7.0804810E+07   3.5847386E+07   1.0665106E+08   6.0086454E-04   5.7759555E-05   3.8214821E-04
   4.3478261E-02   4.1434557E+07   2.0833465E+07   6.2267770E+07   4.0848845E-04   6.7082476E-05   2.9345136E-04
   5.7971014E-02   2.4240186E+07   1.2166789E+07   3.6407164E+07   5.0609609E-04   1.6318688E-04   3.3196543E-04
   7.2463768E-02   5.5366304E+06   2.6990581E+06   8.2356885E+06   1.3434975E-03   7.3658377E-04   6.8365888E-04
   8.6956522E-02   1.6828069E+06   7.9044565E+05   2.4732525E+06   1.6632733E-03   1.8833834E-03   1.6087956E-03
   1.0144928E-01   7.5708720E+05   3.6815178E+05   1.1252390E+06   6.7552999E-03   8.0423886E-04   4.4181521E-03
   1.1594203E-01   2.1974364E+05   1.0987182E+05   3.2961546E+05   1.1726910E-02   9.2251702E-04   8.1222972E-03
   1.3043478E-01   1.5154734E+04   6.0618935E+03   2.1216627E+04   1.1318061E-01   5.7562982E-03   8.1539018E-02
   1.4492754E-01   1.1441824E+04   3.3340414E+03   1.4775865E+04   1.2541849E-01   4.2336916E-03   9.8065971E-02
   1.5942029E-01   1.1434935E+04   2.5487507E+03   1.3983686E+04   1.7164254E-01   2.0430074E-05   1.4035422E-01
   1.7391304E-01   8.9034060E+03   3.1572362E+03   1.2060642E+04   1.7272605E-01   2.9205349E-03   1.2826961E-01
   1.8840580E-01   8.1602412E+03   2.5646472E+03   1.0724888E+04   2.0045454E-01   5.2378492E-04   1.5240188E-01
   2.0289855E-01   9.3634605E+03   1.8402177E+03   1.1203678E+04   2.2423855E-01   9.1278212E-03   1.8874173E-01
   2.1739130E-01   5.9608619E+03   2.2226943E+03   8.1835562E+03   2.4126629E-01   4.2366033E-05   1.7572568E-01
   2.3188406E-01   5.3515153E+03   1.4207563E+03   6.7722716E+03   2.2543485E-01   2.3829111E-02   1.8300571E-01
   2.4637681E-01   4.7247111E+03   1.2034641E+03   5.9281752E+03   2.5191628E-01   9.3171417E-06   2.0077727E-01
   2.6086957E-01   4.5464201E+03   1.3049910E+03   5.8514111E+03   2.5124217E-01   1.1771308E-02   1.9783023E-01
   2.7536232E-01   3.2702320E+03   9.5714107E+02   4.2273731E+03   2.9514366E-01   7.2990233E-05   2.2833485E-01
   2.8985507E-01   2.5763047E+03   5.6830251E+02   3.1446072E+03   2.3956868E-01   1.1864491E-06   1.9627292E-01
   3.0434783E-01   2.8144505E+03   5.7732319E+02   3.3917737E+03   2.7348855E-01   9.1818398E-06   2.2693587E-01
   3.1884058E-01   1.8254566E+03   4.8219607E+02   2.3076526E+03   2.5870508E-01   2.7212348E-02   2.1032948E-01
   3.3333333E-01   1.4166381E+03   3.9534088E+02   1.8119790E+03   2.7980597E-01   3.1717462E-06   2.1875673E-01
   3.4782609E-01   1.4839010E+03   2.2100653E+02   1.7049075E+03   2.8055210E-01   1.2316592E-03   2.4434382E-01
   3.6231884E-01   1.0608314E+03   1.5154734E+02   1.2123787E+03   2.1400173E-01   1.0379534E-06   1.8725164E-01
   3.7681159E-01   1.1074613E+03   1.7486231E+02   1.2823236E+03   2.2309420E-01   2.5701762E-07   1.9267227E-01
   3.9130435E-01   7.0160804E+02   1.6838593E+02   8.6999397E+02   2.2719569E-01   2.5559409E-05   1.8321748E-01
   4.0579710E-01   5.4124049E+02   2.7062024E+01   5.6830251E+02   2.8633688E-01   6.2481276E-06   2.7270150E-01
   4.2028986E-01   4.9644817E+02   7.8386554E+01   5.7483473E+02   2.2166298E-01   2.9407629E-05   1.9144022E-01
   4.3478261E-01   3.7886834E+02   1.2628945E+02   5.0515779E+02   2.1762287E-01   1.5368344E-04   1.6325545E-01
   4.4927536E-01   2.9331743E+02   4.8886238E+01   3.4220366E+02   2.5861823E-01   1.3898584E-05   2.2167079E-01
   4.6376812E-01   2.6047199E+02   2.3679271E+01   2.8415126E+02   2.5295436E-01   1.9180865E-06   2.3187499E-01
   4.7826087E-01   2.9850233E+02   2.2961718E+01   3.2146405E+02   1.9301282E-01   8.0197428E-06   1.7922676E-01
   4.9275362E-01   2.6743648E+02   4.4572746E+01   3.1200922E+02   2.2764659E-01   9.5391592E-06   1.9512701E-01
   5.0724638E-01   3.0309467E+02   0.0000000E+00   3.0309467E+02   1.5029240E-01   0.0000000E+00   1.5029240E-01
   5.2173913E-01   1.6838593E+02   2.1048241E+01   1.8943417E+02   2.2369823E-01   3.8305061E-05   1.9884712E-01
   5.3623188E-01   1.6383496E+02   2.0479370E+01   1.8431433E+02   1.8642750E-01   1.1677060E-05   1.6571205E-01
   5.5072464E-01   1.7946395E+02   0.0000000E+00   1.7946395E+02   1.9047673E-01   0.0000000E+00   1.9047673E-01
   5.6521739E-01   2.1372060E+02   1.9429146E+01   2.3314975E+02   1.0838619E-01   1.7351553E-05   9.9352565E-02
   5.7971014E-01   9.4717086E+01   0.0000000E+00   9.4717086E+01   1.5721056E-01   0.0000000E+00   1.5721056E-01
   5.9420290E-01   1.1088830E+02   0.0000000E+00   1.1088830E+02   1.7961208E-01   0.0000000E+00   1.7961208E-01
   6.0869565E-01   1.0824810E+02   0.0000000E+00   1.0824810E+02   9.6917831E-02   0.0000000E+00   9.6917831E-02
   6.2318841E-01   1.7621783E+02   0.0000000E+00   1.7621783E+02   2.1369208E-01   0.0000000E+00   2.1369208E-01
   6.3768116E-01   1.2054902E+02   1.7221288E+01   1.3777031E+02   6.0992779E-02   2.4880486E-05   5.3371767E-02
   6.5217391E-01   1.6838593E+01   1.6838593E+01   3.3677186E+01   5.1549945E-06   3.2408872E-01   1.6204178E-01
   6.6666667E-01   9.8835220E+01   0.0000000E+00   9.8835220E+01   3.1433938E-05   0.0000000E+00   3.1433938E-05
   6.8115942E-01   6.4488228E+01   0.0000000E+00   6.4488228E+01   1.6495084E-01   0.0000000E+00   1.6495084E-01
   6.9565217E-01   3.1572362E+01   0.0000000E+00   3.1572362E+01   5.5319462E-06   0.0000000E+00   5.5319462E-06
   7.1014493E-01   0.0000000E+00   0.0000000E+00   0.0000000E+00   0.0000000E+00   0.0000000E+00   0.0000000E+00
   7.2463768E-01   3.0309467E+01   0.0000000E+00   3.0309467E+01   1.4851517E-05   0.0000000E+00   1.4851517E-05
   7.3913043E-01   8.9145492E+01   0.0000000E+00   8.9145492E+01   2.3634739E-05   0.0000000E+00   2.3634739E-05
   7.5362319E-01   1.4571859E+01   0.0000000E+00   1.4571859E+01   2.4724714E-01   0.0000000E+00   2.4724714E-01
   7.6811594E-01   5.7187674E+01   0.0000000E+00   5.7187674E+01   1.0713496E-01   0.0000000E+00   1.0713496E-01
   7.8260870E-01   5.6128643E+01   0.0000000E+00   5.6128643E+01   2.1896648E-06   0.0000000E+00   2.1896648E-06
   7.9710145E-01   4.1331092E+01   0.0000000E+00   4.1331092E+01   1.4284461E-01   0.0000000E+00   1.4284461E-01
   8.1159420E-01   5.4124049E+01   0.0000000E+00   5.4124049E+01   6.8907026E-02   0.0000000E+00   6.8907026E-02
   8.2608696E-01   2.6587252E+01   0.0000000E+00   2.6587252E+01   4.5124416E-06   0.0000000E+00   4.5124416E-06
   8.4057971E-01   1.3064426E+01   0.0000000E+00   1.3064426E+01   5.7649629E-07   0.0000000E+00   5.7649629E-07
   8.5507246E-01   3.8528984E+01   0.0000000E+00   3.8528984E+01   1.2251325E-01   0.0000000E+00   1.2251325E-01
   8.6956522E-01   5.0515779E+01   0.0000000E+00   5.0515779E+01   1.4184960E-05   0.0000000E+00   1.4184960E-05
   8.8405797E-01   0.0000000E+00   0.0000000E+00   0.0000000E+00   0.0000000E+00   0.0000000E+00   0.0000000E+00
   8.9855072E-01   0.0000000E+00   0.0000000E+00   0.0000000E+00   0.0000000E+00   0.0000000E+00   0.0000000E+00
   9.1304348E-01   1.2027566E+01   0.0000000E+00   1.2027566E+01   1.3741133E-05   0.0000000E+00   1.3741133E-05
   9.2753623E-01   1.1839636E+01   0.0000000E+00   1.1839636E+01   1.1605714E-05   0.0000000E+00   1.1605714E-05
   9.4202899E-01   0.0000000E+00   0.0000000E+00   0.0000000E+00   0.0000000E+00   0.0000000E+00   0.0000000E+00
   9.5652174E-01   0.0000000E+00   0.0000000E+00   0.0000000E+00   0.0000000E+00   0.0000000E+00   0.0000000E+00
   9.7101449E-01   0.0000000E+00   0.0000000E+00   0.0000000E+00   0.0000000E+00   0.0000000E+00   0.0000000E+00
   9.8550725E-01   0.0000000E+00   0.0000000E+00   0.0000000E+00   0.0000000E+00   0.0000000E+00   0.0000000E+00
   1.0000000E+00   0.0000000E+00   0.0000000E+00   0.0000000E+00   0.0000000E+00   0.0000000E+00   0.0000000E+00
