   0.0000000E+00   1.3875674E+07   7.6076763E+06   2.1483350E+07   3.3237306E-03   1.1468090E-03   2.3924479E-03
   1.4492754E-02   1.5149430E+07   8.0615606E+06   2.3210232E+07   8.0999920E-04   2.9715808E-04   6.1848049E-04
   2.8985507E-02   1.5189968E+07   8.2638763E+06   2.3450814E+07   6.1748458E-04   2.5289152E-04   3.6795990E-04
   4.3478261E-02   1.3343490E+07   7.2618958E+06   2.0603113E+07   4.4463016E-04   1.3200024E-04   2.5448959E-04
   5.7971014E-02   1.0808167E+07   5.8955703E+06   1.6700895E+07   6.1113139E-04   1.6125640E-04   4.3154914E-04
   7.2463768E-02   8.3849626E+06   4.5239911E+06   1.2906226E+07   1.1068356E-03   5.0362161E-05   7.0764645E-04
   8.6956522E-02   6.3958028E+06   3.4470705E+06   9.8413578E+06   8.2632938E-04   4.5184031E-04   6.6497809E-04
   1.0144928E-01   4.7271944E+06   2.5734903E+06   7.3000352E+06   2.8739375E-04   1.2441907E-04   1.9253474E-04
   1.1594203E-01   3.4411664E+06   1.8290816E+06   5.2697745E+06   7.3929931E-04   4.8370156E-05   4.8279568E-04
   1.3043478E-01   2.4980053E+06   1.3390049E+06   3.8365050E+06   7.5279792E-04   3.0356055E-04   4.0263982E-04
   1.4492754E-01   1.8057623E+06   9.5489977E+05   2.7606621E+06   1.7475162E-03   5.6818548E-04   1.0402612E-03
   1.5942029E-01   1.3358898E+06   6.9450011E+05   2.0303210E+06   1.7400192E-03   1.4405957E-04   1.1673445E-03
   1.7391304E-01   9.8139530E+05   5.1507151E+05   1.4964037E+06   7.9235272E-04   4.2806539E-04   4.2043459E-04
   1.8840580E-01   7.4975131E+05   3.8831091E+05   1.1378291E+06   2.6821977E-03   3.6534166E-04   1.6974227E-03
   2.0289855E-01   6.0391614E+05   3.0184982E+05   9.0576596E+05   2.5200678E-03   3.1654500E-04   1.7803582E-03
   2.1739130E-01   4.9409483E+05   2.4636545E+05   7.4046029E+05   1.4735228E-03   8.4929983E-04   7.1946972E-04
   2.3188406E-01   4.1164045E+05   2.0160532E+05   6.1324577E+05   4.6275140E-03   1.3428206E-04   3.1391957E-03
   2.4637681E-01   3.6068266E+05   1.7031246E+05   5.3099512E+05   1.9610182E-03   8.4347603E-04   1.4864371E-03
   2.6086957E-01   3.1942811E+05   1.4956880E+05   4.6899691E+05   1.5830719E-03   1.4902608E-04   1.1231640E-03
   2.7536232E-01   2.8574649E+05   1.3352118E+05   4.1926767E+05   6.6974409E-03   5.3195621E-04   4.7338263E-03
   2.8985507E-01   2.5744104E+05   1.1820692E+05   3.7564796E+05   3.3387206E-03   2.4244890E-04   2.3636790E-03
   3.0434783E-01   2.3421280E+05   1.0427900E+05   3.3845572E+05   4.5992518E-03   4.5378383E-04   3.2965350E-03
   3.1884058E-01   2.1302734E+05   9.2271663E+04   3.0529900E+05   3.1646343E-03   8.6205690E-04   1.9711056E-03
   3.3333333E-01   1.8890705E+05   8.5360685E+04   2.7426773E+05   5.8147166E-03   5.7199869E-04   4.1341799E-03
   3.4782609E-01   1.7383742E+05   7.8457319E+04   2.5229474E+05   6.7994147E-03   1.1917427E-03   4.9332307E-03
   3.6231884E-01   1.5733645E+05   7.0136107E+04   2.2747255E+05   1.4622109E-03   6.1642096E-04   9.3976556E-04
   3.7681159E-01   1.4874954E+05   6.5194499E+04   2.1394404E+05   2.0823665E-03   9.6242301E-04   1.2739653E-03
   3.9130435E-01   1.3201457E+05   5.6858316E+04   1.8887288E+05   4.1540436E-03   4.7257090E-04   2.9948415E-03
   4.0579710E-01   1.2175205E+05   5.3312188E+04   1.7506424E+05   1.7349689E-03   4.2498854E-04   1.1655945E-03
   4.2028986E-01   1.1423534E+05   4.8704179E+04   1.6293952E+05   2.8838428E-03   1.0625410E-03   2.0732936E-03
   4.3478261E-01   1.0386044E+05   4.5641006E+04   1.4950145E+05   4.5028729E-03   9.8400280E-04   3.3741615E-03
   4.4927536E-01   9.9141290E+04   4.0722236E+04   1.3983908E+05   8.4823658E-03   3.8713161E-04   6.0734642E-03
   4.6376812E-01   9.3438405E+04   3.9449666E+04   1.3288807E+05   3.0123966E-03   8.8784287E-04   2.3584751E-03
   4.7826087E-01   9.1410598E+04   3.4718117E+04   1.2612872E+05   2.6889264E-03   4.8643976E-04   2.0282500E-03
   4.9275362E-01   8.6025400E+04   3.3496419E+04   1.1952182E+05   5.1988860E-03   5.7462367E-04   3.8715667E-03
   5.0724638E-01   7.9692250E+04   3.3210516E+04   1.1290277E+05   6.9228460E-03   3.9232473E-04   4.9492994E-03
   5.2173913E-01   7.6573502E+04   3.0877770E+04   1.0745127E+05   6.1406334E-03   4.4147125E-04   4.4621380E-03
   5.3623188E-01   7.2333134E+04   2.9510772E+04   1.0184391E+05   5.8659389E-03   4.1672010E-04   4.2681541E-03
   5.5072464E-01   6.9153443E+04   2.7418104E+04   9.6571546E+04   4.2870865E-03   3.2872897E-04   2.9938036E-03
   5.6521739E-01   6.6544824E+04   2.6967654E+04   9.3512478E+04   6.1995857E-03   5.5230578E-04   4.3706123E-03
   5.7971014E-01   6.3289957E+04   2.4891650E+04   8.8181607E+04   8.3038608E-03   5.0055159E-04   6.1010869E-03
   5.9420290E-01   6.1395153E+04   2.2916914E+04   8.4312067E+04   8.2608811E-03   7.7004934E-04   6.1151470E-03
   6.0869565E-01   5.6541590E+04   2.2118695E+04   7.8660284E+04   8.5921028E-03   8.6128028E-04   6.4128691E-03
   6.2318841E-01   5.5455752E+04   2.2309178E+04   7.7764930E+04   1.6415379E-02   1.1134433E-03   1.1691238E-02
   6.3768116E-01   5.2559372E+04   2.0699989E+04   7.3259360E+04   9.2516977E-03   2.3077381E-04   6.6804543E-03
   6.5217391E-01   5.1239838E+04   1.9448575E+04   7.0688413E+04   6.9577752E-03   6.7494664E-04   5.0143002E-03
   6.6666667E-01   4.9038741E+04   1.7609142E+04   6.6647883E+04   9.3667161E-03   9.1489233E-04   6.7871624E-03
   6.8115942E-01   4.5399713E+04   1.7121625E+04   6.2521337E+04   8.5687713E-03   1.2959383E-04   6.2003741E-03
   6.9565217E-01   4.2196462E+04   1.5786181E+04   5.7982643E+04   8.7969337E-03   8.7947445E-04   6.5929521E-03
   7.1014493E-01   4.1953870E+04   1.4690813E+04   5.6644683E+04   8.0297030E-03   6.3202512E-04   5.7850399E-03
   7.2463768E-01   3.8917356E+04   1.4093902E+04   5.3011258E+04   1.5376185E-02   3.9680267E-04   1.1351996E-02
   7.3913043E-01   3.6014779E+04   1.4129561E+04   5.0144339E+04   1.9837619E-02   2.2631422E-04   1.4191214E-02
   7.5362319E-01   3.5278471E+04   1.2458940E+04   4.7737411E+04   7.0043947E-03   8.9430176E-04   5.3978449E-03
   7.6811594E-01   3.4069557E+04   1.1523316E+04   4.5592873E+04   1.5231780E-02   5.1537514E-04   1.1376050E-02
   7.8260870E-01   3.1165429E+04   1.1674758E+04   4.2840187E+04   2.0148997E-02   1.0312186E-03   1.4832796E-02
   7.9710145E-01   2.8752663E+04   1.0511874E+04   3.9264537E+04   1.5798236E-02   9.6824976E-04   1.1794050E-02
   8.1159420E-01   2.8415126E+04   9.8641079E+03   3.8279234E+04   1.8609019E-02   5.4724996E-04   1.3949165E-02
   8.2608696E-01   2.6188443E+04   8.7073251E+03   3.4895768E+04   1.7197201E-02   1.0881847E-03   1.3056329E-02
   8.4057971E-01   2.5305792E+04   8.1260727E+03   3.3431865E+04   2.1597491E-02   8.1475756E-04   1.6188565E-02
   8.5507246E-01   2.2385340E+04   7.8342267E+03   3.0219566E+04   1.6867991E-02   6.4121968E-04   1.2439080E-02
   8.6956522E-01   1.9713783E+04   6.6175670E+03   2.6331350E+04   2.0565673E-02   1.8718970E-03   1.4935825E-02
   8.8405797E-01   1.9291231E+04   6.1985345E+03   2.5489765E+04   1.3617949E-02   3.2245027E-04   1.0291629E-02
   8.9855072E-01   1.7464608E+04   5.5119233E+03   2.2976532E+04   2.0279831E-02   8.3499922E-04   1.5614983E-02
   9.1304348E-01   1.4817962E+04   5.5567357E+03   2.0374698E+04   1.9700197E-02   9.9908220E-04   1.4568009E-02
   9.2753623E-01   1.3189354E+04   4.2149103E+03   1.7404264E+04   2.2144630E-02   2.7433728E-04   1.6738807E-02
   9.4202899E-01   9.8622344E+03   3.2174665E+03   1.3079701E+04   2.9290081E-02   1.8222077E-03   2.2499919E-02
   9.5652174E-01   8.3810270E+03   2.9390999E+03   1.1320127E+04   2.9937357E-02   9.6984088E-06   2.2162328E-02
   9.7101449E-01   4.9535622E+03   1.7077349E+03   6.6612971E+03   3.2487714E-02   4.3205179E-06   2.4159560E-02
   9.8550725E-01   2.0726327E+03   7.2430712E+02   2.7969398E+03   5.1487795E-02   2.0280012E-03   3.8648689E-02
   1.0000000E+00   2.1884092E+01   0.0000000E+00   2.1884092E+01   1.7798435E-05   0.0000000E+00   1.7798435E-05
