   0.0000000E+00   7.7592236E+05   3.8796118E+05   1.1638835E+06   7.5102295E-03   1.7281104E-02   9.4802582E-03
   1.4492754E-02   8.6685077E+05   4.3948728E+05   1.3063380E+06   5.4136937E-03   1.5638534E-03   3.6998086E-03
   2.8985507E-02   7.1606117E+05   3.5007435E+05   1.0661355E+06   1.8391415E-03   2.6903273E-03   5.6052806E-04
   4.3478261E-02   4.0917781E+05   2.0458890E+05   6.1376671E+05   9.5069179E-03   5.8522285E-03   8.0358799E-03
   5.7971014E-02   2.4039196E+05   1.2729976E+05   3.6769173E+05   3.2187472E-03   2.3521195E-03   2.9182388E-03
   7.2463768E-02   5.8042630E+04   2.8490899E+04   8.6533529E+04   1.3231972E-02   1.6952036E-03   9.2555619E-03
   8.6956522E-02   1.6038760E+04   5.8093146E+03   2.1848074E+04   1.8491274E-02   2.2650799E-02   1.5771857E-02
   1.0144928E-01   6.8196302E+03   2.7062024E+03   9.5258326E+03   3.9029608E-02   1.9860909E-02   3.3351066E-02
   1.1594203E-01   2.4626442E+03   1.0418879E+03   3.5045322E+03   3.0601186E-02   3.1476976E-02   2.5328929E-02
   1.3043478E-01   1.6838593E+02   8.4192965E+01   2.5257889E+02   1.9475080E-01   1.7470434E-06   1.2983346E-01
   1.4492754E-01   7.5773668E+01   7.5773668E+01   1.5154734E+02   2.4956090E-06   2.7745979E-01   1.3873085E-01
   1.5942029E-01   6.8885153E+01   6.8885153E+01   1.3777031E+02   1.9554713E-05   7.4984287E-06   6.7642988E-06
   1.7391304E-01   1.8943417E+02   1.2628945E+02   3.1572362E+02   3.1074313E-06   2.3881741E-05   9.5683748E-06
   1.8840580E-01   1.1657487E+02   0.0000000E+00   1.1657487E+02   3.4680105E-01   0.0000000E+00   3.4680105E-01
   2.0289855E-01   0.0000000E+00   0.0000000E+00   0.0000000E+00   0.0000000E+00   0.0000000E+00   0.0000000E+00
   2.1739130E-01   1.0103156E+02   0.0000000E+00   1.0103156E+02   2.8133485E-01   0.0000000E+00   2.8133485E-01
   2.3188406E-01   1.4207563E+02   0.0000000E+00   1.4207563E+02   2.0673366E-01   0.0000000E+00   2.0673366E-01
   2.4637681E-01   0.0000000E+00   0.0000000E+00   0.0000000E+00   0.0000000E+00   0.0000000E+00   0.0000000E+00
   2.6086957E-01   4.2096482E+01   8.4192965E+01   1.2628945E+02   4.4221501E-07   6.3834926E-07   5.3644455E-07
   2.7536232E-01   3.9880878E+01   0.0000000E+00   3.9880878E+01   1.2747825E-05   0.0000000E+00   1.2747825E-05
   2.8985507E-01   3.7886834E+01   0.0000000E+00   3.7886834E+01   6.8036464E-06   0.0000000E+00   6.8036464E-06
   3.0434783E-01   3.6082699E+01   0.0000000E+00   3.6082699E+01   3.3489831E-06   0.0000000E+00   3.3489831E-06
   3.1884058E-01   0.0000000E+00   0.0000000E+00   0.0000000E+00   0.0000000E+00   0.0000000E+00   0.0000000E+00
   3.3333333E-01   3.2945073E+01   0.0000000E+00   3.2945073E+01   3.3217637E-01   0.0000000E+00   3.3217637E-01
   3.4782609E-01   3.1572362E+01   0.0000000E+00   3.1572362E+01   4.2843287E-01   0.0000000E+00   4.2843287E-01
   3.6231884E-01   0.0000000E+00   0.0000000E+00   0.0000000E+00   0.0000000E+00   0.0000000E+00   0.0000000E+00
   3.7681159E-01   2.9143719E+01   0.0000000E+00   2.9143719E+01   3.1650444E-01   0.0000000E+00   3.1650444E-01
   3.9130435E-01   0.0000000E+00   0.0000000E+00   0.0000000E+00   0.0000000E+00   0.0000000E+00   0.0000000E+00
   4.0579710E-01   0.0000000E+00   2.7062024E+01   2.7062024E+01   0.0000000E+00   1.0757509E-06   1.0757509E-06
   4.2028986E-01   0.0000000E+00   0.0000000E+00   0.0000000E+00   0.0000000E+00   0.0000000E+00   0.0000000E+00
   4.3478261E-01   0.0000000E+00   0.0000000E+00   0.0000000E+00   0.0000000E+00   0.0000000E+00   0.0000000E+00
   4.4927536E-01   0.0000000E+00   0.0000000E+00   0.0000000E+00   0.0000000E+00   0.0000000E+00   0.0000000E+00
   4.6376812E-01   0.0000000E+00   0.0000000E+00   0.0000000E+00   0.0000000E+00   0.0000000E+00   0.0000000E+00
   4.7826087E-01   0.0000000E+00   0.0000000E+00   0.0000000E+00   0.0000000E+00   0.0000000E+00   0.0000000E+00
   4.9275362E-01   0.0000000E+00   0.0000000E+00   0.0000000E+00   0.0000000E+00   0.0000000E+00   0.0000000E+00
   5.0724638E-01   0.0000000E+00   0.0000000E+00   0.0000000E+00   0.0000000E+00   0.0000000E+00   0.0000000E+00
   5.2173913E-01   0.0000000E+00   0.0000000E+00   0.0000000E+00   0.0000000E+00   0.0000000E+00   0.0000000E+00
   5.3623188E-01   0.0000000E+00   0.0000000E+00   0.0000000E+00   0.0000000E+00   0.0000000E+00   0.0000000E+00
   5.5072464E-01   0.0000000E+00   0.0000000E+00   0.0000000E+00   0.0000000E+00   0.0000000E+00   0.0000000E+00
   5.6521739E-01   0.0000000E+00   0.0000000E+00   0.0000000E+00   0.0000000E+00   0.0000000E+00   0.0000000E+00
   5.7971014E-01   0.0000000E+00   0.0000000E+00   0.0000000E+00   0.0000000E+00   0.0000000E+00   0.0000000E+00
   5.9420290E-01   0.0000000E+00   0.0000000E+00   0.0000000E+00   0.0000000E+00   0.0000000E+00   0.0000000E+00
   6.0869565E-01   0.0000000E+00   0.0000000E+00   0.0000000E+00   0.0000000E+00   0.0000000E+00   0.0000000E+00
   6.2318841E-01   0.0000000E+00   0.0000000E+00   0.0000000E+00   0.0000000E+00   0.0000000E+00   0.0000000E+00
   6.3768116E-01   0.0000000E+00   0.0000000E+00   0.0000000E+00   0.0000000E+00   0.0000000E+00   0.0000000E+00
   6.5217391E-01   0.0000000E+00   0.0000000E+00   0.0000000E+00   0.0000000E+00   0.0000000E+00   0.0000000E+00
   6.6666667E-01   0.0000000E+00   0.0000000E+00   0.0000000E+00   0.0000000E+00   0.0000000E+00   0.0000000E+00
   6.8115942E-01   0.0000000E+00   0.0000000E+00   0.0000000E+00   0.0000000E+00   0.0000000E+00   0.0000000E+00
   6.9565217E-01   0.0000000E+00   0.0000000E+00   0.0000000E+00   0.0000000E+00   0.0000000E+00   0.0000000E+00
   7.1014493E-01   0.0000000E+00   0.0000000E+00   0.0000000E+00   0.0000000E+00   0.0000000E+00   0.0000000E+00
   7.2463768E-01   0.0000000E+00   0.0000000E+00   0.0000000E+00   0.0000000E+00   0.0000000E+00   0.0000000E+00
   7.3913043E-01   0.0000000E+00   0.0000000E+00   0.0000000E+00   0.0000000E+00   0.0000000E+00   0.0000000E+00
   7.5362319E-01   0.0000000E+00   0.0000000E+00   0.0000000E+00   0.0000000E+00   0.0000000E+00   0.0000000E+00
   7.6811594E-01   0.0000000E+00   0.0000000E+00   0.0000000E+00   0.0000000E+00   0.0000000E+00   0.0000000E+00
   7.8260870E-01   0.0000000E+00   0.0000000E+00   0.0000000E+00   0.0000000E+00   0.0000000E+00   0.0000000E+00
   7.9710145E-01   1.3777031E+01   0.0000000E+00   1.3777031E+01   3.8291811E-01   0.0000000E+00   3.8291811E-01
   8.1159420E-01   0.0000000E+00   0.0000000E+00   0.0000000E+00   0.0000000E+00   0.0000000E+00   0.0000000E+00
   8.2608696E-01   0.0000000E+00   0.0000000E+00   0.0000000E+00   0.0000000E+00   0.0000000E+00   0.0000000E+00
   8.4057971E-01   0.0000000E+00   0.0000000E+00   0.0000000E+00   0.0000000E+00   0.0000000E+00   0.0000000E+00
   8.5507246E-01   0.0000000E+00   0.0000000E+00   0.0000000E+00   0.0000000E+00   0.0000000E+00   0.0000000E+00
   8.6956522E-01   0.0000000E+00   0.0000000E+00   0.0000000E+00   0.0000000E+00   0.0000000E+00   0.0000000E+00
   8.8405797E-01   0.0000000E+00   0.0000000E+00   0.0000000E+00   0.0000000E+00   0.0000000E+00   0.0000000E+00
   8.9855072E-01   0.0000000E+00   0.0000000E+00   0.0000000E+00   0.0000000E+00   0.0000000E+00   0.0000000E+00
   9.1304348E-01   0.0000000E+00   0.0000000E+00   0.0000000E+00   0.0000000E+00   0.0000000E+00   0.0000000E+00
   9.2753623E-01   0.0000000E+00   0.0000000E+00   0.0000000E+00   0.0000000E+00   0.0000000E+00   0.0000000E+00
   9.4202899E-01   0.0000000E+00   0.0000000E+00   0.0000000E+00   0.0000000E+00   0.0000000E+00   0.0000000E+00
   9.5652174E-01   0.0000000E+00   0.0000000E+00   0.0000000E+00   0.0000000E+00   0.0000000E+00   0.0000000E+00
   9.7101449E-01   0.0000000E+00   0.0000000E+00   0.0000000E+00   0.0000000E+00   0.0000000E+00   0.0000000E+00
   9.8550725E-01   0.0000000E+00   0.0000000E+00   0.0000000E+00   0.0000000E+00   0.0000000E+00   0.0000000E+00
   1.0000000E+00   0.0000000E+00   0.0000000E+00   0.0000000E+00   0.0000000E+00   0.0000000E+00   0.0000000E+00
