   0.0000000E+00   1.4160583E+07   7.3833862E+06   2.1543969E+07   2.2639436E-03   6.6186267E-05   1.4655455E-03
   1.4492754E-02   1.5128971E+07   7.8539407E+06   2.2983669E+07   5.1503265E-04   1.5548781E-05   3.4411436E-04
   2.8985507E-02   1.5125940E+07   7.8971317E+06   2.3021935E+07   3.2625390E-04   2.6648869E-05   2.2203278E-04
   4.3478261E-02   1.3449826E+07   6.9239452E+06   2.0372003E+07   5.2543148E-04   6.8128659E-06   3.4460643E-04
   5.7971014E-02   1.1123006E+07   5.7472433E+06   1.6868923E+07   8.7206474E-04   1.8184418E-05   5.7708421E-04
   7.2463768E-02   8.8468789E+06   4.5736986E+06   1.3417092E+07   1.5687464E-03   2.0111058E-05   1.0282860E-03
   8.6956522E-02   6.8517077E+06   3.5278957E+06   1.0378593E+07   5.6946635E-04   3.4092297E-05   3.6838310E-04
   1.0144928E-01   5.1790220E+06   2.6911560E+06   7.8693120E+06   1.6138970E-03   4.3137603E-05   1.0481797E-03
   1.1594203E-01   3.8898413E+06   1.9670844E+06   5.8564521E+06   6.6808528E-04   5.9056160E-05   4.4156413E-04
   1.3043478E-01   2.8606244E+06   1.4780075E+06   4.3382109E+06   3.0084913E-03   4.5378863E-05   1.9879411E-03
   1.4492754E-01   2.1436371E+06   1.1144033E+06   3.2580404E+06   1.0056024E-03   1.4958437E-04   7.0884486E-04
   1.5942029E-01   1.6370557E+06   8.5086941E+05   2.4877873E+06   1.0949106E-03   1.4514413E-04   7.6632641E-04
   1.7391304E-01   1.2399098E+06   6.3226812E+05   1.8721148E+06   3.1799557E-03   1.4833362E-04   2.0983493E-03
   1.8840580E-01   9.7689745E+05   4.9188768E+05   1.4687268E+06   1.4379125E-03   4.5760896E-04   8.2162044E-04
   2.0289855E-01   7.6634241E+05   3.8720345E+05   1.1535459E+06   3.5636692E-03   2.1247065E-04   2.4273832E-03
   2.1739130E-01   6.3473076E+05   3.2163396E+05   9.5636473E+05   5.1580462E-03   4.8871171E-04   3.5294126E-03
   2.3188406E-01   5.2790568E+05   2.6947011E+05   7.9737578E+05   2.1174348E-03   5.0715700E-04   1.3783560E-03
   2.4637681E-01   4.4942700E+05   2.2937135E+05   6.7879835E+05   3.9799990E-03   4.6645082E-04   2.7857639E-03
   2.6086957E-01   3.8396202E+05   1.9280189E+05   5.7676391E+05   1.2728667E-03   4.2473819E-04   7.4878369E-04
   2.7536232E-01   3.3332438E+05   1.6865623E+05   5.0198061E+05   1.0901586E-03   6.8957783E-04   8.6771692E-04
   2.8985507E-01   2.9025104E+05   1.4605375E+05   4.3630478E+05   5.2047793E-03   2.6878783E-04   3.5483418E-03
   3.0434783E-01   2.5770264E+05   1.3181010E+05   3.8951274E+05   4.3087132E-03   3.3602613E-04   2.9128600E-03
   3.1884058E-01   2.2873315E+05   1.1407381E+05   3.4280696E+05   4.8702473E-03   6.5520528E-04   3.4568125E-03
   3.3333333E-01   1.9714332E+05   9.7056186E+04   2.9419950E+05   1.5534148E-03   1.8256696E-04   1.1001559E-03
   3.4782609E-01   1.7525818E+05   8.9728652E+04   2.6498683E+05   5.9898183E-03   2.3085424E-04   3.9671001E-03
   3.6231884E-01   1.5294157E+05   7.5743359E+04   2.2868493E+05   1.3493745E-03   3.2130492E-04   8.1094669E-04
   3.7681159E-01   1.3429426E+05   6.6505966E+04   2.0080022E+05   5.0010534E-03   1.3965622E-05   3.3421311E-03
   3.9130435E-01   1.1584952E+05   5.7559924E+04   1.7340944E+05   3.5989944E-03   1.0098544E-03   2.6521104E-03
   4.0579710E-01   1.0583958E+05   5.0633048E+04   1.5647263E+05   3.2848677E-03   2.2878484E-04   2.2794554E-03
   4.2028986E-01   9.1372593E+04   4.3008089E+04   1.3438068E+05   9.6759579E-03   4.3807307E-04   6.6076335E-03
   4.3478261E-01   7.9587610E+04   3.8240445E+04   1.1782805E+05   4.3831734E-03   4.8250578E-04   2.8636181E-03
   4.4927536E-01   7.1911656E+04   3.4587013E+04   1.0649867E+05   3.9115743E-03   3.6072377E-04   2.7567445E-03
   4.6376812E-01   6.5094317E+04   3.0546260E+04   9.5640577E+04   5.8195339E-03   3.6016460E-04   3.8517250E-03
   4.7826087E-01   5.8414610E+04   2.6061550E+04   8.4476159E+04   6.2039681E-03   7.6982577E-04   4.5184121E-03
   4.9275362E-01   5.1147226E+04   2.3846419E+04   7.4993645E+04   1.0035998E-02   1.7946871E-04   6.8914970E-03
   5.0724638E-01   4.8148754E+04   2.1866116E+04   7.0014870E+04   3.9473515E-03   7.2717775E-04   2.9195942E-03
   5.2173913E-01   4.2917364E+04   1.8501404E+04   6.1418768E+04   7.0141941E-03   1.1745116E-05   4.8979391E-03
   5.3623188E-01   3.7866355E+04   1.7632737E+04   5.5499092E+04   7.2517523E-03   6.1366983E-06   4.9459651E-03
   5.5072464E-01   3.4875828E+04   1.5234495E+04   5.0110323E+04   1.0433372E-02   9.8989228E-04   7.5248813E-03
   5.6521739E-01   3.2776969E+04   1.3347823E+04   4.6124792E+04   1.0264226E-02   5.2456735E-05   7.3068477E-03
   5.7971014E-01   2.8093088E+04   1.2029070E+04   4.0122157E+04   1.9452715E-02   8.7119018E-04   1.3844384E-02
   5.9420290E-01   2.7740555E+04   1.0608314E+04   3.8348869E+04   3.5031307E-03   1.7868716E-04   2.5574302E-03
   6.0869565E-01   2.5925419E+04   9.4356259E+03   3.5361045E+04   1.4272929E-02   3.2592616E-05   1.0456577E-02
   6.2318841E-01   2.3278376E+04   8.7227828E+03   3.2001159E+04   1.5339345E-02   4.4908845E-04   1.1045454E-02
   6.3768116E-01   2.2198241E+04   7.3190475E+03   2.9517288E+04   1.4793734E-02   4.0595182E-05   1.1135485E-02
   6.5217391E-01   1.9819024E+04   6.2976338E+03   2.6116658E+04   1.5772263E-03   1.2792737E-05   1.1983055E-03
   6.6666667E-01   1.7625614E+04   5.7324427E+03   2.3358057E+04   1.2504821E-02   9.3646290E-06   9.4381015E-03
   6.8115942E-01   1.7008770E+04   4.6592745E+03   2.1668045E+04   4.8596737E-03   3.2878038E-05   3.8155021E-03
   6.9565217E-01   1.5959829E+04   4.3096274E+03   2.0269456E+04   1.7290942E-02   1.4013073E-05   1.3611639E-02
   7.1014493E-01   1.5386694E+04   4.0361076E+03   1.9422802E+04   1.1393518E-02   4.7539594E-04   9.0949245E-03
   7.2463768E-01   1.4563699E+04   3.3795056E+03   1.7943205E+04   1.1348644E-02   2.1139480E-03   9.4788261E-03
   7.3913043E-01   1.2896381E+04   3.3132408E+03   1.6209622E+04   1.4360153E-02   2.7093473E-03   1.1966225E-02
   7.5362319E-01   1.3449826E+04   2.5646472E+03   1.6014473E+04   1.7660901E-02   3.2498147E-03   1.5349302E-02
   7.6811594E-01   1.1594801E+04   2.3589916E+03   1.3953793E+04   1.4381861E-02   9.8629731E-06   1.1948839E-02
   7.8260870E-01   1.2151851E+04   2.0907920E+03   1.4242643E+04   8.6289142E-03   6.4015174E-06   7.3618644E-03
   7.9710145E-01   1.1614037E+04   1.7910140E+03   1.3405051E+04   1.1242816E-02   4.7106716E-06   9.7412655E-03
   8.1159420E-01   1.1014244E+04   1.8131556E+03   1.2827400E+04   5.7490508E-03   2.2552467E-05   4.9342607E-03
   8.2608696E-01   1.0674782E+04   1.3958307E+03   1.2070612E+04   1.0211252E-02   1.0563570E-05   9.0315378E-03
   8.4057971E-01   9.5500951E+03   1.3456358E+03   1.0895731E+04   8.7771387E-03   1.3176050E-05   7.6941006E-03
   8.5507246E-01   9.6707750E+03   1.0145966E+03   1.0685372E+04   7.8604571E-03   9.4356716E-04   7.1378936E-03
   8.6956522E-01   9.4211928E+03   7.4510774E+02   1.0166301E+04   7.7522052E-03   7.4113200E-03   7.6656675E-03
   8.8405797E-01   8.6456513E+03   7.7015860E+02   9.4158099E+03   1.0838926E-02   3.9638470E-06   9.9526804E-03
   8.9855072E-01   8.1640017E+03   6.9662889E+02   8.8606306E+03   1.2194617E-02   9.8766659E-06   1.1236610E-02
   9.1304348E-01   7.1804571E+03   4.8110266E+02   7.6615598E+03   1.1024079E-02   3.1635663E-06   1.0331715E-02
   9.2753623E-01   6.2039691E+03   5.2094397E+02   6.7249131E+03   2.1666546E-03   1.7500657E-05   1.9982150E-03
   9.4202899E-01   5.4906766E+03   1.9817729E+02   5.6888539E+03   6.9807194E-03   3.1121747E-06   6.7375869E-03
   9.5652174E-01   4.5693818E+03   2.5257889E+02   4.8219607E+03   9.2378748E-03   3.4466197E-06   8.7540746E-03
   9.7101449E-01   3.1553513E+03   7.9166519E+01   3.2345178E+03   5.9923898E-03   2.9593013E-06   5.8457891E-03
   9.8550725E-01   1.1143187E+03   4.4572746E+01   1.1588914E+03   6.2399743E-03   6.4069843E-06   6.0002187E-03
   1.0000000E+00   0.0000000E+00   0.0000000E+00   0.0000000E+00   0.0000000E+00   0.0000000E+00   0.0000000E+00
