   0.0000000E+00   8.0544379E+07   3.8687004E+07   1.1923138E+08   2.0964829E-03   4.1065487E-05   1.4049108E-03
   1.4492754E-02   8.2405380E+07   4.1224664E+07   1.2362929E+08   3.5384850E-04   2.8417034E-05   2.2827531E-04
   2.8985507E-02   6.7426820E+07   3.3644267E+07   1.0107033E+08   6.2040511E-04   4.6353939E-05   4.2427719E-04
   4.3478261E-02   4.1281242E+07   2.0753397E+07   6.2033629E+07   5.7377126E-04   8.0415547E-05   4.0749491E-04
   5.7971014E-02   2.3815475E+07   1.1962010E+07   3.5777106E+07   4.0604618E-04   2.0482197E-04   3.3691110E-04
   7.2463768E-02   6.8749449E+06   3.4771021E+06   1.0352047E+07   1.1725785E-03   3.7011298E-04   9.0072345E-04
   8.6956522E-02   2.3007412E+06   1.1731027E+06   3.4738438E+06   3.5010453E-03   6.0912855E-04   2.5241561E-03
   1.0144928E-01   9.6135136E+05   5.0476088E+05   1.4661122E+06   7.4292174E-03   1.2748661E-03   5.3075845E-03
   1.1594203E-01   2.5639915E+05   1.2938354E+05   3.8578269E+05   8.4883358E-03   3.2282680E-05   5.6496253E-03
   1.3043478E-01   2.1132434E+04   7.3247879E+03   2.8457222E+04   1.2943060E-01   1.2441451E-03   9.6385060E-02
   1.4492754E-01   1.4851639E+04   4.9252884E+03   1.9776927E+04   1.8422081E-01   1.3976139E-05   1.3834543E-01
   1.5942029E-01   1.1366050E+04   3.9264537E+03   1.5292504E+04   2.3035283E-01   2.1549383E-05   1.7120273E-01
   1.7391304E-01   1.0482024E+04   2.4626442E+03   1.2944668E+04   2.3618764E-01   1.0271545E-05   1.9125255E-01
   1.8840580E-01   8.1602412E+03   3.5555337E+03   1.1715775E+04   2.6053201E-01   4.0170899E-06   1.8146621E-01
   2.0289855E-01   8.1186073E+03   2.6520784E+03   1.0770686E+04   2.8141574E-01   8.7000681E-07   2.1212263E-01
   2.1739130E-01   5.9608619E+03   1.9195996E+03   7.8804615E+03   2.9179254E-01   9.7637433E-06   2.2071255E-01
   2.3188406E-01   5.5409495E+03   1.8469832E+03   7.3879327E+03   3.1470726E-01   2.4488546E-05   2.3603654E-01
   2.4637681E-01   4.5909929E+03   1.4263279E+03   6.0173207E+03   3.1897163E-01   8.9324336E-06   2.4336478E-01
   2.6086957E-01   3.4519116E+03   9.6821910E+02   4.4201307E+03   3.1108306E-01   7.6051191E-05   2.4295769E-01
   2.7536232E-01   2.1136865E+03   7.1785581E+02   2.8315423E+03   3.6814745E-01   6.2156557E-06   2.7481587E-01
   2.8985507E-01   1.7049075E+03   7.5773668E+02   2.4626442E+03   3.3580730E-01   1.8638165E-06   2.3248193E-01
   3.0434783E-01   1.4793907E+03   5.0515779E+02   1.9845485E+03   3.4064130E-01   1.0359994E-05   2.5393524E-01
   3.1884058E-01   1.1710476E+03   2.0665546E+02   1.3777031E+03   3.5631633E-01   6.3195192E-06   3.0286981E-01
   3.3333333E-01   8.2362683E+02   1.9767044E+02   1.0212973E+03   3.5389456E-01   8.5721926E-06   2.8539719E-01
   3.4782609E-01   4.4201307E+02   2.2100653E+02   6.6301960E+02   3.1199342E-01   6.1208449E-05   2.0801559E-01
   3.6231884E-01   4.5464201E+02   6.0618935E+01   5.1526095E+02   3.2804944E-01   6.9391814E-05   2.8946349E-01
   3.7681159E-01   2.3314975E+02   1.4571859E+02   3.7886834E+02   1.7792194E-01   4.8715987E-05   1.0947219E-01
   3.9130435E-01   3.9290050E+02   5.6128643E+01   4.4902915E+02   2.5906327E-01   8.3526794E-07   2.2668025E-01
   4.0579710E-01   1.6237215E+02   1.3531012E+02   2.9768227E+02   2.5402118E-01   2.9892335E-06   1.3855565E-01
   4.2028986E-01   2.0903081E+02   2.6128851E+01   2.3515966E+02   2.3300927E-01   4.0302299E-06   2.0711979E-01
   4.3478261E-01   1.2628945E+02   2.5257889E+01   1.5154734E+02   1.4780607E-01   5.6174227E-06   1.2317264E-01
   4.4927536E-01   1.9554495E+02   0.0000000E+00   1.9554495E+02   6.0459685E-02   0.0000000E+00   6.0459685E-02
   4.6376812E-01   2.6047199E+02   0.0000000E+00   2.6047199E+02   1.0550105E-01   0.0000000E+00   1.0550105E-01
   4.7826087E-01   1.3777031E+02   0.0000000E+00   1.3777031E+02   6.3220855E-02   0.0000000E+00   6.3220855E-02
   4.9275362E-01   6.6859119E+01   0.0000000E+00   6.6859119E+01   1.2412875E-01   0.0000000E+00   1.2412875E-01
   5.0724638E-01   1.2989772E+02   0.0000000E+00   1.2989772E+02   1.3948649E-01   0.0000000E+00   1.3948649E-01
   5.2173913E-01   1.2628945E+02   0.0000000E+00   1.2628945E+02   1.1565093E-01   0.0000000E+00   1.1565093E-01
   5.3623188E-01   1.0239685E+02   0.0000000E+00   1.0239685E+02   9.0576906E-07   0.0000000E+00   9.0576906E-07
   5.5072464E-01   5.9821317E+01   0.0000000E+00   5.9821317E+01   7.2628329E-06   0.0000000E+00   7.2628329E-06
   5.6521739E-01   7.7716583E+01   0.0000000E+00   7.7716583E+01   5.5529447E-06   0.0000000E+00   5.5529447E-06
   5.7971014E-01   1.1366050E+02   0.0000000E+00   1.1366050E+02   6.4347253E-06   0.0000000E+00   6.4347253E-06
   5.9420290E-01   1.4785106E+02   0.0000000E+00   1.4785106E+02   8.2853380E-06   0.0000000E+00   8.2853380E-06
   6.0869565E-01   9.0206748E+01   0.0000000E+00   9.0206748E+01   4.8021880E-06   0.0000000E+00   4.8021880E-06
   6.2318841E-01   1.0573070E+02   0.0000000E+00   1.0573070E+02   3.2328053E-05   0.0000000E+00   3.2328053E-05
   6.3768116E-01   6.8885153E+01   0.0000000E+00   6.8885153E+01   6.2614124E-06   0.0000000E+00   6.2614124E-06
   6.5217391E-01   1.0103156E+02   0.0000000E+00   1.0103156E+02   8.0329185E-06   0.0000000E+00   8.0329185E-06
   6.6666667E-01   3.2945073E+01   0.0000000E+00   3.2945073E+01   4.9016038E-07   0.0000000E+00   4.9016038E-07
   6.8115942E-01   1.1285440E+02   0.0000000E+00   1.1285440E+02   2.8353238E-06   0.0000000E+00   2.8353238E-06
   6.9565217E-01   4.7358543E+01   0.0000000E+00   4.7358543E+01   6.5122342E-06   0.0000000E+00   6.5122342E-06
   7.1014493E-01   4.6392042E+01   0.0000000E+00   4.6392042E+01   1.6165982E-06   0.0000000E+00   1.6165982E-06
   7.2463768E-01   1.0608314E+02   0.0000000E+00   1.0608314E+02   2.2969980E-05   0.0000000E+00   2.2969980E-05
   7.3913043E-01   5.9430328E+01   0.0000000E+00   5.9430328E+01   5.0832226E-06   0.0000000E+00   5.0832226E-06
   7.5362319E-01   4.3715578E+01   0.0000000E+00   4.3715578E+01   1.7125727E-05   0.0000000E+00   1.7125727E-05
   7.6811594E-01   1.4296919E+01   0.0000000E+00   1.4296919E+01   7.0365097E-06   0.0000000E+00   7.0365097E-06
   7.8260870E-01   1.1225729E+02   0.0000000E+00   1.1225729E+02   2.1113748E-05   0.0000000E+00   2.1113748E-05
   7.9710145E-01   2.7554061E+01   0.0000000E+00   2.7554061E+01   6.3924683E-06   0.0000000E+00   6.3924683E-06
   8.1159420E-01   5.4124049E+01   0.0000000E+00   5.4124049E+01   3.7524060E-07   0.0000000E+00   3.7524060E-07
   8.2608696E-01   7.9761756E+01   0.0000000E+00   7.9761756E+01   5.1966572E-05   0.0000000E+00   5.1966572E-05
   8.4057971E-01   7.8386554E+01   0.0000000E+00   7.8386554E+01   1.1434362E-05   0.0000000E+00   1.1434362E-05
   8.5507246E-01   5.1371979E+01   0.0000000E+00   5.1371979E+01   1.2218663E-05   0.0000000E+00   1.2218663E-05
   8.6956522E-01   6.3144724E+01   0.0000000E+00   6.3144724E+01   6.4832412E-06   0.0000000E+00   6.4832412E-06
   8.8405797E-01   2.4843826E+01   0.0000000E+00   2.4843826E+01   6.1071796E-06   0.0000000E+00   6.1071796E-06
   8.9855072E-01   1.2221559E+01   0.0000000E+00   1.2221559E+01   6.7595662E-06   0.0000000E+00   6.7595662E-06
   9.1304348E-01   0.0000000E+00   0.0000000E+00   0.0000000E+00   0.0000000E+00   0.0000000E+00   0.0000000E+00
   9.2753623E-01   0.0000000E+00   0.0000000E+00   0.0000000E+00   0.0000000E+00   0.0000000E+00   0.0000000E+00
   9.4202899E-01   1.1657487E+01   0.0000000E+00   1.1657487E+01   3.3862407E-06   0.0000000E+00   3.3862407E-06
   9.5652174E-01   0.0000000E+00   0.0000000E+00   0.0000000E+00   0.0000000E+00   0.0000000E+00   0.0000000E+00
   9.7101449E-01   0.0000000E+00   0.0000000E+00   0.0000000E+00   0.0000000E+00   0.0000000E+00   0.0000000E+00
   9.8550725E-01   0.0000000E+00   0.0000000E+00   0.0000000E+00   0.0000000E+00   0.0000000E+00   0.0000000E+00
   1.0000000E+00   0.0000000E+00   0.0000000E+00   0.0000000E+00   0.0000000E+00   0.0000000E+00   0.0000000E+00
