   0.0000000E+00   3.4492174E+06   7.0863535E+06   1.0535571E+07   4.0440268E-03   1.9878178E-06   1.3231133E-03
   1.4492754E-02   3.8333899E+06   7.3273137E+06   1.1160704E+07   3.5407732E-03   6.6018220E-06   1.2201374E-03
   2.8985507E-02   3.6632780E+06   7.4853018E+06   1.1148201E+07   1.8273788E-03   1.1252857E-05   5.8442640E-04
   4.3478261E-02   3.2911030E+06   6.6397940E+06   9.9303918E+06   2.9063272E-03   1.4160259E-05   9.6399918E-04
   5.7971014E-02   2.8748530E+06   5.7432652E+06   8.6179287E+06   2.8014150E-03   2.9623474E-06   9.3269797E-04
   7.2463768E-02   2.4776474E+06   4.8272373E+06   7.3042785E+06   2.3337264E-03   2.6271631E-05   7.7002660E-04
   8.6956522E-02   2.0035821E+06   3.9617000E+06   5.9649032E+06   1.7121425E-03   2.4960859E-05   5.8205346E-04
   1.0144928E-01   1.6462371E+06   3.0888595E+06   4.7348800E+06   1.9845848E-03   2.5262103E-05   6.9714898E-04
   1.1594203E-01   1.3193143E+06   2.4516570E+06   3.7709713E+06   9.7251027E-04   5.8331978E-05   3.3649286E-04
   1.3043478E-01   1.0677352E+06   1.8476988E+06   2.9153498E+06   2.5024498E-03   2.7695541E-05   8.9938392E-04
   1.4492754E-01   8.5927340E+05   1.4084809E+06   2.2674513E+06   2.4193552E-03   7.1796492E-05   8.6101752E-04
   1.5942029E-01   7.0221525E+05   1.0668933E+06   1.7691085E+06   1.0837620E-03   2.0980387E-04   5.4843903E-04
   1.7391304E-01   5.8819310E+05   7.9998050E+05   1.3881105E+06   5.1120590E-03   1.7704771E-04   2.2661171E-03
   1.8840580E-01   4.9963991E+05   6.0117663E+05   1.1008165E+06   1.6362663E-03   1.6584973E-04   8.0861582E-04
   2.0289855E-01   4.2536090E+05   4.5226055E+05   8.7756733E+05   2.5072950E-03   6.1512286E-05   1.2354163E-03
   2.1739130E-01   3.6755281E+05   3.4173924E+05   7.0929205E+05   3.3760573E-03   2.2170309E-04   1.6482830E-03
   2.3188406E-01   3.3098886E+05   2.6743369E+05   5.9842255E+05   1.3050932E-03   4.9668842E-04   9.4325735E-04
   2.4637681E-01   2.9458128E+05   2.0249399E+05   4.9707526E+05   1.9230940E-03   3.2837070E-04   1.0482336E-03
   2.6086957E-01   2.6672331E+05   1.6232404E+05   4.2904735E+05   8.4216879E-04   3.0830266E-04   6.3147648E-04
   2.7536232E-01   2.5120965E+05   1.2997178E+05   3.8118143E+05   8.7816240E-04   3.2645265E-04   6.8988193E-04
   2.8985507E-01   2.3050350E+05   1.0464344E+05   3.3510905E+05   3.4988445E-03   8.0335664E-04   2.4824104E-03
   3.0434783E-01   2.2800658E+05   8.5119088E+04   3.1312566E+05   1.7660766E-03   3.7807746E-04   1.2398562E-03
   3.1884058E-01   2.1488724E+05   6.8506285E+04   2.8335908E+05   2.5955955E-03   2.3983332E-04   1.9146603E-03
   3.3333333E-01   2.0673033E+05   5.7752713E+04   2.6448305E+05   3.5802609E-03   7.1198381E-04   2.9322178E-03
   3.4782609E-01   2.0515721E+05   4.4453885E+04   2.4961109E+05   1.9478944E-03   7.9675486E-04   1.5209006E-03
   3.6231884E-01   1.9198017E+05   3.9190141E+04   2.3117031E+05   5.7816292E-04   3.0267588E-04   4.6082315E-04
   3.7681159E-01   1.9013362E+05   2.9901455E+04   2.2003508E+05   1.5976429E-03   1.0487131E-03   1.3276419E-03
   3.9130435E-01   1.8617871E+05   2.4051124E+04   2.1022983E+05   8.4787412E-04   5.3979436E-04   8.0957911E-04
   4.0579710E-01   1.8821638E+05   1.9159913E+04   2.0737629E+05   8.8814759E-04   9.6580204E-04   8.8477921E-04
   4.2028986E-01   1.8224874E+05   1.5442151E+04   1.9769089E+05   9.9699295E-04   7.0466163E-04   9.7272249E-04
   4.3478261E-01   1.8448362E+05   1.2654203E+04   1.9713783E+05   1.7190613E-04   6.8008780E-04   1.2873521E-04
   4.4927536E-01   1.8474109E+05   9.3617145E+03   1.9407836E+05   5.7190627E-04   8.5649771E-04   5.6908276E-04
   4.6376812E-01   1.8202256E+05   7.5536876E+03   1.8957625E+05   1.1433976E-03   1.0933162E-03   1.1380489E-03
   4.7826087E-01   1.8339524E+05   6.8196302E+03   1.9021487E+05   4.0012082E-04   1.4204575E-03   3.4619352E-04
   4.9275362E-01   1.8067563E+05   5.7053115E+03   1.8638094E+05   2.6248803E-04   1.8277384E-03   2.8978652E-04
   5.0724638E-01   1.8575374E+05   4.4814712E+03   1.9023521E+05   2.9308197E-04   4.3972541E-04   2.9632560E-04
   5.2173913E-01   1.8629798E+05   3.7886834E+03   1.9008667E+05   5.9808086E-04   2.3340186E-06   5.8613033E-04
   5.3623188E-01   1.8642370E+05   3.0514261E+03   1.8947513E+05   1.0006916E-04   4.5271839E-03   1.4453157E-04
   5.5072464E-01   1.9300351E+05   2.4526740E+03   1.9545618E+05   2.7882719E-04   4.3497695E-03   3.1361083E-04
   5.6521739E-01   1.9073592E+05   2.0206312E+03   1.9275655E+05   2.5249851E-04   4.9536163E-06   2.4980681E-04
   5.7971014E-01   1.9426474E+05   2.1406061E+03   1.9640535E+05   2.0958764E-04   9.3924576E-06   2.0729111E-04
   5.9420290E-01   1.9571784E+05   1.7742127E+03   1.9749205E+05   3.1581611E-04   1.7278246E-05   3.1284403E-04
   6.0869565E-01   1.9905021E+05   1.3350599E+03   2.0038527E+05   1.8354674E-04   9.6225008E-03   2.3622304E-04
   6.2318841E-01   1.9889707E+05   1.3216338E+03   2.0021870E+05   3.1309339E-04   3.0545772E-06   3.1101552E-04
   6.3768116E-01   1.9947418E+05   1.3949244E+03   2.0086911E+05   4.1491184E-04   2.8642576E-05   4.1184878E-04
   6.5217391E-01   2.0346072E+05   9.2612261E+02   2.0438684E+05   3.2362767E-04   1.1720753E-05   3.2221067E-04
   6.6666667E-01   2.0424298E+05   6.2595639E+02   2.0486894E+05   1.9258333E-04   8.4751035E-06   1.9196912E-04
   6.8115942E-01   2.0747475E+05   5.4814994E+02   2.0802290E+05   2.5157914E-04   2.4392660E-05   2.5085922E-04
   6.9565217E-01   2.0700419E+05   5.0515779E+02   2.0750935E+05   2.0442744E-04   2.0258441E-06   2.0392794E-04
   7.1014493E-01   2.0780542E+05   4.9484845E+02   2.0831573E+05   3.6766902E-05   6.4865192E-06   3.6692051E-05
   7.2463768E-01   2.0680150E+05   4.3948728E+02   2.0724098E+05   1.8664551E-04   2.0977152E-06   1.8624665E-04
   7.3913043E-01   2.0237512E+05   3.5658197E+02   2.0273171E+05   2.6404214E-04   1.4595234E-02   2.5667829E-04
   7.5362319E-01   2.0050878E+05   2.6229347E+02   2.0077108E+05   1.2241136E-04   2.6363178E-02   1.1077377E-04
   7.6811594E-01   1.9523872E+05   2.8593837E+02   1.9552466E+05   8.7775529E-05   2.4861647E-02   5.5937434E-05
   7.8260870E-01   1.9238092E+05   1.2628945E+02   1.9250721E+05   1.5185567E-04   7.0726841E-06   1.5175977E-04
   7.9710145E-01   1.8888309E+05   1.3777031E+02   1.8902086E+05   6.1961319E-05   5.6704481E-06   6.1915228E-05
   8.1159420E-01   1.8118025E+05   1.2177911E+02   1.8130203E+05   8.9320395E-05   3.1897671E-05   8.9280343E-05
   8.2608696E-01   1.7195305E+05   1.5952351E+02   1.7211258E+05   3.0631705E-05   6.5282487E-06   3.0597411E-05
   8.4057971E-01   1.6480773E+05   1.6983753E+02   1.6497757E+05   5.9209216E-05   1.8736064E-05   5.9149134E-05
   8.5507246E-01   1.5601670E+05   1.6695893E+02   1.5618366E+05   7.4408538E-06   4.1837237E-05   7.3933105E-06
   8.6956522E-01   1.4519498E+05   6.3144724E+01   1.4525812E+05   5.6168270E-05   6.5075464E-05   5.6148139E-05
   8.8405797E-01   1.3356041E+05   4.9687651E+01   1.3361009E+05   2.7192154E-05   3.5025359E-06   2.7180740E-05
   8.9855072E-01   1.1793805E+05   8.5550916E+01   1.1802360E+05   7.8169690E-05   3.8320791E-06   7.8115742E-05
   9.1304348E-01   1.0514499E+05   1.0824810E+02   1.0525323E+05   6.5635954E-05   3.1933772E-06   6.5565717E-05
   9.2753623E-01   9.2041328E+04   4.7358543E+01   9.2088686E+04   5.0908258E-05   1.4341321E-05   5.0875115E-05
   9.4202899E-01   7.8058536E+04   5.8287437E+01   7.8116823E+04   6.1055281E-05   9.3391761E-06   6.1006027E-05
   9.5652174E-01   6.0331913E+04   1.1480859E+01   6.0343394E+04   1.1327871E-04   7.1074657E-06   1.1325843E-04
   9.7101449E-01   4.3632062E+04   0.0000000E+00   4.3632062E+04   8.6742497E-05   0.0000000E+00   8.6742497E-05
   9.8550725E-01   1.8976847E+04   1.1143187E+01   1.8987990E+04   8.3011258E-06   3.5831746E-06   8.2977741E-06
   1.0000000E+00   1.7507274E+02   0.0000000E+00   1.7507274E+02   4.4686788E-06   0.0000000E+00   4.4686788E-06
