   0.0000000E+00   7.1378796E+07   3.5225663E+07   1.0660446E+08   2.3987870E-03   9.6395208E-05   1.6111433E-03
   1.4492754E-02   7.1601570E+07   3.5465865E+07   1.0706592E+08   7.2966142E-04   5.1230483E-05   4.7144219E-04
   2.8985507E-02   6.0273786E+07   3.0245817E+07   9.0518845E+07   6.6908233E-04   6.1498951E-05   4.2774428E-04
   4.3478261E-02   4.0214096E+07   2.0230559E+07   6.0444150E+07   8.8253649E-04   4.8448104E-05   5.9944465E-04
   5.7971014E-02   2.3918148E+07   1.2052181E+07   3.5969950E+07   3.8828078E-04   4.3828295E-05   2.6534841E-04
   7.2463768E-02   9.2448422E+06   4.7028170E+06   1.3947659E+07   7.5232907E-04   2.0759520E-04   5.6557294E-04
   8.6956522E-02   3.8907253E+06   2.0490463E+06   5.9396453E+06   1.8000089E-03   3.1727839E-04   1.2204701E-03
   1.0144928E-01   1.6720001E+06   9.1393869E+05   2.5859388E+06   3.8612582E-03   3.9599182E-04   2.6143832E-03
   1.1594203E-01   4.8343600E+05   2.6028255E+05   7.4371856E+05   1.9821553E-02   1.8046488E-06   1.2884909E-02
   1.3043478E-01   2.4836925E+04   9.8505769E+03   3.4687502E+04   1.1935524E-01   2.5291509E-04   8.5395640E-02
   1.4492754E-01   1.3715034E+04   5.2283831E+03   1.8943417E+04   1.6911424E-01   8.1170098E-06   1.2243720E-01
   1.5942029E-01   1.0746084E+04   3.4442577E+03   1.4190342E+04   1.9740486E-01   6.1326238E-05   1.4947671E-01
   1.7391304E-01   6.5039065E+03   2.5889337E+03   9.0928402E+03   2.1702303E-01   3.0043705E-06   1.5523092E-01
   1.8840580E-01   6.2950432E+03   1.6320482E+03   7.9270915E+03   2.3240638E-01   1.1008848E-05   1.8455853E-01
   2.0289855E-01   5.7371492E+03   1.7319696E+03   7.4691187E+03   2.4451125E-01   2.9450747E-06   1.8781234E-01
   2.1739130E-01   3.6371361E+03   1.5659891E+03   5.2031252E+03   2.5914280E-01   3.2832452E-06   1.8114919E-01
   2.3188406E-01   3.1730224E+03   9.9452940E+02   4.1675518E+03   2.6555381E-01   3.1001300E-06   2.0218236E-01
   2.4637681E-01   2.8972285E+03   6.2401845E+02   3.5212469E+03   2.9086504E-01   8.9369651E-06   2.3932082E-01
   2.6086957E-01   2.3574030E+03   4.2096482E+02   2.7783678E+03   2.7581253E-01   3.8647240E-06   2.3402236E-01
   2.7536232E-01   1.8744013E+03   6.7797493E+02   2.5523762E+03   2.7525777E-01   1.3703295E-06   2.0214278E-01
   2.8985507E-01   1.5533602E+03   6.4407618E+02   2.1974364E+03   2.7975824E-01   2.9102066E-05   1.9776864E-01
   3.0434783E-01   1.5154734E+03   2.5257889E+02   1.7680523E+03   3.1687100E-01   4.5746556E-06   2.7160437E-01
   3.1884058E-01   1.1021624E+03   4.8219607E+02   1.5843585E+03   2.8846969E-01   2.3165171E-05   2.0066875E-01
   3.3333333E-01   8.2362683E+02   1.9767044E+02   1.0212973E+03   2.9953083E-01   1.1627401E-06   2.4155733E-01
   3.4782609E-01   8.8402613E+02   1.5786181E+02   1.0418879E+03   3.0456840E-01   3.8005897E-06   2.5842111E-01
   3.6231884E-01   7.2742722E+02   1.8185680E+02   9.0928402E+02   2.5468647E-01   2.8754438E-05   2.0375481E-01
   3.7681159E-01   4.9544322E+02   1.7486231E+02   6.7030553E+02   2.8752340E-01   3.0095480E-06   2.1251651E-01
   3.9130435E-01   3.3677186E+02   1.1225729E+02   4.4902915E+02   3.1047418E-01   2.9564927E-06   2.3285636E-01
   4.0579710E-01   4.8711644E+02   8.1186073E+01   5.6830251E+02   1.9781858E-01   8.4326258E-06   1.6955758E-01
   4.2028986E-01   2.0903081E+02   2.6128851E+01   2.3515966E+02   2.5061584E-01   1.9734154E-07   2.2276962E-01
   4.3478261E-01   1.5154734E+02   1.0103156E+02   2.5257889E+02   1.8335235E-01   5.1418157E-05   1.0999121E-01
   4.4927536E-01   2.1998807E+02   0.0000000E+00   2.1998807E+02   4.4219603E-02   0.0000000E+00   4.4219603E-02
   4.6376812E-01   1.1839636E+02   2.3679271E+01   1.4207563E+02   8.4433456E-02   1.9127490E-06   7.0361522E-02
   4.7826087E-01   2.9850233E+02   0.0000000E+00   2.9850233E+02   8.9450450E-02   0.0000000E+00   8.9450450E-02
   4.9275362E-01   8.9145492E+01   4.4572746E+01   1.3371824E+02   1.0692902E-01   1.9576400E-05   7.1279574E-02
   5.0724638E-01   4.3299239E+01   0.0000000E+00   4.3299239E+01   4.6220489E-06   0.0000000E+00   4.6220489E-06
   5.2173913E-01   1.2628945E+02   0.0000000E+00   1.2628945E+02   4.9303099E-06   0.0000000E+00   4.9303099E-06
   5.3623188E-01   1.8431433E+02   0.0000000E+00   1.8431433E+02   4.1076731E-02   0.0000000E+00   4.1076731E-02
   5.5072464E-01   1.5952351E+02   0.0000000E+00   1.5952351E+02   5.1615224E-02   0.0000000E+00   5.1615224E-02
   5.6521739E-01   1.5543317E+02   0.0000000E+00   1.5543317E+02   4.9009619E-05   0.0000000E+00   4.9009619E-05
   5.7971014E-01   7.5773668E+01   0.0000000E+00   7.5773668E+01   8.9271114E-06   0.0000000E+00   8.9271114E-06
   5.9420290E-01   1.2936968E+02   0.0000000E+00   1.2936968E+02   3.2122060E-05   0.0000000E+00   3.2122060E-05
   6.0869565E-01   1.8041350E+02   0.0000000E+00   1.8041350E+02   1.1411351E-05   0.0000000E+00   1.1411351E-05
   6.2318841E-01   8.8108917E+01   0.0000000E+00   8.8108917E+01   7.6176572E-02   0.0000000E+00   7.6176572E-02
   6.3768116E-01   1.0332773E+02   0.0000000E+00   1.0332773E+02   2.4831114E-05   0.0000000E+00   2.4831114E-05
   6.5217391E-01   1.6838593E+02   0.0000000E+00   1.6838593E+02   3.7435024E-06   0.0000000E+00   3.7435024E-06
   6.6666667E-01   8.2362683E+01   0.0000000E+00   8.2362683E+01   2.0410585E-05   0.0000000E+00   2.0410585E-05
   6.8115942E-01   1.7734263E+02   0.0000000E+00   1.7734263E+02   3.2695078E-05   0.0000000E+00   3.2695078E-05
   6.9565217E-01   6.3144724E+01   0.0000000E+00   6.3144724E+01   1.1167726E-05   0.0000000E+00   1.1167726E-05
   7.1014493E-01   1.0824810E+02   0.0000000E+00   1.0824810E+02   2.9462519E-06   0.0000000E+00   2.9462519E-06
   7.2463768E-01   1.2123787E+02   0.0000000E+00   1.2123787E+02   2.3316860E-05   0.0000000E+00   2.3316860E-05
   7.3913043E-01   5.9430328E+01   0.0000000E+00   5.9430328E+01   1.7860273E-04   0.0000000E+00   1.7860273E-04
   7.5362319E-01   4.3715578E+01   0.0000000E+00   4.3715578E+01   3.5865562E-05   0.0000000E+00   3.5865562E-05
   7.6811594E-01   2.8593837E+01   0.0000000E+00   2.8593837E+01   9.9512728E-06   0.0000000E+00   9.9512728E-06
   7.8260870E-01   1.4032161E+01   0.0000000E+00   1.4032161E+01   1.8046116E-05   0.0000000E+00   1.8046116E-05
   7.9710145E-01   4.1331092E+01   0.0000000E+00   4.1331092E+01   3.0286447E-06   0.0000000E+00   3.0286447E-06
   8.1159420E-01   2.7062024E+01   0.0000000E+00   2.7062024E+01   6.7895388E-05   0.0000000E+00   6.7895388E-05
   8.2608696E-01   3.9880878E+01   0.0000000E+00   3.9880878E+01   8.2624125E-06   0.0000000E+00   8.2624125E-06
   8.4057971E-01   3.9193277E+01   0.0000000E+00   3.9193277E+01   2.0169623E-04   0.0000000E+00   2.0169623E-04
   8.5507246E-01   6.4214973E+01   0.0000000E+00   6.4214973E+01   1.6773578E-06   0.0000000E+00   1.6773578E-06
   8.6956522E-01   1.2628945E+01   0.0000000E+00   1.2628945E+01   5.7990254E-06   0.0000000E+00   5.7990254E-06
   8.8405797E-01   1.2421913E+01   0.0000000E+00   1.2421913E+01   8.8013878E-06   0.0000000E+00   8.8013878E-06
   8.9855072E-01   1.2221559E+01   0.0000000E+00   1.2221559E+01   7.6320893E-06   0.0000000E+00   7.6320893E-06
   9.1304348E-01   2.4055133E+01   0.0000000E+00   2.4055133E+01   1.5117004E-05   0.0000000E+00   1.5117004E-05
   9.2753623E-01   0.0000000E+00   0.0000000E+00   0.0000000E+00   0.0000000E+00   0.0000000E+00   0.0000000E+00
   9.4202899E-01   2.3314975E+01   0.0000000E+00   2.3314975E+01   1.4978268E-05   0.0000000E+00   1.4978268E-05
   9.5652174E-01   0.0000000E+00   0.0000000E+00   0.0000000E+00   0.0000000E+00   0.0000000E+00   0.0000000E+00
   9.7101449E-01   0.0000000E+00   0.0000000E+00   0.0000000E+00   0.0000000E+00   0.0000000E+00   0.0000000E+00
   9.8550725E-01   0.0000000E+00   0.0000000E+00   0.0000000E+00   0.0000000E+00   0.0000000E+00   0.0000000E+00
   1.0000000E+00   0.0000000E+00   0.0000000E+00   0.0000000E+00   0.0000000E+00   0.0000000E+00   0.0000000E+00
