   0.0000000E+00   8.0016994E+05   3.4552793E+05   1.1456979E+06   7.4977191E-03   1.3701563E-02   9.2927331E-03
   1.4492754E-02   8.8730966E+05   4.7055448E+05   1.3578641E+06   3.3234707E-03   1.8720298E-03   2.8099970E-03
   2.8985507E-02   7.6114650E+05   4.0766234E+05   1.1688088E+06   2.0883212E-03   4.8096374E-04   1.4635318E-03
   4.3478261E-02   4.0235818E+05   2.1216627E+05   6.1452445E+05   6.0730508E-04   1.8224639E-03   7.8198487E-04
   5.7971014E-02   2.4531725E+05   1.2104844E+05   3.6636569E+05   2.7036635E-03   1.9549375E-03   2.2916431E-03
   7.2463768E-02   3.8493024E+04   1.9549606E+04   5.8042630E+04   1.9044118E-02   5.5282295E-03   1.0821640E-02
   8.6956522E-02   7.8299457E+03   3.0309467E+03   1.0860892E+04   4.5269311E-02   4.2833388E-02   2.9330942E-02
   1.0144928E-01   3.1391948E+03   2.1649620E+03   5.3041568E+03   3.0840790E-02   2.1910250E-02   2.7147983E-02
   1.1594203E-01   1.7996246E+03   1.8943417E+02   1.9890588E+03   2.7281269E-02   0.0000000E+00   2.4683053E-02
   1.3043478E-01   8.4192965E+01   0.0000000E+00   8.4192965E+01   2.9894037E-06   0.0000000E+00   2.9894037E-06
   1.4492754E-01   7.5773668E+01   1.5154734E+02   2.2732101E+02   2.0981070E-01   1.8513362E-01   1.9264276E-01
   1.5942029E-01   1.3777031E+02   0.0000000E+00   1.3777031E+02   2.9184371E-01   0.0000000E+00   2.9184371E-01
   1.7391304E-01   6.3144724E+01   6.3144724E+01   1.2628945E+02   3.9256005E-01   6.7990910E-06   1.9628273E-01
   1.8840580E-01   2.3314975E+02   0.0000000E+00   2.3314975E+02   2.6935371E-01   0.0000000E+00   2.6935371E-01
   2.0289855E-01   1.0824810E+02   0.0000000E+00   1.0824810E+02   1.6036960E-01   0.0000000E+00   1.6036960E-01
   2.1739130E-01   1.0103156E+02   0.0000000E+00   1.0103156E+02   1.8650032E-01   0.0000000E+00   1.8650032E-01
   2.3188406E-01   4.7358543E+01   0.0000000E+00   4.7358543E+01   3.6285449E-01   0.0000000E+00   3.6285449E-01
   2.4637681E-01   0.0000000E+00   0.0000000E+00   0.0000000E+00   0.0000000E+00   0.0000000E+00   0.0000000E+00
   2.6086957E-01   8.4192965E+01   0.0000000E+00   8.4192965E+01   6.1754671E-02   0.0000000E+00   6.1754671E-02
   2.7536232E-01   3.9880878E+01   0.0000000E+00   3.9880878E+01   9.5529474E-07   0.0000000E+00   9.5529474E-07
   2.8985507E-01   3.7886834E+01   0.0000000E+00   3.7886834E+01   4.9409423E-07   0.0000000E+00   4.9409423E-07
   3.0434783E-01   3.6082699E+01   0.0000000E+00   3.6082699E+01   4.2845905E-01   0.0000000E+00   4.2845905E-01
   3.1884058E-01   0.0000000E+00   6.8885153E+01   6.8885153E+01   0.0000000E+00   2.6568666E-01   2.6568666E-01
   3.3333333E-01   3.2945073E+01   0.0000000E+00   3.2945073E+01   4.2832759E-01   0.0000000E+00   4.2832759E-01
   3.4782609E-01   0.0000000E+00   0.0000000E+00   0.0000000E+00   0.0000000E+00   0.0000000E+00   0.0000000E+00
   3.6231884E-01   0.0000000E+00   0.0000000E+00   0.0000000E+00   0.0000000E+00   0.0000000E+00   0.0000000E+00
   3.7681159E-01   0.0000000E+00   0.0000000E+00   0.0000000E+00   0.0000000E+00   0.0000000E+00   0.0000000E+00
   3.9130435E-01   0.0000000E+00   0.0000000E+00   0.0000000E+00   0.0000000E+00   0.0000000E+00   0.0000000E+00
   4.0579710E-01   0.0000000E+00   0.0000000E+00   0.0000000E+00   0.0000000E+00   0.0000000E+00   0.0000000E+00
   4.2028986E-01   2.6128851E+01   5.2257702E+01   7.8386554E+01   4.2806839E-01   1.8623356E-01   2.6640876E-01
   4.3478261E-01   0.0000000E+00   0.0000000E+00   0.0000000E+00   0.0000000E+00   0.0000000E+00   0.0000000E+00
   4.4927536E-01   0.0000000E+00   0.0000000E+00   0.0000000E+00   0.0000000E+00   0.0000000E+00   0.0000000E+00
   4.6376812E-01   0.0000000E+00   0.0000000E+00   0.0000000E+00   0.0000000E+00   0.0000000E+00   0.0000000E+00
   4.7826087E-01   0.0000000E+00   0.0000000E+00   0.0000000E+00   0.0000000E+00   0.0000000E+00   0.0000000E+00
   4.9275362E-01   0.0000000E+00   0.0000000E+00   0.0000000E+00   0.0000000E+00   0.0000000E+00   0.0000000E+00
   5.0724638E-01   0.0000000E+00   0.0000000E+00   0.0000000E+00   0.0000000E+00   0.0000000E+00   0.0000000E+00
   5.2173913E-01   0.0000000E+00   0.0000000E+00   0.0000000E+00   0.0000000E+00   0.0000000E+00   0.0000000E+00
   5.3623188E-01   0.0000000E+00   0.0000000E+00   0.0000000E+00   0.0000000E+00   0.0000000E+00   0.0000000E+00
   5.5072464E-01   0.0000000E+00   0.0000000E+00   0.0000000E+00   0.0000000E+00   0.0000000E+00   0.0000000E+00
   5.6521739E-01   0.0000000E+00   0.0000000E+00   0.0000000E+00   0.0000000E+00   0.0000000E+00   0.0000000E+00
   5.7971014E-01   0.0000000E+00   0.0000000E+00   0.0000000E+00   0.0000000E+00   0.0000000E+00   0.0000000E+00
   5.9420290E-01   0.0000000E+00   0.0000000E+00   0.0000000E+00   0.0000000E+00   0.0000000E+00   0.0000000E+00
   6.0869565E-01   0.0000000E+00   0.0000000E+00   0.0000000E+00   0.0000000E+00   0.0000000E+00   0.0000000E+00
   6.2318841E-01   0.0000000E+00   0.0000000E+00   0.0000000E+00   0.0000000E+00   0.0000000E+00   0.0000000E+00
   6.3768116E-01   0.0000000E+00   0.0000000E+00   0.0000000E+00   0.0000000E+00   0.0000000E+00   0.0000000E+00
   6.5217391E-01   0.0000000E+00   0.0000000E+00   0.0000000E+00   0.0000000E+00   0.0000000E+00   0.0000000E+00
   6.6666667E-01   0.0000000E+00   0.0000000E+00   0.0000000E+00   0.0000000E+00   0.0000000E+00   0.0000000E+00
   6.8115942E-01   0.0000000E+00   0.0000000E+00   0.0000000E+00   0.0000000E+00   0.0000000E+00   0.0000000E+00
   6.9565217E-01   0.0000000E+00   0.0000000E+00   0.0000000E+00   0.0000000E+00   0.0000000E+00   0.0000000E+00
   7.1014493E-01   0.0000000E+00   0.0000000E+00   0.0000000E+00   0.0000000E+00   0.0000000E+00   0.0000000E+00
   7.2463768E-01   0.0000000E+00   0.0000000E+00   0.0000000E+00   0.0000000E+00   0.0000000E+00   0.0000000E+00
   7.3913043E-01   0.0000000E+00   0.0000000E+00   0.0000000E+00   0.0000000E+00   0.0000000E+00   0.0000000E+00
   7.5362319E-01   0.0000000E+00   0.0000000E+00   0.0000000E+00   0.0000000E+00   0.0000000E+00   0.0000000E+00
   7.6811594E-01   0.0000000E+00   0.0000000E+00   0.0000000E+00   0.0000000E+00   0.0000000E+00   0.0000000E+00
   7.8260870E-01   0.0000000E+00   0.0000000E+00   0.0000000E+00   0.0000000E+00   0.0000000E+00   0.0000000E+00
   7.9710145E-01   0.0000000E+00   0.0000000E+00   0.0000000E+00   0.0000000E+00   0.0000000E+00   0.0000000E+00
   8.1159420E-01   0.0000000E+00   0.0000000E+00   0.0000000E+00   0.0000000E+00   0.0000000E+00   0.0000000E+00
   8.2608696E-01   0.0000000E+00   0.0000000E+00   0.0000000E+00   0.0000000E+00   0.0000000E+00   0.0000000E+00
   8.4057971E-01   0.0000000E+00   0.0000000E+00   0.0000000E+00   0.0000000E+00   0.0000000E+00   0.0000000E+00
   8.5507246E-01   0.0000000E+00   0.0000000E+00   0.0000000E+00   0.0000000E+00   0.0000000E+00   0.0000000E+00
   8.6956522E-01   0.0000000E+00   0.0000000E+00   0.0000000E+00   0.0000000E+00   0.0000000E+00   0.0000000E+00
   8.8405797E-01   0.0000000E+00   0.0000000E+00   0.0000000E+00   0.0000000E+00   0.0000000E+00   0.0000000E+00
   8.9855072E-01   0.0000000E+00   0.0000000E+00   0.0000000E+00   0.0000000E+00   0.0000000E+00   0.0000000E+00
   9.1304348E-01   0.0000000E+00   0.0000000E+00   0.0000000E+00   0.0000000E+00   0.0000000E+00   0.0000000E+00
   9.2753623E-01   0.0000000E+00   0.0000000E+00   0.0000000E+00   0.0000000E+00   0.0000000E+00   0.0000000E+00
   9.4202899E-01   0.0000000E+00   0.0000000E+00   0.0000000E+00   0.0000000E+00   0.0000000E+00   0.0000000E+00
   9.5652174E-01   0.0000000E+00   0.0000000E+00   0.0000000E+00   0.0000000E+00   0.0000000E+00   0.0000000E+00
   9.7101449E-01   0.0000000E+00   0.0000000E+00   0.0000000E+00   0.0000000E+00   0.0000000E+00   0.0000000E+00
   9.8550725E-01   0.0000000E+00   0.0000000E+00   0.0000000E+00   0.0000000E+00   0.0000000E+00   0.0000000E+00
   1.0000000E+00   0.0000000E+00   0.0000000E+00   0.0000000E+00   0.0000000E+00   0.0000000E+00   0.0000000E+00
