   0.0000000E+00   5.6314990E+06   3.7098788E+06   9.3413778E+06   2.9570434E-05   6.9538790E-06   1.6687857E-05
   1.4492754E-02   5.7997166E+06   3.5386303E+06   9.3375892E+06   1.1758163E-04   3.9664849E-05   6.6818183E-05
   2.8985507E-02   5.9103461E+06   3.4969548E+06   9.4073009E+06   5.3729496E-05   8.9525364E-05   4.4640521E-05
   4.3478261E-02   5.8312889E+06   3.4828104E+06   9.3130890E+06   4.3729478E-05   1.3395853E-05   2.9115059E-05
   5.7971014E-02   5.7284893E+06   3.3957969E+06   9.1240968E+06   7.5625588E-05   3.2112105E-05   3.5624186E-05
   7.2463768E-02   5.4876806E+06   3.1740074E+06   8.6610818E+06   5.5027423E-05   3.0644718E-05   3.8573263E-05
   8.6956522E-02   5.1301299E+06   2.8737164E+06   8.0034674E+06   3.9367207E-05   4.6118119E-05   3.2910689E-05
   1.0144928E-01   4.7145294E+06   2.5362529E+06   7.2507823E+06   4.4327879E-05   6.3653096E-05   3.3718199E-05
   1.1594203E-01   4.2622688E+06   2.1587918E+06   6.4208712E+06   2.7569355E-05   4.4594081E-05   2.5496535E-05
   1.3043478E-01   3.7052482E+06   1.8369221E+06   5.5420861E+06   6.7443229E-05   7.3200040E-05   5.0633846E-05
   1.4492754E-01   3.2055293E+06   1.5187316E+06   4.7239578E+06   4.0280664E-05   3.4805748E-05   3.1152158E-05
   1.5942029E-01   2.6720551E+06   1.2568096E+06   3.9288647E+06   5.7860497E-05   2.1368757E-05   3.7634388E-05
   1.7391304E-01   2.2148643E+06   1.0374678E+06   3.2522058E+06   8.8775654E-05   9.1350184E-05   8.9509630E-05
   1.8840580E-01   1.8280106E+06   8.5385267E+05   2.6813970E+06   5.2376034E-05   6.9445900E-05   4.8071949E-05
   2.0289855E-01   1.5160687E+06   7.0464099E+05   2.2207097E+06   9.3076332E-05   3.1148069E-05   7.2912587E-05
   2.1739130E-01   1.2230375E+06   5.6895922E+05   1.7918452E+06   1.0506925E-04   5.5339386E-05   6.1910818E-05
   2.3188406E-01   1.0205766E+06   4.6255089E+05   1.4831275E+06   1.1872351E-04   2.7139507E-04   1.2901838E-04
   2.4637681E-01   8.4429696E+05   3.8546511E+05   1.2297621E+06   1.2822100E-04   6.3462054E-05   9.5241040E-05
   2.6086957E-01   6.8764604E+05   3.1972278E+05   1.0072846E+06   1.5878939E-04   2.3950156E-04   1.8031782E-04
   2.7536232E-01   5.6614895E+05   2.6038225E+05   8.2653120E+05   1.4204420E-04   3.9231176E-05   1.0618972E-04
   2.8985507E-01   4.7328233E+05   2.1322710E+05   6.8647155E+05   1.4923867E-04   1.2842065E-04   1.4219701E-04
   3.0434783E-01   3.9810042E+05   1.8196505E+05   5.8006547E+05   2.0675708E-04   8.0821932E-05   1.1900054E-04
   3.1884058E-01   3.2341579E+05   1.5137512E+05   4.7479092E+05   3.5663786E-04   3.2428024E-04   2.3832358E-04
   3.3333333E-01   2.7716690E+05   1.2759627E+05   4.0479611E+05   2.1101364E-04   8.6774215E-05   1.1792072E-04
   3.4782609E-01   2.2874176E+05   1.0437823E+05   3.3311999E+05   4.5187291E-04   3.2405152E-04   2.1063456E-04
   3.6231884E-01   1.9473833E+05   8.9079525E+04   2.8381785E+05   4.1782579E-04   7.4393888E-04   2.3293776E-04
   3.7681159E-01   1.6582776E+05   7.5657094E+04   2.4148485E+05   4.5928547E-04   7.5244739E-04   3.5626843E-04
   3.9130435E-01   1.3903065E+05   6.1966022E+04   2.0099667E+05   7.3219755E-04   5.7539357E-04   3.3022700E-04
   4.0579710E-01   1.1723269E+05   5.3880491E+04   1.7111318E+05   2.1067894E-04   4.9911273E-04   2.1063208E-04
   4.2028986E-01   9.9629310E+04   4.6352582E+04   1.4598189E+05   2.0271824E-04   8.6191011E-04   3.3684723E-04
   4.3478261E-01   8.6179919E+04   3.8770860E+04   1.2495078E+05   9.4003339E-04   1.2506323E-03   1.0350253E-03
   4.4927536E-01   7.4991489E+04   3.2558234E+04   1.0754972E+05   6.0093217E-04   5.5207360E-04   5.3159744E-04
   4.6376812E-01   6.3886674E+04   2.8012578E+04   9.1899252E+04   1.0014485E-03   7.1950591E-04   7.2892092E-04
   4.7826087E-01   5.6049553E+04   2.5211966E+04   8.1261519E+04   9.1823794E-04   2.4153626E-03   1.0330733E-03
   4.9275362E-01   5.0055194E+04   2.2620669E+04   7.2675863E+04   9.4703940E-04   5.0676674E-04   8.0889525E-04
   5.0724638E-01   4.2346656E+04   1.8597023E+04   6.0943679E+04   2.9363080E-04   6.1698852E-04   3.0328240E-04
   5.2173913E-01   3.8918198E+04   1.6186098E+04   5.5104296E+04   3.7945772E-04   2.6622350E-03   8.3954493E-04
   5.3623188E-01   3.1906858E+04   1.5113775E+04   4.7020633E+04   1.5631570E-03   1.0774748E-03   1.0875614E-03
   5.5072464E-01   2.8614530E+04   1.3360094E+04   4.1974624E+04   3.1037447E-03   2.8968239E-03   3.0335620E-03
   5.6521739E-01   2.6190488E+04   1.0588884E+04   3.6779373E+04   2.3272109E-03   4.1706458E-03   1.2229530E-03
   5.7971014E-01   2.3148856E+04   1.0513596E+04   3.3662452E+04   2.1832603E-03   3.0106852E-03   1.3984611E-03
   5.9420290E-01   2.1216627E+04   8.8710636E+03   3.0087691E+04   1.3644589E-03   1.6172156E-03   1.4276507E-03
   6.0869565E-01   1.8149598E+04   8.5876824E+03   2.6737280E+04   3.5850222E-03   1.7913892E-03   1.8823801E-03
   6.2318841E-01   1.6159175E+04   7.3835272E+03   2.3542703E+04   1.2310973E-03   5.8287180E-03   2.5691083E-03
   6.3768116E-01   1.5430274E+04   6.3202128E+03   2.1750487E+04   1.2168113E-03   3.1158343E-03   1.6213127E-03
   6.5217391E-01   1.2999394E+04   5.9271847E+03   1.8926579E+04   3.2499576E-03   1.9658453E-03   1.6167340E-03
   6.6666667E-01   1.1893171E+04   4.9747061E+03   1.6867877E+04   5.6702060E-03   3.5745921E-03   4.8630922E-03
   6.8115942E-01   1.1124219E+04   4.7560068E+03   1.5880226E+04   4.5822819E-03   4.6027680E-03   4.2941417E-03
   6.9565217E-01   9.1086264E+03   4.1991241E+03   1.3307751E+04   3.1489177E-03   2.2315924E-03   2.6863119E-03
   7.1014493E-01   8.3505675E+03   3.5721872E+03   1.1922755E+04   8.3150930E-03   6.2158716E-03   7.6094899E-03
   7.2463768E-01   7.9562352E+03   3.1824941E+03   1.1138729E+04   3.3620191E-03   1.1280206E-02   5.5409030E-03
   7.3913043E-01   6.8344877E+03   2.9269437E+03   9.7614314E+03   3.7507954E-03   5.4008554E-03   3.6264888E-03
   7.5362319E-01   6.6301960E+03   2.6083628E+03   9.2385588E+03   3.0113908E-03   6.0129031E-03   3.4276103E-03
   7.6811594E-01   5.4185321E+03   2.5448515E+03   7.9633836E+03   5.3817402E-03   3.3007706E-03   2.9572747E-03
   7.8260870E-01   5.2199638E+03   2.3012744E+03   7.5212382E+03   1.3247504E-02   1.0037979E-02   1.2133722E-02
   7.9710145E-01   5.0148391E+03   1.9563383E+03   6.9711775E+03   6.1432911E-03   9.2802620E-03   6.9186792E-03
   8.1159420E-01   4.3705169E+03   1.6643145E+03   6.0348314E+03   8.9298067E-03   1.1318675E-02   8.9742900E-03
   8.2608696E-01   3.6424535E+03   1.6484096E+03   5.2908632E+03   7.0772897E-03   8.3538993E-03   2.9105605E-03
   8.4057971E-01   2.9003025E+03   1.4501512E+03   4.3504537E+03   7.5947928E-03   5.6887819E-03   3.9001891E-03
   8.5507246E-01   2.5429129E+03   1.3742004E+03   3.9171134E+03   1.4041392E-02   9.9124887E-03   1.2591113E-02
   8.6956522E-01   2.3616127E+03   1.0482024E+03   3.4098151E+03   1.4557739E-02   9.8917087E-03   1.2466767E-02
   8.8405797E-01   2.1489909E+03   9.5648729E+02   3.1054782E+03   2.6156819E-02   3.1815281E-02   1.7327300E-02
   8.9855072E-01   2.2976532E+03   7.3329357E+02   3.0309467E+03   1.7160043E-02   1.3941757E-02   1.4955304E-02
   9.1304348E-01   1.4072253E+03   6.9759885E+02   2.1048241E+03   1.3556148E-02   3.4669102E-02   8.7604613E-03
   9.2753623E-01   1.3615581E+03   6.3934033E+02   2.0008984E+03   3.0712332E-02   9.0743279E-03   2.3682463E-02
   9.4202899E-01   1.1890637E+03   5.4790191E+02   1.7369656E+03   1.8387026E-02   2.3638063E-02   1.7050976E-02
   9.5652174E-01   8.1514098E+02   4.0183006E+02   1.2169710E+03   2.2045220E-02   2.3019127E-02   2.1085128E-02
   9.7101449E-01   5.6547514E+02   2.9404707E+02   8.5952221E+02   2.9982232E-02   1.6685463E-02   2.2869217E-02
   9.8550725E-01   3.7886834E+02   1.0028868E+02   4.7915702E+02   2.9441030E-02   3.5484622E-05   2.3273306E-02
   1.0000000E+00   0.0000000E+00   0.0000000E+00   0.0000000E+00   0.0000000E+00   0.0000000E+00   0.0000000E+00
