   0.0000000E+00   4.8355724E+07   2.6247999E+07   7.4603723E+07   1.4863904E-03   2.5082165E-03   1.3828941E-03
   1.4492754E-02   5.2203511E+07   2.8046108E+07   8.0248104E+07   8.8662278E-04   4.1092284E-04   4.3493164E-04
   2.8985507E-02   4.7606323E+07   2.5327349E+07   7.2933671E+07   6.3006564E-04   2.9648799E-04   5.0214721E-04
   4.3478261E-02   3.6059173E+07   1.8489785E+07   5.4547948E+07   3.7664279E-04   5.0700937E-05   2.6585854E-04
   5.7971014E-02   2.5282453E+07   1.2553045E+07   3.7835119E+07   8.7868813E-04   5.1162085E-04   6.6634748E-04
   7.2463768E-02   1.2718610E+07   5.8856439E+06   1.8604254E+07   1.3120925E-03   8.8225235E-04   7.9952517E-04
   8.6956522E-02   7.0271237E+06   3.1691074E+06   1.0196231E+07   2.1342933E-03   1.3196771E-03   1.8792194E-03
   1.0144928E-01   3.7373738E+06   1.6726496E+06   5.4100234E+06   3.1981677E-03   3.7640624E-03   3.3502713E-03
   1.1594203E-01   1.1711768E+06   5.2378548E+05   1.6949622E+06   1.4969047E-02   9.5495508E-03   1.3267254E-02
   1.3043478E-01   3.5445238E+04   1.3807646E+04   4.9252884E+04   9.3661360E-02   5.7562255E-02   8.3205387E-02
   1.4492754E-01   1.7655265E+04   6.0618935E+03   2.3717158E+04   1.2751719E-01   6.9677295E-02   1.1222386E-01
   1.5942029E-01   1.0126118E+04   3.5131428E+03   1.3639260E+04   1.3691411E-01   8.8036836E-02   1.2419443E-01
   1.7391304E-01   6.6933407E+03   2.5257889E+03   9.2191297E+03   1.5776009E-01   5.1013779E-02   1.2806362E-01
   1.8840580E-01   5.0127196E+03   1.5154734E+03   6.5281930E+03   1.5340094E-01   5.5394110E-02   1.3063461E-01
   2.0289855E-01   3.6263113E+03   1.5154734E+03   5.1417846E+03   1.5869564E-01   8.4960818E-02   1.3596314E-01
   2.1739130E-01   2.9804310E+03   9.0928402E+02   3.8897150E+03   1.1268712E-01   9.5281202E-02   1.0847468E-01
   2.3188406E-01   2.1784930E+03   9.9452940E+02   3.1730224E+03   1.5228770E-01   1.0112926E-01   1.3435080E-01
   2.4637681E-01   1.9612008E+03   4.9030021E+02   2.4515010E+03   1.5547395E-01   8.8551784E-02   1.4205654E-01
   2.6086957E-01   1.5996663E+03   3.7886834E+02   1.9785347E+03   1.9217449E-01   1.3233667E-01   1.8071613E-01
   2.7536232E-01   1.0767837E+03   3.9880878E+02   1.4755925E+03   1.7781958E-01   9.6507256E-02   1.5009399E-01
   2.8985507E-01   1.0987182E+03   1.5154734E+02   1.2502655E+03   1.9021875E-01   9.4868307E-02   1.7844980E-01
   3.0434783E-01   8.6598478E+02   2.8866159E+02   1.1546464E+03   1.9261749E-01   1.3891553E-01   1.7919092E-01
   3.1884058E-01   4.4775350E+02   2.7554061E+02   7.2329411E+02   1.7098581E-01   8.6658570E-02   1.3882472E-01
   3.3333333E-01   6.5890146E+02   2.3061551E+02   8.8951698E+02   1.5192527E-01   4.6320703E-02   1.2447623E-01
   3.4782609E-01   5.0515779E+02   9.4717086E+01   5.9987487E+02   2.3932429E-01   9.3199081E-02   2.1404324E-01
   3.6231884E-01   5.7587988E+02   6.0618935E+01   6.3649881E+02   1.6453654E-01   1.4449598E-01   1.6258278E-01
   3.7681159E-01   5.2458694E+02   2.9143719E+02   8.1602412E+02   1.9975824E-01   7.5286424E-02   1.5519265E-01
   3.9130435E-01   5.0515779E+02   1.1225729E+02   6.1741508E+02   1.7450317E-01   2.6982975E-01   1.9150797E-01
   4.0579710E-01   3.5180632E+02   1.0824810E+02   4.6005442E+02   1.7071885E-01   5.4634437E-02   1.4187694E-01
   4.2028986E-01   3.3967507E+02   5.2257702E+01   3.9193277E+02   1.8704464E-01   1.4652961E-01   1.8108561E-01
   4.3478261E-01   2.5257889E+02   0.0000000E+00   2.5257889E+02   1.9653521E-01   0.0000000E+00   1.9653521E-01
   4.4927536E-01   2.1998807E+02   9.7772475E+01   3.1776054E+02   1.5709749E-01   7.3243413E-02   1.0293601E-01
   4.6376812E-01   2.6047199E+02   4.7358543E+01   3.0783053E+02   1.2913231E-01   1.7203577E-01   1.3529991E-01
   4.7826087E-01   2.7554061E+02   9.1846871E+01   3.6738748E+02   1.4224779E-01   7.1958766E-02   1.2236298E-01
   4.9275362E-01   1.7829098E+02   0.0000000E+00   1.7829098E+02   2.1216455E-01   0.0000000E+00   2.1216455E-01
   5.0724638E-01   1.9484658E+02   1.0824810E+02   3.0309467E+02   1.8011798E-01   2.5044499E-02   1.2296876E-01
   5.2173913E-01   1.6838593E+02   8.4192965E+01   2.5257889E+02   2.4850870E-01   2.7045480E-06   1.6567157E-01
   5.3623188E-01   1.2287622E+02   4.0958740E+01   1.6383496E+02   1.6628431E-01   3.0116660E-01   1.9605363E-01
   5.5072464E-01   1.1964263E+02   1.1964263E+02   2.3928527E+02   1.3329587E-01   2.5768001E-01   1.9474782E-01
   5.6521739E-01   2.3314975E+02   0.0000000E+00   2.3314975E+02   1.5438562E-01   0.0000000E+00   1.5438562E-01
   5.7971014E-01   9.4717086E+01   1.8943417E+01   1.1366050E+02   2.3063820E-01   5.0977902E-06   1.9219921E-01
   5.9420290E-01   2.0329521E+02   3.6962765E+01   2.4025797E+02   1.8586738E-01   1.5578639E-01   1.8007761E-01
   6.0869565E-01   1.0824810E+02   3.6082699E+01   1.4433080E+02   1.0600988E-01   2.5768337E-06   7.9506771E-02
   6.2318841E-01   1.2335248E+02   3.5243567E+01   1.5859605E+02   2.9876591E-01   4.7316606E-06   2.3237453E-01
   6.3768116E-01   1.3777031E+02   3.4442577E+01   1.7221288E+02   2.6433878E-01   2.0315355E-01   2.5203141E-01
   6.5217391E-01   1.0103156E+02   3.3677186E+01   1.3470874E+02   2.7198361E-01   3.2829028E-01   2.7918223E-01
   6.6666667E-01   1.3178029E+02   1.6472537E+01   1.4825283E+02   2.6274842E-01   2.1173771E-06   2.3355392E-01
   6.8115942E-01   6.4488228E+01   0.0000000E+00   6.4488228E+01   1.5478538E-01   0.0000000E+00   1.5478538E-01
   6.9565217E-01   4.7358543E+01   3.1572362E+01   7.8930905E+01   6.4903752E-05   2.2169190E-07   3.8870421E-05
   7.1014493E-01   7.7320070E+01   1.5464014E+01   9.2784084E+01   1.3726135E-01   2.6935842E-01   1.5771724E-01
   7.2463768E-01   6.0618935E+01   1.5154734E+01   7.5773668E+01   1.5641260E-01   2.5094029E-01   1.6685203E-01
   7.3913043E-01   4.4572746E+01   1.4857582E+01   5.9430328E+01   4.6594213E-06   8.0331529E-06   2.1545441E-06
   7.5362319E-01   4.3715578E+01   0.0000000E+00   4.3715578E+01   4.2021046E-05   0.0000000E+00   4.2021046E-05
   7.6811594E-01   4.2890756E+01   1.4296919E+01   5.7187674E+01   9.1508606E-02   7.9547938E-07   6.8631639E-02
   7.8260870E-01   1.4032161E+01   1.4032161E+01   2.8064322E+01   3.5592705E-01   4.0245350E-01   3.7822624E-01
   7.9710145E-01   8.2662184E+01   0.0000000E+00   8.2662184E+01   1.9597089E-01   0.0000000E+00   1.9597089E-01
   8.1159420E-01   4.0593037E+01   0.0000000E+00   4.0593037E+01   2.7439483E-05   0.0000000E+00   2.7439483E-05
   8.2608696E-01   1.3293626E+01   1.3293626E+01   2.6587252E+01   2.7173705E-01   3.3983712E-01   3.0485668E-01
   8.4057971E-01   1.3064426E+01   0.0000000E+00   1.3064426E+01   4.1999669E-01   0.0000000E+00   4.1999669E-01
   8.5507246E-01   1.2842995E+01   1.2842995E+01   2.5685989E+01   4.3905682E-01   3.8458262E-01   4.1001743E-01
   8.6956522E-01   5.0515779E+01   1.2628945E+01   6.3144724E+01   3.4523146E-01   1.1433549E-05   2.7618746E-01
   8.8405797E-01   0.0000000E+00   0.0000000E+00   0.0000000E+00   0.0000000E+00   0.0000000E+00   0.0000000E+00
   8.9855072E-01   0.0000000E+00   0.0000000E+00   0.0000000E+00   0.0000000E+00   0.0000000E+00   0.0000000E+00
   9.1304348E-01   1.2027566E+01   0.0000000E+00   1.2027566E+01   4.6232608E-01   0.0000000E+00   4.6232608E-01
   9.2753623E-01   2.3679271E+01   0.0000000E+00   2.3679271E+01   1.9729681E-01   0.0000000E+00   1.9729681E-01
   9.4202899E-01   1.1657487E+01   1.1657487E+01   2.3314975E+01   1.2177690E-05   4.7818328E-01   2.3909771E-01
   9.5652174E-01   1.1480859E+01   0.0000000E+00   1.1480859E+01   4.9013386E-05   0.0000000E+00   4.9013386E-05
   9.7101449E-01   0.0000000E+00   0.0000000E+00   0.0000000E+00   0.0000000E+00   0.0000000E+00   0.0000000E+00
   9.8550725E-01   0.0000000E+00   0.0000000E+00   0.0000000E+00   0.0000000E+00   0.0000000E+00   0.0000000E+00
   1.0000000E+00   0.0000000E+00   0.0000000E+00   0.0000000E+00   0.0000000E+00   0.0000000E+00   0.0000000E+00
