   0.0000000E+00   2.0610438E+06   8.7291266E+05   2.9339564E+06   2.0037002E-03   1.9004318E-03   8.5441722E-04
   1.4492754E-02   1.9193470E+06   1.0464344E+06   2.9657814E+06   3.6060860E-04   2.5251068E-04   1.5438285E-04
   2.8985507E-02   2.0360385E+06   1.0358260E+06   3.0718645E+06   1.2341677E-03   4.2207079E-05   8.0464393E-04
   4.3478261E-02   2.0964048E+06   1.0658829E+06   3.1622878E+06   6.7231243E-04   2.6751459E-04   5.3468088E-04
   5.7971014E-02   2.2343760E+06   1.1534647E+06   3.3876513E+06   2.9048877E-04   1.6318785E-04   2.3072256E-04
   7.2463768E-02   2.2598739E+06   1.1550938E+06   3.4148161E+06   4.4659644E-04   2.5266191E-04   2.6672119E-04
   8.6956522E-02   2.2518671E+06   1.1421618E+06   3.3937763E+06   4.5543103E-04   1.0894339E-04   2.6785375E-04
   1.0144928E-01   2.1488330E+06   1.0868109E+06   3.2351026E+06   4.1070705E-04   1.3180656E-04   2.6065651E-04
   1.1594203E-01   2.0230622E+06   1.0353525E+06   3.0584147E+06   4.6278680E-04   1.3038118E-04   2.8935724E-04
   1.3043478E-01   1.8875221E+06   9.5525338E+05   2.8427755E+06   9.2765806E-05   8.9014379E-05   7.8375285E-05
   1.4492754E-01   1.7186226E+06   8.7753485E+05   2.5959301E+06   6.8158152E-04   1.1270948E-04   4.1480158E-04
   1.5942029E-01   1.5630730E+06   7.8969940E+05   2.3525657E+06   3.4695327E-04   1.1605176E-04   1.9268077E-04
   1.7391304E-01   1.4342061E+06   7.3367854E+05   2.1677584E+06   9.6481113E-05   2.7718850E-04   6.4314792E-05
   1.8840580E-01   1.3066878E+06   6.7030553E+05   1.9766436E+06   4.8970222E-04   1.8308476E-04   3.8874815E-04
   2.0289855E-01   1.1755743E+06   5.9379494E+05   1.7692610E+06   3.1635985E-04   4.6782667E-05   2.0081797E-04
   2.1739130E-01   1.0699747E+06   5.3915491E+05   1.6089276E+06   7.9989311E-04   3.9134874E-04   6.3016033E-04
   2.3188406E-01   9.6213615E+05   4.8902431E+05   1.4511605E+06   2.0373103E-04   1.4845066E-04   1.1002729E-04
   2.4637681E-01   8.7424984E+05   4.4581661E+05   1.3199327E+06   8.5644904E-04   3.5949197E-04   6.7085909E-04
   2.6086957E-01   8.0021203E+05   4.0509445E+05   1.2052644E+06   7.5903561E-04   4.2930811E-04   4.8139545E-04
   2.7536232E-01   7.1885283E+05   3.6702372E+05   1.0858765E+06   3.1663145E-04   2.2404132E-04   2.4688013E-04
   2.8985507E-01   6.5809431E+05   3.3537426E+05   9.9343068E+05   9.8673516E-04   1.4134631E-04   6.1127473E-04
   3.0434783E-01   6.0048828E+05   2.9999156E+05   9.0037159E+05   7.5023679E-04   4.0929742E-05   5.0594010E-04
   3.1884058E-01   5.4873913E+05   2.7399070E+05   8.2272983E+05   1.1350668E-03   1.2596526E-04   7.1576089E-04
   3.3333333E-01   4.9526329E+05   2.5222748E+05   7.4745782E+05   1.4516457E-03   2.4965638E-04   1.0203791E-03
   3.4782609E-01   4.4933785E+05   2.2593182E+05   6.7520653E+05   1.2529551E-03   4.0676522E-04   9.5549679E-04
   3.6231884E-01   4.1581558E+05   2.0355838E+05   6.1931335E+05   8.3716590E-04   5.1580385E-04   7.4897616E-04
   3.7681159E-01   3.7793574E+05   1.8876387E+05   5.6667046E+05   2.8860832E-03   3.3810744E-04   1.8843691E-03
   3.9130435E-01   3.4538761E+05   1.7138881E+05   5.1677642E+05   2.3317783E-03   1.8268695E-04   1.5243195E-03
   4.0579710E-01   3.1535377E+05   1.5796104E+05   4.7331481E+05   2.0665869E-03   2.3301570E-04   1.4290008E-03
   4.2028986E-01   2.8668576E+05   1.4504125E+05   4.3172701E+05   2.9531430E-03   6.6451204E-04   1.7379433E-03
   4.3478261E-01   2.6530887E+05   1.2937091E+05   3.9465452E+05   2.6548885E-03   3.1199116E-04   1.6824937E-03
   4.4927536E-01   2.4338013E+05   1.2111565E+05   3.6449579E+05   4.6804979E-03   4.0127850E-04   3.1564591E-03
   4.6376812E-01   2.2478732E+05   1.1122154E+05   3.3600886E+05   4.1683505E-03   1.0116130E-03   2.8125386E-03
   4.7826087E-01   2.0729839E+05   1.0486616E+05   3.1214159E+05   3.3001677E-03   5.8151747E-04   2.2811699E-03
   4.9275362E-01   1.9117251E+05   9.6009695E+04   2.8718220E+05   3.8016553E-03   6.0912621E-04   2.6761272E-03
   5.0724638E-01   1.7847946E+05   8.6793325E+04   2.6527279E+05   2.1793095E-03   1.9052648E-03   2.0105704E-03
   5.2173913E-01   1.6331330E+05   8.2382816E+04   2.4567507E+05   1.4881171E-03   9.0546914E-04   1.2848210E-03
   5.3623188E-01   1.4859831E+05   7.7575853E+04   2.2617416E+05   1.6159874E-03   5.8096517E-04   9.5639755E-04
   5.5072464E-01   1.3954319E+05   7.1905223E+04   2.1142848E+05   2.9461846E-03   1.0171736E-03   1.7566687E-03
   5.6521739E-01   1.3279821E+05   6.4621339E+04   1.9740012E+05   3.3732612E-03   6.0539330E-04   2.3206951E-03
   5.7971014E-01   1.2146519E+05   6.1926031E+04   1.8339122E+05   2.8684226E-03   3.7358121E-04   1.9714059E-03
   5.9420290E-01   1.1464002E+05   5.5832257E+04   1.7045379E+05   7.4613939E-03   6.4197520E-04   4.8143207E-03
   6.0869565E-01   1.0570427E+05   5.2013211E+04   1.5771748E+05   7.3809486E-03   1.6406863E-03   5.4532683E-03
   6.2318841E-01   1.0211823E+05   4.9904890E+04   1.5200550E+05   6.0041272E-03   2.7409635E-04   4.0163683E-03
   6.3768116E-01   9.5629814E+04   4.6066946E+04   1.4169676E+05   4.5636777E-03   6.5574296E-04   3.0435877E-03
   6.5217391E-01   8.7257589E+04   4.3578279E+04   1.3081903E+05   3.7372175E-03   4.7767128E-04   2.4241524E-03
   6.6666667E-01   8.1308441E+04   3.9698813E+04   1.2100725E+05   8.4133386E-03   2.5648823E-04   5.6954476E-03
   6.8115942E-01   7.8401564E+04   3.8064177E+04   1.1646574E+05   9.0531844E-03   1.2204331E-03   5.7450826E-03
   6.9565217E-01   7.2253350E+04   3.3956075E+04   1.0620943E+05   8.0516403E-03   1.7062795E-03   5.7295450E-03
   7.1014493E-01   6.6572580E+04   3.2428037E+04   9.9000617E+04   6.2279146E-03   7.6725765E-05   4.2099546E-03
   7.2463768E-01   6.3558953E+04   3.0415550E+04   9.3974504E+04   7.1931396E-03   2.1329835E-03   5.1273106E-03
   7.3913043E-01   5.9742337E+04   2.9997458E+04   8.9739796E+04   9.1944508E-03   5.7038875E-04   6.1977035E-03
   7.5362319E-01   5.6975970E+04   2.7263949E+04   8.4239919E+04   3.7969488E-03   2.2089248E-03   3.2700812E-03
   7.6811594E-01   5.1554688E+04   2.6091876E+04   7.7646565E+04   1.3190215E-02   5.5024997E-04   8.6856396E-03
   7.8260870E-01   4.9982557E+04   2.4808860E+04   7.4791417E+04   6.7814412E-03   1.9023120E-03   5.1558325E-03
   7.9710145E-01   4.6676580E+04   2.2456560E+04   6.9133140E+04   1.4124366E-02   1.8941935E-03   1.0144661E-02
   8.1159420E-01   4.5017678E+04   2.0526546E+04   6.5544223E+04   1.3548896E-02   1.2611101E-03   9.6980520E-03
   8.2608696E-01   3.9242784E+04   1.9395400E+04   5.8638184E+04   1.1696296E-02   1.6109953E-03   8.1731764E-03
   8.4057971E-01   3.8121994E+04   1.8041972E+04   5.6163966E+04   1.0813722E-02   1.4865488E-03   7.7963182E-03
   8.5507246E-01   3.4958631E+04   1.7376572E+04   5.2335203E+04   1.7955290E-02   1.6315211E-03   1.2503183E-02
   8.6956522E-01   3.1660764E+04   1.5382055E+04   4.7042819E+04   1.6866613E-02   1.8706386E-03   1.1806893E-02
   8.8405797E-01   2.9439933E+04   1.4893874E+04   4.4333807E+04   1.1719256E-02   1.5600295E-04   7.7371170E-03
   8.9855072E-01   2.6520784E+04   1.3785919E+04   4.0306703E+04   1.5427461E-02   1.5384362E-03   1.0142273E-02
   9.1304348E-01   2.4728677E+04   1.1474298E+04   3.6202975E+04   2.9685612E-02   1.2532968E-03   2.0629224E-02
   9.2753623E-01   2.2637383E+04   1.1247654E+04   3.3885037E+04   2.8332997E-02   1.7753850E-03   1.9361442E-02
   9.4202899E-01   1.9444689E+04   9.9205218E+03   2.9365211E+04   2.9144845E-02   3.1507457E-04   1.9402046E-02
   9.5652174E-01   1.7347578E+04   8.2776992E+03   2.5625277E+04   3.3941781E-02   2.6366869E-03   2.3807438E-02
   9.7101449E-01   1.4917234E+04   6.9553442E+03   2.1872578E+04   4.1966096E-02   4.3761942E-03   2.9992525E-02
   9.8550725E-01   1.0229445E+04   4.4572746E+03   1.4686720E+04   5.0534055E-02   4.0248504E-03   3.6260323E-02
   1.0000000E+00   1.3568137E+03   5.4710230E+02   1.9039160E+03   9.9148219E-02   1.5220342E-02   7.4096594E-02
