   0.0000000E+00   6.9105586E+05   4.1827065E+05   1.1093265E+06   3.6779498E-02   1.6825968E-06   2.2911408E-02
   1.4492754E-02   7.4940158E+05   4.6752353E+05   1.2169251E+06   5.7839294E-03   4.4262596E-07   3.5617226E-03
   2.8985507E-02   7.5963103E+05   4.8987677E+05   1.2495078E+06   5.1721840E-03   2.3987713E-04   3.0618666E-03
   4.3478261E-02   7.6203053E+05   5.1248258E+05   1.2745131E+06   5.5010387E-03   3.7866238E-07   3.2890850E-03
   5.7971014E-02   8.2100770E+05   5.1677642E+05   1.3377841E+06   4.0459662E-03   2.8325349E-07   2.4829349E-03
   7.2463768E-02   8.3260107E+05   5.2617235E+05   1.3587734E+06   2.4567530E-03   8.5190319E-05   1.5005954E-03
   8.6956522E-02   8.2012367E+05   5.0667326E+05   1.3267969E+06   1.3199348E-03   4.5911360E-05   8.2801549E-04
   1.0144928E-01   8.0937103E+05   5.0595161E+05   1.3153226E+06   2.5644022E-03   8.2707692E-05   1.5574189E-03
   1.1594203E-01   7.9533937E+05   4.9357073E+05   1.2889101E+06   1.9906666E-03   3.6336948E-06   1.2278757E-03
   1.3043478E-01   7.5756830E+05   4.6331389E+05   1.2208822E+06   2.4694895E-03   8.9420122E-05   1.5426008E-03
   1.4492754E-01   7.1636426E+05   4.5055023E+05   1.1668387E+06   2.6684554E-03   5.4872035E-07   1.6363907E-03
   1.5942029E-01   7.0063089E+05   4.1413754E+05   1.1147684E+06   3.4942622E-03   1.2008177E-04   2.1892850E-03
   1.7391304E-01   6.8013182E+05   3.8638256E+05   1.0665144E+06   3.2776015E-03   3.6581019E-05   2.1005503E-03
   1.8840580E-01   6.4932205E+05   3.7216529E+05   1.0213708E+06   2.7129609E-03   6.9864883E-05   1.7619140E-03
   2.0289855E-01   6.3714830E+05   3.4958723E+05   9.8673553E+05   6.0986160E-03   8.1045513E-05   3.9644735E-03
   2.1739130E-01   6.0543161E+05   3.3880933E+05   9.4424094E+05   9.8136575E-03   1.3774333E-04   6.2627071E-03
   2.3188406E-01   5.7985800E+05   3.1938601E+05   8.9919665E+05   7.6841574E-03   7.2636287E-05   4.9663719E-03
   2.4637681E-01   5.5863023E+05   2.9984086E+05   8.5847109E+05   9.4663690E-03   7.7364341E-05   6.1852205E-03
   2.6086957E-01   5.3441484E+05   2.9054992E+05   8.2492267E+05   8.3568543E-03   4.8807362E-05   5.4255553E-03
   2.7536232E-01   5.2140260E+05   2.7334354E+05   7.9474614E+05   9.3208928E-03   6.1048077E-05   6.1298592E-03
   2.8985507E-01   4.9832553E+05   2.6285886E+05   7.6118439E+05   1.3839294E-02   8.2135190E-05   9.0514864E-03
   3.0434783E-01   4.8116279E+05   2.4557885E+05   7.2674165E+05   1.2896804E-02   8.0669191E-05   8.5176167E-03
   3.1884058E-01   4.5839625E+05   2.3889371E+05   6.9725552E+05   1.3896037E-02   1.0601284E-04   9.1074592E-03
   3.3333333E-01   4.5124867E+05   2.2073199E+05   6.7198066E+05   1.2602863E-02   1.4061660E-04   8.4634076E-03
   3.4782609E-01   4.2458512E+05   2.1507093E+05   6.3965605E+05   1.3416178E-02   7.1504251E-05   8.8819147E-03
   3.6231884E-01   4.1263309E+05   2.0758954E+05   6.2019232E+05   1.3153950E-02   1.5674962E-04   8.7101644E-03
   3.7681159E-01   3.9262418E+05   2.0284028E+05   5.9546446E+05   1.5789331E-02   3.0296512E-05   1.0400822E-02
   3.9130435E-01   3.7732480E+05   1.8699258E+05   5.6428932E+05   1.3559350E-02   5.8228933E-05   9.0800229E-03
   4.0579710E-01   3.6379479E+05   1.7947535E+05   5.4324308E+05   1.6628934E-02   1.1983089E-04   1.1169244E-02
   4.2028986E-01   3.5381077E+05   1.7514169E+05   5.2895246E+05   1.6462846E-02   2.1601135E-04   1.0950607E-02
   4.3478261E-01   3.3992068E+05   1.6847012E+05   5.0839080E+05   1.7103541E-02   1.1649786E-04   1.1470139E-02
   4.4927536E-01   3.2433574E+05   1.5934469E+05   4.8365599E+05   1.5712222E-02   1.2218628E-04   1.0504266E-02
   4.6376812E-01   3.1375035E+05   1.4936884E+05   4.6304815E+05   1.6197670E-02   7.5122116E-05   1.0935107E-02
   4.7826087E-01   2.9932895E+05   1.4385516E+05   4.4318411E+05   1.8075621E-02   1.3490665E-04   1.2234679E-02
   4.9275362E-01   2.8822966E+05   1.3944584E+05   4.2767550E+05   2.3082100E-02   1.9409605E-04   1.5616503E-02
   5.0724638E-01   2.7724503E+05   1.3279877E+05   4.1004379E+05   2.1504016E-02   4.3753282E-05   1.4542598E-02
   5.2173913E-01   2.6367132E+05   1.2553171E+05   3.8918198E+05   2.1664035E-02   1.6496357E-04   1.4726805E-02
   5.3623188E-01   2.5367795E+05   1.2117643E+05   3.7485439E+05   2.3794455E-02   2.4204806E-04   1.6029613E-02
   5.5072464E-01   2.4458943E+05   1.1711020E+05   3.6167968E+05   2.2294733E-02   2.5120013E-04   1.5135287E-02
   5.6521739E-01   2.3390749E+05   1.1333021E+05   3.4723769E+05   2.8072455E-02   1.6782274E-04   1.8961638E-02
   5.7971014E-01   2.2849550E+05   1.0837529E+05   3.3687079E+05   2.5485917E-02   8.0716084E-05   1.7278138E-02
   5.9420290E-01   2.1636155E+05   1.0046480E+05   3.1682634E+05   3.0027422E-02   9.2502682E-05   2.0492277E-02
   6.0869565E-01   2.0758377E+05   9.7603701E+04   3.0518747E+05   2.3787938E-02   2.4911832E-04   1.6130527E-02
   6.2318841E-01   2.0058876E+05   9.2690580E+04   2.9327934E+05   3.0531806E-02   8.5684448E-05   2.0895648E-02
   6.3768116E-01   1.9026079E+05   8.8104111E+04   2.7836490E+05   3.1374643E-02   7.2924488E-05   2.1467364E-02
   6.5217391E-01   1.8197467E+05   8.6499852E+04   2.6847453E+05   3.2989166E-02   1.6978090E-04   2.2381673E-02
   6.6666667E-01   1.7535015E+05   8.0122418E+04   2.5547257E+05   3.2169800E-02   1.6423466E-04   2.2120628E-02
   6.8115942E-01   1.6587985E+05   7.8498296E+04   2.4437814E+05   3.1922259E-02   2.2206592E-04   2.1637272E-02
   6.9565217E-01   1.5715143E+05   7.4621277E+04   2.3177271E+05   3.6007468E-02   9.5157069E-05   2.4387659E-02
   7.1014493E-01   1.5443911E+05   7.1258176E+04   2.2569728E+05   3.6710994E-02   2.6560356E-04   2.5198150E-02
   7.2463768E-01   1.4716762E+05   6.6938459E+04   2.1410608E+05   3.5787756E-02   1.7084181E-04   2.4651728E-02
   7.3913043E-01   1.4032986E+05   6.4927634E+04   2.0525750E+05   3.8454060E-02   2.2048435E-04   2.6359892E-02
   7.5362319E-01   1.3599916E+05   6.1886686E+04   1.9788585E+05   3.7420252E-02   1.4224291E-04   2.5738886E-02
   7.6811594E-01   1.2749992E+05   5.9804010E+04   1.8730393E+05   4.0250687E-02   1.2144275E-04   2.7436695E-02
   7.8260870E-01   1.2254286E+05   5.6339126E+04   1.7888199E+05   4.1410992E-02   1.5247746E-04   2.8323533E-02
   7.9710145E-01   1.1528619E+05   5.3399771E+04   1.6868596E+05   4.5260929E-02   1.4996339E-04   3.0961786E-02
   8.1159420E-01   1.0870815E+05   5.0741296E+04   1.5944945E+05   4.8204421E-02   1.2276669E-04   3.2894271E-02
   8.2608696E-01   1.0460754E+05   4.5756661E+04   1.5036420E+05   5.7806049E-02   9.8562727E-05   4.0243163E-02
   8.4057971E-01   9.6010464E+04   4.4144694E+04   1.4015516E+05   5.7631401E-02   1.4757813E-04   3.9524942E-02
   8.5507246E-01   9.2700735E+04   4.1508559E+04   1.3420929E+05   5.8025529E-02   1.5397725E-04   4.0093219E-02
   8.6956522E-01   8.7809053E+04   3.9654886E+04   1.2746394E+05   6.3105665E-02   4.4193317E-04   4.3603971E-02
   8.8405797E-01   8.0928762E+04   3.7079410E+04   1.1800817E+05   6.3380164E-02   7.5563904E-05   4.3448777E-02
   8.9855072E-01   7.5064818E+04   3.2961546E+04   1.0802636E+05   7.2060941E-02   1.0707597E-04   5.0074015E-02
   9.1304348E-01   6.9579472E+04   2.9996751E+04   9.9576222E+04   7.1302820E-02   1.6967277E-04   4.9814147E-02
   9.2753623E-01   6.2087050E+04   2.7621870E+04   8.9708920E+04   7.9643193E-02   3.0472681E-04   5.5201966E-02
   9.4202899E-01   5.6725334E+04   2.3140113E+04   7.9853789E+04   8.9255368E-02   1.3089769E-05   6.3431876E-02
   9.5652174E-01   4.9229923E+04   2.1515129E+04   7.0745052E+04   8.5218383E-02   1.5962865E-04   5.9318959E-02
   9.7101449E-01   4.1166590E+04   1.6568422E+04   5.7735012E+04   9.6314148E-02   5.0866038E-04   6.8658642E-02
   9.8550725E-01   2.5595899E+04   9.7614314E+03   3.5357331E+04   1.0827093E-01   3.4154733E-04   7.8451373E-02
   1.0000000E+00   3.2826138E+03   9.6290005E+02   4.2455138E+03   1.1952158E-01   4.3496654E-06   9.2414009E-02
