   0.0000000E+00   6.5486635E+07   3.2279583E+07   9.7766218E+07   2.4781795E-03   1.8921947E-04   1.6094504E-03
   1.4492754E-02   6.3538494E+07   3.0973245E+07   9.4511739E+07   1.8236861E-03   4.4100793E-05   1.2213319E-03
   2.8985507E-02   5.5520503E+07   2.7457725E+07   8.2978608E+07   8.0443869E-04   5.2810640E-05   5.5442736E-04
   4.3478261E-02   3.9798856E+07   1.9770360E+07   5.9569217E+07   9.4878136E-04   1.2671356E-05   6.3602177E-04
   5.7971014E-02   2.4054351E+07   1.2060326E+07   3.6114678E+07   3.3097824E-04   1.0233847E-04   2.3795400E-04
   7.2463768E-02   1.0974755E+07   5.6454414E+06   1.6620196E+07   1.4543490E-03   9.2763386E-05   9.9163231E-04
   8.6956522E-02   4.9374122E+06   2.6152019E+06   7.5526141E+06   1.3359092E-03   7.7129135E-05   8.9709073E-04
   1.0144928E-01   2.1965704E+06   1.2031776E+06   3.3997480E+06   4.1101233E-03   1.2561168E-04   2.6987768E-03
   1.1594203E-01   6.1480860E+05   3.4353887E+05   9.5834747E+05   1.4295877E-02   2.3816643E-04   9.2480315E-03
   1.3043478E-01   3.3929765E+04   1.1787015E+04   4.5716780E+04   1.2770512E-01   1.5554044E-05   9.4783212E-02
   1.4492754E-01   1.9473833E+04   6.3649881E+03   2.5838821E+04   1.7744803E-01   1.4714914E-05   1.3373640E-01
   1.5942029E-01   1.3639260E+04   4.2708795E+03   1.7910140E+04   2.1269399E-01   1.5543162E-05   1.6197826E-01
   1.7391304E-01   1.0040011E+04   3.4098151E+03   1.3449826E+04   2.2603187E-01   3.5424811E-06   1.6872780E-01
   1.8840580E-01   7.9853789E+03   2.5063598E+03   1.0491739E+04   2.4433691E-01   1.3170767E-05   1.8596530E-01
   2.0289855E-01   5.5206530E+03   2.5979543E+03   8.1186073E+03   2.3465345E-01   8.0054308E-06   1.5956193E-01
   2.1739130E-01   4.2433254E+03   1.6670207E+03   5.9103461E+03   2.4880410E-01   1.6236049E-06   1.7862898E-01
   2.3188406E-01   3.7886834E+03   1.3260392E+03   5.1147226E+03   2.5263259E-01   1.3090690E-05   1.8713864E-01
   2.4637681E-01   3.6103924E+03   9.8060041E+02   4.5909929E+03   2.7997914E-01   2.3844140E-05   2.2017369E-01
   2.6086957E-01   2.4415960E+03   6.7354372E+02   3.1151397E+03   2.9832741E-01   1.7484342E-06   2.3382391E-01
   2.7536232E-01   2.1535674E+03   1.0369028E+03   3.1904702E+03   3.0125029E-01   5.6895906E-06   2.0334570E-01
   2.8985507E-01   2.0080022E+03   2.6520784E+02   2.2732101E+03   3.2640372E-01   2.6299724E-06   2.8832298E-01
   3.0434783E-01   1.3711426E+03   4.6907509E+02   1.8402177E+03   2.7609910E-01   5.3090534E-06   2.0572161E-01
   3.1884058E-01   1.3777031E+03   2.7554061E+02   1.6532437E+03   3.2823042E-01   4.7649783E-06   2.7352604E-01
   3.3333333E-01   1.1530776E+03   2.6356059E+02   1.4166381E+03   3.3812141E-01   4.4493660E-05   2.7522331E-01
   3.4782609E-01   7.2616432E+02   1.5786181E+02   8.8402613E+02   3.3801535E-01   1.3999731E-04   2.7763098E-01
   3.6231884E-01   3.6371361E+02   1.5154734E+02   5.1526095E+02   3.1608870E-01   8.0586167E-07   2.2312125E-01
   3.7681159E-01   7.8688040E+02   1.7486231E+02   9.6174271E+02   3.0293583E-01   2.9308717E-05   2.4785166E-01
   3.9130435E-01   3.6483618E+02   2.8064322E+01   3.9290050E+02   3.9372469E-01   3.2764206E-06   3.6560126E-01
   4.0579710E-01   4.0593037E+02   2.7062024E+01   4.3299239E+02   3.0680256E-01   5.6807717E-06   2.8762776E-01
   4.2028986E-01   3.1354621E+02   5.2257702E+01   3.6580392E+02   3.4045302E-01   6.4971575E-06   2.9181595E-01
   4.3478261E-01   1.2628945E+02   0.0000000E+00   1.2628945E+02   3.5172821E-01   0.0000000E+00   3.5172821E-01
   4.4927536E-01   1.2221559E+02   0.0000000E+00   1.2221559E+02   2.4862355E-01   0.0000000E+00   2.4862355E-01
   4.6376812E-01   2.1311344E+02   0.0000000E+00   2.1311344E+02   2.7942746E-01   0.0000000E+00   2.7942746E-01
   4.7826087E-01   1.1480859E+02   2.2961718E+01   1.3777031E+02   3.8478203E-01   3.1056042E-05   3.2065685E-01
   4.9275362E-01   2.2286373E+01   0.0000000E+00   2.2286373E+01   5.3714844E-06   0.0000000E+00   5.3714844E-06
   5.0724638E-01   1.5154734E+02   0.0000000E+00   1.5154734E+02   1.0357902E-01   0.0000000E+00   1.0357902E-01
   5.2173913E-01   4.2096482E+01   0.0000000E+00   4.2096482E+01   2.0754066E-01   0.0000000E+00   2.0754066E-01
   5.3623188E-01   6.1438110E+01   0.0000000E+00   6.1438110E+01   2.0973280E-01   0.0000000E+00   2.0973280E-01
   5.5072464E-01   3.9880878E+01   0.0000000E+00   3.9880878E+01   2.4615480E-01   0.0000000E+00   2.4615480E-01
   5.6521739E-01   9.7145729E+01   0.0000000E+00   9.7145729E+01   7.4322778E-02   0.0000000E+00   7.4322778E-02
   5.7971014E-01   5.6830251E+01   0.0000000E+00   5.6830251E+01   1.0047641E-01   0.0000000E+00   1.0047641E-01
   5.9420290E-01   0.0000000E+00   0.0000000E+00   0.0000000E+00   0.0000000E+00   0.0000000E+00   0.0000000E+00
   6.0869565E-01   5.4124049E+01   0.0000000E+00   5.4124049E+01   3.1107682E-05   0.0000000E+00   3.1107682E-05
   6.2318841E-01   7.0487133E+01   0.0000000E+00   7.0487133E+01   1.0583819E-05   0.0000000E+00   1.0583819E-05
   6.3768116E-01   5.1663865E+01   0.0000000E+00   5.1663865E+01   7.0584972E-06   0.0000000E+00   7.0584972E-06
   6.5217391E-01   6.7354372E+01   0.0000000E+00   6.7354372E+01   1.3902289E-06   0.0000000E+00   1.3902289E-06
   6.6666667E-01   4.9417610E+01   0.0000000E+00   4.9417610E+01   5.0377934E-06   0.0000000E+00   5.0377934E-06
   6.8115942E-01   8.0610286E+01   0.0000000E+00   8.0610286E+01   8.1483145E-07   0.0000000E+00   8.1483145E-07
   6.9565217E-01   6.3144724E+01   0.0000000E+00   6.3144724E+01   1.1446229E-05   0.0000000E+00   1.1446229E-05
   7.1014493E-01   6.1856056E+01   0.0000000E+00   6.1856056E+01   1.3038954E-05   0.0000000E+00   1.3038954E-05
   7.2463768E-01   6.0618935E+01   0.0000000E+00   6.0618935E+01   9.7877319E-06   0.0000000E+00   9.7877319E-06
   7.3913043E-01   7.4287910E+01   0.0000000E+00   7.4287910E+01   2.0207471E-05   0.0000000E+00   2.0207471E-05
   7.5362319E-01   4.3715578E+01   0.0000000E+00   4.3715578E+01   2.5934677E-06   0.0000000E+00   2.5934677E-06
   7.6811594E-01   1.0007843E+02   0.0000000E+00   1.0007843E+02   5.3842120E-04   0.0000000E+00   5.3842120E-04
   7.8260870E-01   4.2096482E+01   0.0000000E+00   4.2096482E+01   2.2573102E-04   0.0000000E+00   2.2573102E-04
   7.9710145E-01   6.8885153E+01   0.0000000E+00   6.8885153E+01   7.2961128E-06   0.0000000E+00   7.2961128E-06
   8.1159420E-01   0.0000000E+00   0.0000000E+00   0.0000000E+00   0.0000000E+00   0.0000000E+00   0.0000000E+00
   8.2608696E-01   6.6468130E+01   0.0000000E+00   6.6468130E+01   3.5659662E-06   0.0000000E+00   3.5659662E-06
   8.4057971E-01   5.2257702E+01   0.0000000E+00   5.2257702E+01   7.7739130E-06   0.0000000E+00   7.7739130E-06
   8.5507246E-01   6.4214973E+01   0.0000000E+00   6.4214973E+01   1.6894834E-05   0.0000000E+00   1.6894834E-05
   8.6956522E-01   6.3144724E+01   0.0000000E+00   6.3144724E+01   1.4501161E-05   0.0000000E+00   1.4501161E-05
   8.8405797E-01   4.9687651E+01   0.0000000E+00   4.9687651E+01   1.1650588E-05   0.0000000E+00   1.1650588E-05
   8.9855072E-01   3.6664678E+01   0.0000000E+00   3.6664678E+01   3.8954127E-05   0.0000000E+00   3.8954127E-05
   9.1304348E-01   3.6082699E+01   0.0000000E+00   3.6082699E+01   1.0007470E-05   0.0000000E+00   1.0007470E-05
   9.2753623E-01   2.3679271E+01   0.0000000E+00   2.3679271E+01   1.3969259E-04   0.0000000E+00   1.3969259E-04
   9.4202899E-01   2.3314975E+01   0.0000000E+00   2.3314975E+01   1.1113739E-05   0.0000000E+00   1.1113739E-05
   9.5652174E-01   1.1480859E+01   0.0000000E+00   1.1480859E+01   4.2142338E-06   0.0000000E+00   4.2142338E-06
   9.7101449E-01   2.2619005E+01   0.0000000E+00   2.2619005E+01   9.7297159E-06   0.0000000E+00   9.7297159E-06
   9.8550725E-01   1.1143187E+01   0.0000000E+00   1.1143187E+01   1.4913840E-07   0.0000000E+00   1.4913840E-07
   1.0000000E+00   0.0000000E+00   0.0000000E+00   0.0000000E+00   0.0000000E+00   0.0000000E+00   0.0000000E+00
