   0.0000000E+00   4.1990736E+07   2.1762198E+07   6.3752934E+07   2.8859520E-03   3.9426884E-03   3.2443859E-03
   1.4492754E-02   4.3241002E+07   2.2279732E+07   6.5520733E+07   3.1449540E-04   7.5243026E-04   4.4178817E-04
   2.8985507E-02   4.2766658E+07   2.1840244E+07   6.4606903E+07   7.9007281E-04   1.7953050E-04   5.0126902E-04
   4.3478261E-02   3.6581254E+07   1.8274841E+07   5.4855590E+07   7.0410011E-04   1.1937618E-04   5.0188966E-04
   5.7971014E-02   2.5229980E+07   1.2662348E+07   3.7891949E+07   8.9140385E-04   4.2081217E-04   7.3397313E-04
   7.2463768E-02   1.3913561E+07   6.8353911E+06   2.0748649E+07   1.1889585E-03   1.3306605E-03   9.6032608E-04
   8.6956522E-02   7.7779145E+06   3.8504390E+06   1.1628227E+07   1.5440942E-03   2.0945076E-03   1.6696902E-03
   1.0144928E-01   4.3355528E+06   2.1393072E+06   6.4748600E+06   4.6698447E-03   5.1782114E-03   4.8311069E-03
   1.1594203E-01   1.5402892E+06   7.7914275E+05   2.3194320E+06   1.6226617E-02   1.7416686E-02   1.6531104E-02
   1.3043478E-01   3.6455554E+04   1.6586014E+04   5.3041568E+04   8.0249332E-02   6.8784261E-02   7.6648068E-02
   1.4492754E-01   1.4624318E+04   7.5773668E+03   2.2201685E+04   1.1713173E-01   1.0915000E-01   1.1292885E-01
   1.5942029E-01   1.0401658E+04   4.4775350E+03   1.4879193E+04   1.1825089E-01   1.3045777E-01   1.2177700E-01
   1.7391304E-01   5.9356040E+03   2.5257889E+03   8.4613930E+03   1.7796051E-01   1.6055840E-01   1.7276581E-01
   1.8840580E-01   3.5555337E+03   1.8069106E+03   5.3624442E+03   1.4294579E-01   2.1366655E-01   1.6578147E-01
   2.0289855E-01   2.3814581E+03   1.8943417E+03   4.2757999E+03   1.8036556E-01   1.6885821E-01   1.7505499E-01
   2.1739130E-01   2.5763047E+03   1.2628945E+03   3.8391992E+03   1.5733304E-01   1.5796141E-01   1.5659682E-01
   2.3188406E-01   1.7996246E+03   8.9981231E+02   2.6994369E+03   1.3936727E-01   1.3733568E-01   1.3749649E-01
   2.4637681E-01   1.5154734E+03   7.5773668E+02   2.2732101E+03   1.5724118E-01   1.8227538E-01   1.6488526E-01
   2.6086957E-01   8.4192965E+02   4.6306131E+02   1.3049910E+03   2.0837013E-01   1.8170107E-01   1.9739936E-01
   2.7536232E-01   8.7737932E+02   5.5833229E+02   1.4357116E+03   2.0966475E-01   1.8082031E-01   1.9335175E-01
   2.8985507E-01   5.3041568E+02   1.5154734E+02   6.8196302E+02   2.3930758E-01   2.3471144E-01   2.3278582E-01
   3.0434783E-01   4.6907509E+02   2.5257889E+02   7.2165398E+02   2.0970911E-01   3.1240480E-01   2.4560620E-01
   3.1884058E-01   4.4775350E+02   3.7886834E+02   8.2662184E+02   1.1541430E-01   2.3034362E-01   1.6736686E-01
   3.3333333E-01   3.2945073E+02   3.2945073E+01   3.6239581E+02   2.5210985E-01   3.8816604E-01   2.6418647E-01
   3.4782609E-01   4.1044070E+02   1.2628945E+02   5.3673015E+02   2.1654550E-01   2.0471430E-01   2.1250939E-01
   3.6231884E-01   2.1216627E+02   6.0618935E+01   2.7278521E+02   2.5407249E-01   8.3267880E-02   2.1324066E-01
   3.7681159E-01   2.3314975E+02   5.8287437E+01   2.9143719E+02   2.4759486E-01   2.2340522E-01   2.4271767E-01
   3.9130435E-01   2.8064322E+02   1.4032161E+02   4.2096482E+02   2.8176606E-01   1.6579463E-02   1.9280728E-01
   4.0579710E-01   2.9768227E+02   2.7062024E+02   5.6830251E+02   1.2443570E-01   2.6843952E-01   1.9270789E-01
   4.2028986E-01   5.2257702E+01   2.6128851E+01   7.8386554E+01   3.8930355E-02   1.0606970E-01   1.0435847E-02
   4.3478261E-01   1.0103156E+02   5.0515779E+01   1.5154734E+02   3.5119373E-01   1.5931613E-05   2.3413400E-01
   4.4927536E-01   1.7110183E+02   2.4443119E+01   1.9554495E+02   2.6448847E-01   3.8406062E-01   2.7708098E-01
   4.6376812E-01   9.4717086E+01   4.7358543E+01   1.4207563E+02   2.0986880E-01   1.7495946E-01   1.9754968E-01
   4.7826087E-01   1.8369374E+02   6.8885153E+01   2.5257889E+02   3.2254728E-01   3.6428552E-01   3.3363847E-01
   4.9275362E-01   1.5600461E+02   1.3371824E+02   2.8972285E+02   2.5992132E-01   2.9316964E-01   2.7253825E-01
   5.0724638E-01   1.2989772E+02   2.1649620E+01   1.5154734E+02   2.9093624E-01   3.9053422E-05   2.4936875E-01
   5.2173913E-01   6.3144724E+01   4.2096482E+01   1.0524121E+02   2.5137175E-01   3.9392436E-01   2.9855246E-01
   5.3623188E-01   6.1438110E+01   6.1438110E+01   1.2287622E+02   2.3615226E-01   1.7516963E-01   2.0558341E-01
   5.5072464E-01   3.9880878E+01   3.9880878E+01   7.9761756E+01   8.3542856E-02   2.1309957E-01   1.4425487E-01
   5.6521739E-01   5.8287437E+01   3.8858291E+01   9.7145729E+01   2.5866498E-01   3.1146895E-01   2.7910425E-01
   5.7971014E-01   1.8943417E+01   7.5773668E+01   9.4717086E+01   2.0799867E-01   2.5934570E-01   2.4312878E-01
   5.9420290E-01   1.2936968E+02   0.0000000E+00   1.2936968E+02   3.0065351E-01   0.0000000E+00   3.0065351E-01
   6.0869565E-01   1.8041350E+01   1.8041350E+01   3.6082699E+01   4.5366632E-01   1.2980470E-05   2.2682667E-01
   6.2318841E-01   7.0487133E+01   5.2865350E+01   1.2335248E+02   2.9663981E-01   2.2549250E-01   2.6559900E-01
   6.3768116E-01   5.1663865E+01   0.0000000E+00   5.1663865E+01   2.2629926E-01   0.0000000E+00   2.2629926E-01
   6.5217391E-01   3.3677186E+01   1.6838593E+01   5.0515779E+01   4.1346983E-01   2.7827842E-01   3.6469427E-01
   6.6666667E-01   3.2945073E+01   1.6472537E+01   4.9417610E+01   3.9808285E-01   3.4867066E-01   3.7881450E-01
   6.8115942E-01   4.8366171E+01   3.2244114E+01   8.0610286E+01   1.2689344E-01   3.7055703E-01   2.2431602E-01
   6.9565217E-01   1.5786181E+01   3.1572362E+01   4.7358543E+01   3.6333722E-01   4.8724653E-01   4.4586005E-01
   7.1014493E-01   3.0928028E+01   1.5464014E+01   4.6392042E+01   3.3583033E-01   4.0885183E-01   3.5990351E-01
   7.2463768E-01   3.0309467E+01   0.0000000E+00   3.0309467E+01   3.9014592E-01   0.0000000E+00   3.9014592E-01
   7.3913043E-01   0.0000000E+00   1.4857582E+01   1.4857582E+01   0.0000000E+00   2.2456733E-01   2.2456733E-01
   7.5362319E-01   4.3715578E+01   0.0000000E+00   4.3715578E+01   3.8219922E-01   0.0000000E+00   3.8219922E-01
   7.6811594E-01   1.4296919E+01   0.0000000E+00   1.4296919E+01   3.9338745E-01   0.0000000E+00   3.9338745E-01
   7.8260870E-01   1.4032161E+01   0.0000000E+00   1.4032161E+01   4.4701735E-01   0.0000000E+00   4.4701735E-01
   7.9710145E-01   2.7554061E+01   0.0000000E+00   2.7554061E+01   3.8087658E-01   0.0000000E+00   3.8087658E-01
   8.1159420E-01   1.3531012E+01   1.3531012E+01   2.7062024E+01   4.6949027E-01   3.7595140E-01   4.2220032E-01
   8.2608696E-01   0.0000000E+00   1.3293626E+01   1.3293626E+01   0.0000000E+00   3.9715500E-01   3.9715500E-01
   8.4057971E-01   2.6128851E+01   0.0000000E+00   2.6128851E+01   3.9741633E-01   0.0000000E+00   3.9741633E-01
   8.5507246E-01   1.2842995E+01   0.0000000E+00   1.2842995E+01   2.5583869E-01   0.0000000E+00   2.5583869E-01
   8.6956522E-01   2.5257889E+01   0.0000000E+00   2.5257889E+01   3.6242873E-01   0.0000000E+00   3.6242873E-01
   8.8405797E-01   1.2421913E+01   1.2421913E+01   2.4843826E+01   1.2613144E-01   4.4130187E-01   2.8283200E-01
   8.9855072E-01   0.0000000E+00   0.0000000E+00   0.0000000E+00   0.0000000E+00   0.0000000E+00   0.0000000E+00
   9.1304348E-01   0.0000000E+00   0.0000000E+00   0.0000000E+00   0.0000000E+00   0.0000000E+00   0.0000000E+00
   9.2753623E-01   0.0000000E+00   0.0000000E+00   0.0000000E+00   0.0000000E+00   0.0000000E+00   0.0000000E+00
   9.4202899E-01   1.1657487E+01   0.0000000E+00   1.1657487E+01   4.3748370E-01   0.0000000E+00   4.3748370E-01
   9.5652174E-01   0.0000000E+00   0.0000000E+00   0.0000000E+00   0.0000000E+00   0.0000000E+00   0.0000000E+00
   9.7101449E-01   0.0000000E+00   0.0000000E+00   0.0000000E+00   0.0000000E+00   0.0000000E+00   0.0000000E+00
   9.8550725E-01   0.0000000E+00   0.0000000E+00   0.0000000E+00   0.0000000E+00   0.0000000E+00   0.0000000E+00
   1.0000000E+00   0.0000000E+00   0.0000000E+00   0.0000000E+00   0.0000000E+00   0.0000000E+00   0.0000000E+00
