   0.0000000E+00   3.4552793E+05   1.8791870E+05   5.3344663E+05   0.0000000E+00   0.0000000E+00   0.0000000E+00
   1.4492754E-02   2.9627504E+05   1.4321223E+05   4.3948728E+05   0.0000000E+00   0.0000000E+00   0.0000000E+00
   2.8985507E-02   2.9475957E+05   1.5760923E+05   4.5236880E+05   0.0000000E+00   0.0000000E+00   0.0000000E+00
   4.3478261E-02   2.8819252E+05   1.4750607E+05   4.3569859E+05   0.0000000E+00   0.0000000E+00   0.0000000E+00
   5.7971014E-02   2.8263578E+05   1.4226506E+05   4.2490085E+05   0.0000000E+00   0.0000000E+00   0.0000000E+00
   7.2463768E-02   3.0400396E+05   1.5124424E+05   4.5524820E+05   0.0000000E+00   0.0000000E+00   0.0000000E+00
   8.6956522E-02   2.8844510E+05   1.5369426E+05   4.4213936E+05   0.0000000E+00   0.0000000E+00   0.0000000E+00
   1.0144928E-01   3.0385241E+05   1.4775865E+05   4.5161106E+05   0.0000000E+00   0.0000000E+00   0.0000000E+00
   1.1594203E-01   3.1351355E+05   1.5789338E+05   4.7140693E+05   0.0000000E+00   0.0000000E+00   0.0000000E+00
   1.3043478E-01   3.1201913E+05   1.5777762E+05   4.6979674E+05   0.0000000E+00   0.0000000E+00   0.0000000E+00
   1.4492754E-01   3.1680971E+05   1.5806387E+05   4.7487358E+05   0.0000000E+00   0.0000000E+00   0.0000000E+00
   1.5942029E-01   3.1514958E+05   1.6194899E+05   4.7702969E+05   0.0000000E+00   0.0000000E+00   0.0000000E+00
   1.7391304E-01   3.1711280E+05   1.5735665E+05   4.7446945E+05   0.0000000E+00   0.0000000E+00   0.0000000E+00
   1.8840580E-01   3.3200524E+05   1.6192250E+05   4.9386946E+05   0.0000000E+00   0.0000000E+00   0.0000000E+00
   2.0289855E-01   3.3107681E+05   1.6421236E+05   4.9528917E+05   0.0000000E+00   0.0000000E+00   0.0000000E+00
   2.1739130E-01   3.3143403E+05   1.6266081E+05   4.9409483E+05   0.0000000E+00   0.0000000E+00   0.0000000E+00
   2.3188406E-01   3.3984490E+05   1.7205359E+05   5.1185113E+05   0.0000000E+00   0.0000000E+00   0.0000000E+00
   2.4637681E-01   3.3251269E+05   1.7120392E+05   5.0371660E+05   0.0000000E+00   0.0000000E+00   0.0000000E+00
   2.6086957E-01   3.4131828E+05   1.7545814E+05   5.1677642E+05   0.0000000E+00   0.0000000E+00   0.0000000E+00
   2.7536232E-01   3.4911721E+05   1.7631336E+05   5.2543057E+05   0.0000000E+00   0.0000000E+00   0.0000000E+00
   2.8985507E-01   3.4999857E+05   1.6969513E+05   5.1969370E+05   0.0000000E+00   0.0000000E+00   0.0000000E+00
   3.0434783E-01   3.5646099E+05   1.7391861E+05   5.3037960E+05   0.0000000E+00   0.0000000E+00   0.0000000E+00
   3.1884058E-01   3.5031545E+05   1.7400390E+05   5.2431934E+05   0.0000000E+00   0.0000000E+00   0.0000000E+00
   3.3333333E-01   3.5363242E+05   1.7740922E+05   5.3104164E+05   0.0000000E+00   0.0000000E+00   0.0000000E+00
   3.4782609E-01   3.4919032E+05   1.8090963E+05   5.3009996E+05   0.0000000E+00   0.0000000E+00   0.0000000E+00
   3.6231884E-01   3.6880560E+05   1.7967452E+05   5.4848012E+05   0.0000000E+00   0.0000000E+00   0.0000000E+00
   3.7681159E-01   3.5459162E+05   1.7905901E+05   5.3359234E+05   0.0000000E+00   0.0000000E+00   0.0000000E+00
   3.9130435E-01   3.5796042E+05   1.7907844E+05   5.3701079E+05   0.0000000E+00   0.0000000E+00   0.0000000E+00
   4.0579710E-01   3.6135921E+05   1.7763513E+05   5.3896728E+05   0.0000000E+00   0.0000000E+00   0.0000000E+00
   4.2028986E-01   3.5697236E+05   1.8065488E+05   5.3760111E+05   0.0000000E+00   0.0000000E+00   0.0000000E+00
   4.3478261E-01   3.6285484E+05   1.8044236E+05   5.4327194E+05   0.0000000E+00   0.0000000E+00   0.0000000E+00
   4.4927536E-01   3.5718730E+05   1.8234567E+05   5.3948408E+05   0.0000000E+00   0.0000000E+00   0.0000000E+00
   4.6376812E-01   3.5710709E+05   1.8041237E+05   5.3747210E+05   0.0000000E+00   0.0000000E+00   0.0000000E+00
   4.7826087E-01   3.5260014E+05   1.7664449E+05   5.2919871E+05   0.0000000E+00   0.0000000E+00   0.0000000E+00
   4.9275362E-01   3.4860345E+05   1.7637436E+05   5.2491094E+05   0.0000000E+00   0.0000000E+00   0.0000000E+00
   5.0724638E-01   3.4695680E+05   1.7531862E+05   5.2225377E+05   0.0000000E+00   0.0000000E+00   0.0000000E+00
   5.2173913E-01   3.5039007E+05   1.7156421E+05   5.2191219E+05   0.0000000E+00   0.0000000E+00   0.0000000E+00
   5.3623188E-01   3.3774577E+05   1.6807419E+05   5.0579948E+05   0.0000000E+00   0.0000000E+00   0.0000000E+00
   5.5072464E-01   3.2883778E+05   1.6660237E+05   4.9544015E+05   0.0000000E+00   0.0000000E+00   0.0000000E+00
   5.6521739E-01   3.2464160E+05   1.5702636E+05   4.8162909E+05   0.0000000E+00   0.0000000E+00   0.0000000E+00
   5.7971014E-01   3.1616563E+05   1.5740085E+05   4.7347177E+05   0.0000000E+00   0.0000000E+00   0.0000000E+00
   5.9420290E-01   3.0553422E+05   1.5204633E+05   4.5754359E+05   0.0000000E+00   0.0000000E+00   0.0000000E+00
   6.0869565E-01   2.9972094E+05   1.4710916E+05   4.4683011E+05   0.0000000E+00   0.0000000E+00   0.0000000E+00
   6.2318841E-01   2.8906773E+05   1.4250736E+05   4.3152223E+05   0.0000000E+00   0.0000000E+00   0.0000000E+00
   6.3768116E-01   2.7476565E+05   1.3680591E+05   4.1153713E+05   0.0000000E+00   0.0000000E+00   0.0000000E+00
   6.5217391E-01   2.6630235E+05   1.2994342E+05   3.9616158E+05   0.0000000E+00   0.0000000E+00   0.0000000E+00
   6.6666667E-01   2.4491367E+05   1.2637730E+05   3.7124156E+05   0.0000000E+00   0.0000000E+00   0.0000000E+00
   6.8115942E-01   2.4355592E+05   1.2151194E+05   3.6498725E+05   0.0000000E+00   0.0000000E+00   0.0000000E+00
   6.9565217E-01   2.3110969E+05   1.1549170E+05   3.4658560E+05   0.0000000E+00   0.0000000E+00   0.0000000E+00
   7.1014493E-01   2.2280551E+05   1.1045945E+05   3.3324950E+05   0.0000000E+00   0.0000000E+00   0.0000000E+00
   7.2463768E-01   2.1131761E+05   1.0564365E+05   3.1696125E+05   0.0000000E+00   0.0000000E+00   0.0000000E+00
   7.3913043E-01   1.9735326E+05   9.7718317E+04   2.9501215E+05   0.0000000E+00   0.0000000E+00   0.0000000E+00
   7.5362319E-01   1.8493147E+05   9.4819089E+04   2.7972141E+05   0.0000000E+00   0.0000000E+00   0.0000000E+00
   7.6811594E-01   1.7357889E+05   8.5538464E+04   2.5907446E+05   0.0000000E+00   0.0000000E+00   0.0000000E+00
   7.8260870E-01   1.6270290E+05   8.2579266E+04   2.4526814E+05   0.0000000E+00   0.0000000E+00   0.0000000E+00
   7.9710145E-01   1.4924657E+05   7.5718560E+04   2.2492380E+05   0.0000000E+00   0.0000000E+00   0.0000000E+00
   8.1159420E-01   1.3912587E+05   6.8710480E+04   2.0783635E+05   0.0000000E+00   0.0000000E+00   0.0000000E+00
   8.2608696E-01   1.2906782E+05   6.5152061E+04   1.9420658E+05   0.0000000E+00   0.0000000E+00   0.0000000E+00
   8.4057971E-01   1.1922595E+05   5.9965713E+04   1.7917860E+05   0.0000000E+00   0.0000000E+00   0.0000000E+00
   8.5507246E-01   1.0983329E+05   5.5173505E+04   1.6499395E+05   0.0000000E+00   0.0000000E+00   0.0000000E+00
   8.6956522E-01   9.9301392E+04   4.9568608E+04   1.4887000E+05   0.0000000E+00   0.0000000E+00   0.0000000E+00
   8.8405797E-01   9.0009181E+04   4.4669199E+04   1.3466596E+05   0.0000000E+00   0.0000000E+00   0.0000000E+00
   8.9855072E-01   7.9880112E+04   3.9585631E+04   1.1946574E+05   0.0000000E+00   0.0000000E+00   0.0000000E+00
   9.1304348E-01   7.0301126E+04   3.4916025E+04   1.0521715E+05   0.0000000E+00   0.0000000E+00   0.0000000E+00
   9.2753623E-01   5.8985065E+04   3.0380505E+04   8.9353731E+04   0.0000000E+00   0.0000000E+00   0.0000000E+00
   9.4202899E-01   4.9486034E+04   2.4632271E+04   7.4129963E+04   0.0000000E+00   0.0000000E+00   0.0000000E+00
   9.5652174E-01   3.8610128E+04   2.0458890E+04   5.9069019E+04   0.0000000E+00   0.0000000E+00   0.0000000E+00
   9.7101449E-01   2.6509474E+04   1.2813667E+04   3.9323141E+04   0.0000000E+00   0.0000000E+00   0.0000000E+00
   9.8550725E-01   8.9145492E+03   4.6467088E+03   1.3561258E+04   0.0000000E+00   0.0000000E+00   0.0000000E+00
   1.0000000E+00   0.0000000E+00   0.0000000E+00   0.0000000E+00   0.0000000E+00   0.0000000E+00   0.0000000E+00
