   0.0000000E+00   9.2546928E+07   4.7294893E+07   1.3984182E+08   4.6350056E-03   8.7602311E-05   3.0965236E-03
   1.4492754E-02   9.0624550E+07   4.5472536E+07   1.3609709E+08   7.6021941E-04   2.3930681E-05   5.1376313E-04
   2.8985507E-02   7.3181830E+07   3.6715752E+07   1.0989417E+08   5.1474126E-04   1.2826838E-04   3.4143175E-04
   4.3478261E-02   4.3028835E+07   2.1768512E+07   6.4796337E+07   6.5377269E-04   3.1363987E-04   5.3742068E-04
   5.7971014E-02   2.3474682E+07   1.1642624E+07   3.5117117E+07   2.0946657E-03   5.1301466E-04   1.5700906E-03
   7.2463768E-02   5.1998922E+06   2.5967636E+06   7.7966558E+06   6.5043883E-03   1.9386297E-03   4.9755228E-03
   8.6956522E-02   7.4700208E+05   3.8530910E+05   1.1323112E+06   2.1204646E-02   7.1579411E-03   1.6420437E-02
   1.0144928E-01   2.4777990E+05   1.2881524E+05   3.7659513E+05   2.4772215E-02   7.5901338E-03   1.8805695E-02
   1.1594203E-01   7.8046878E+04   3.6939663E+04   1.1498654E+05   3.1827708E-02   2.3100569E-03   2.2324150E-02
   1.3043478E-01   4.0412623E+03   1.4312804E+03   5.4725427E+03   1.2335747E-01   4.0515057E-04   9.1152510E-02
   1.4492754E-01   1.4396997E+03   5.3041568E+02   1.9701154E+03   1.7904123E-01   5.3269481E-06   1.3083639E-01
   1.5942029E-01   3.4442577E+02   2.0665546E+02   5.5108122E+02   3.3398983E-01   6.6966692E-06   2.0874579E-01
   1.7391304E-01   2.5257889E+02   0.0000000E+00   2.5257889E+02   2.7678408E-01   0.0000000E+00   2.7678408E-01
   1.8840580E-01   5.8287437E+01   5.8287437E+01   1.1657487E+02   3.9876420E-01   7.5062845E-06   1.9938047E-01
   2.0289855E-01   0.0000000E+00   0.0000000E+00   0.0000000E+00   0.0000000E+00   0.0000000E+00   0.0000000E+00
   2.1739130E-01   0.0000000E+00   0.0000000E+00   0.0000000E+00   0.0000000E+00   0.0000000E+00   0.0000000E+00
   2.3188406E-01   0.0000000E+00   0.0000000E+00   0.0000000E+00   0.0000000E+00   0.0000000E+00   0.0000000E+00
   2.4637681E-01   4.4572746E+01   0.0000000E+00   4.4572746E+01   4.1193347E-06   0.0000000E+00   4.1193347E-06
   2.6086957E-01   0.0000000E+00   0.0000000E+00   0.0000000E+00   0.0000000E+00   0.0000000E+00   0.0000000E+00
   2.7536232E-01   0.0000000E+00   0.0000000E+00   0.0000000E+00   0.0000000E+00   0.0000000E+00   0.0000000E+00
   2.8985507E-01   0.0000000E+00   0.0000000E+00   0.0000000E+00   0.0000000E+00   0.0000000E+00   0.0000000E+00
   3.0434783E-01   3.6082699E+01   0.0000000E+00   3.6082699E+01   2.6721041E-06   0.0000000E+00   2.6721041E-06
   3.1884058E-01   0.0000000E+00   0.0000000E+00   0.0000000E+00   0.0000000E+00   0.0000000E+00   0.0000000E+00
   3.3333333E-01   0.0000000E+00   0.0000000E+00   0.0000000E+00   0.0000000E+00   0.0000000E+00   0.0000000E+00
   3.4782609E-01   0.0000000E+00   0.0000000E+00   0.0000000E+00   0.0000000E+00   0.0000000E+00   0.0000000E+00
   3.6231884E-01   0.0000000E+00   0.0000000E+00   0.0000000E+00   0.0000000E+00   0.0000000E+00   0.0000000E+00
   3.7681159E-01   0.0000000E+00   0.0000000E+00   0.0000000E+00   0.0000000E+00   0.0000000E+00   0.0000000E+00
   3.9130435E-01   0.0000000E+00   0.0000000E+00   0.0000000E+00   0.0000000E+00   0.0000000E+00   0.0000000E+00
   4.0579710E-01   0.0000000E+00   0.0000000E+00   0.0000000E+00   0.0000000E+00   0.0000000E+00   0.0000000E+00
   4.2028986E-01   2.6128851E+01   0.0000000E+00   2.6128851E+01   9.2793125E-06   0.0000000E+00   9.2793125E-06
   4.3478261E-01   7.5773668E+01   0.0000000E+00   7.5773668E+01   1.8847997E-06   0.0000000E+00   1.8847997E-06
   4.4927536E-01   1.2221559E+02   0.0000000E+00   1.2221559E+02   1.3040261E-06   0.0000000E+00   1.3040261E-06
   4.6376812E-01   0.0000000E+00   0.0000000E+00   0.0000000E+00   0.0000000E+00   0.0000000E+00   0.0000000E+00
   4.7826087E-01   2.2961718E+01   0.0000000E+00   2.2961718E+01   3.0844027E-06   0.0000000E+00   3.0844027E-06
   4.9275362E-01   2.2286373E+01   0.0000000E+00   2.2286373E+01   1.5423113E-05   0.0000000E+00   1.5423113E-05
   5.0724638E-01   2.1649620E+01   0.0000000E+00   2.1649620E+01   3.6024018E-05   0.0000000E+00   3.6024018E-05
   5.2173913E-01   0.0000000E+00   0.0000000E+00   0.0000000E+00   0.0000000E+00   0.0000000E+00   0.0000000E+00
   5.3623188E-01   1.0239685E+02   0.0000000E+00   1.0239685E+02   4.7994787E-06   0.0000000E+00   4.7994787E-06
   5.5072464E-01   3.9880878E+01   0.0000000E+00   3.9880878E+01   1.3733479E-04   0.0000000E+00   1.3733479E-04
   5.6521739E-01   1.9429146E+01   0.0000000E+00   1.9429146E+01   1.7572066E-06   0.0000000E+00   1.7572066E-06
   5.7971014E-01   0.0000000E+00   0.0000000E+00   0.0000000E+00   0.0000000E+00   0.0000000E+00   0.0000000E+00
   5.9420290E-01   1.8481383E+01   0.0000000E+00   1.8481383E+01   1.7290766E-05   0.0000000E+00   1.7290766E-05
   6.0869565E-01   3.6082699E+01   0.0000000E+00   3.6082699E+01   2.4190561E-05   0.0000000E+00   2.4190561E-05
   6.2318841E-01   1.7621783E+01   0.0000000E+00   1.7621783E+01   5.1063329E-06   0.0000000E+00   5.1063329E-06
   6.3768116E-01   3.4442577E+01   0.0000000E+00   3.4442577E+01   2.5006416E-05   0.0000000E+00   2.5006416E-05
   6.5217391E-01   0.0000000E+00   0.0000000E+00   0.0000000E+00   0.0000000E+00   0.0000000E+00   0.0000000E+00
   6.6666667E-01   3.2945073E+01   0.0000000E+00   3.2945073E+01   1.4201321E-05   0.0000000E+00   1.4201321E-05
   6.8115942E-01   1.6122057E+01   0.0000000E+00   1.6122057E+01   1.4206699E-05   0.0000000E+00   1.4206699E-05
   6.9565217E-01   1.5786181E+01   0.0000000E+00   1.5786181E+01   7.3346556E-07   0.0000000E+00   7.3346556E-07
   7.1014493E-01   0.0000000E+00   0.0000000E+00   0.0000000E+00   0.0000000E+00   0.0000000E+00   0.0000000E+00
   7.2463768E-01   7.5773668E+01   0.0000000E+00   7.5773668E+01   5.3374856E-05   0.0000000E+00   5.3374856E-05
   7.3913043E-01   4.4572746E+01   0.0000000E+00   4.4572746E+01   3.1242891E-06   0.0000000E+00   3.1242891E-06
   7.5362319E-01   2.9143719E+01   0.0000000E+00   2.9143719E+01   3.1645014E-05   0.0000000E+00   3.1645014E-05
   7.6811594E-01   5.7187674E+01   0.0000000E+00   5.7187674E+01   4.9865922E-06   0.0000000E+00   4.9865922E-06
   7.8260870E-01   2.8064322E+01   0.0000000E+00   2.8064322E+01   8.4233332E-06   0.0000000E+00   8.4233332E-06
   7.9710145E-01   2.7554061E+01   0.0000000E+00   2.7554061E+01   2.4565592E-06   0.0000000E+00   2.4565592E-06
   8.1159420E-01   4.0593037E+01   0.0000000E+00   4.0593037E+01   4.4305735E-06   0.0000000E+00   4.4305735E-06
   8.2608696E-01   5.3174504E+01   0.0000000E+00   5.3174504E+01   8.5300928E-06   0.0000000E+00   8.5300928E-06
   8.4057971E-01   3.9193277E+01   0.0000000E+00   3.9193277E+01   3.4718028E-06   0.0000000E+00   3.4718028E-06
   8.5507246E-01   6.4214973E+01   0.0000000E+00   6.4214973E+01   1.9068351E-05   0.0000000E+00   1.9068351E-05
   8.6956522E-01   1.0103156E+02   0.0000000E+00   1.0103156E+02   8.2324531E-06   0.0000000E+00   8.2324531E-06
   8.8405797E-01   4.9687651E+01   0.0000000E+00   4.9687651E+01   1.4645744E-05   0.0000000E+00   1.4645744E-05
   8.9855072E-01   7.3329357E+01   0.0000000E+00   7.3329357E+01   9.7704530E-07   0.0000000E+00   9.7704530E-07
   9.1304348E-01   8.4192965E+01   0.0000000E+00   8.4192965E+01   5.1323728E-06   0.0000000E+00   5.1323728E-06
   9.2753623E-01   1.1839636E+01   0.0000000E+00   1.1839636E+01   5.6014780E-07   0.0000000E+00   5.6014780E-07
   9.4202899E-01   6.9944925E+01   0.0000000E+00   6.9944925E+01   1.6035675E-05   0.0000000E+00   1.6035675E-05
   9.5652174E-01   4.5923435E+01   0.0000000E+00   4.5923435E+01   2.1010522E-05   0.0000000E+00   2.1010522E-05
   9.7101449E-01   2.2619005E+01   0.0000000E+00   2.2619005E+01   2.3236601E-05   0.0000000E+00   2.3236601E-05
   9.8550725E-01   1.1143187E+01   0.0000000E+00   1.1143187E+01   4.5425194E-06   0.0000000E+00   4.5425194E-06
   1.0000000E+00   0.0000000E+00   0.0000000E+00   0.0000000E+00   0.0000000E+00   0.0000000E+00   0.0000000E+00
