   0.0000000E+00   3.0612562E+06   1.7276396E+06   4.7888958E+06   2.5997436E-03   2.6554503E-03   2.4767498E-03
   1.4492754E-02   2.9127398E+06   1.7352170E+06   4.6479568E+06   5.3808941E-04   1.3598573E-03   1.7596695E-04
   2.8985507E-02   2.9650236E+06   1.7128638E+06   4.6778874E+06   8.9983526E-04   8.7490112E-05   5.4271984E-04
   4.3478261E-02   2.9569411E+06   1.7165262E+06   4.6734673E+06   4.6550110E-04   6.6598325E-04   3.8460669E-04
   5.7971014E-02   2.9820727E+06   1.7302917E+06   4.7123644E+06   6.9825440E-04   7.6836705E-04   3.6871580E-04
   7.2463768E-02   3.0083662E+06   1.6967240E+06   4.7050902E+06   3.5344734E-04   3.7319968E-04   3.4777343E-04
   8.6956522E-02   2.9084460E+06   1.6178941E+06   4.5263401E+06   1.7135793E-04   3.0272209E-04   2.1828748E-04
   1.0144928E-01   2.7768885E+06   1.5213188E+06   4.2982072E+06   2.4890454E-04   1.2531881E-04   1.8707273E-04
   1.1594203E-01   2.6205376E+06   1.3983083E+06   4.0187512E+06   1.3223784E-04   9.6303946E-04   2.7130234E-04
   1.3043478E-01   2.4237471E+06   1.2564116E+06   3.6800745E+06   4.2294662E-05   1.9549289E-04   7.7948596E-05
   1.4492754E-01   2.2169102E+06   1.1183436E+06   3.3351022E+06   5.4387141E-04   4.5328451E-04   5.0059748E-04
   1.5942029E-01   1.9761084E+06   9.9966134E+05   2.9756320E+06   5.8113377E-04   1.2912754E-04   3.4268367E-04
   1.7391304E-01   1.7518241E+06   8.6602989E+05   2.6178540E+06   3.1396945E-04   1.9135427E-04   2.0052213E-04
   1.8840580E-01   1.5362820E+06   7.6339057E+05   2.2996725E+06   1.3626717E-04   3.6962966E-04   4.0077561E-05
   2.0289855E-01   1.3473641E+06   6.5896029E+05   2.0062161E+06   8.0312757E-05   9.5104113E-04   2.5849148E-04
   2.1739130E-01   1.1847466E+06   5.7810257E+05   1.7628491E+06   4.5534115E-04   1.3241927E-03   7.0471775E-04
   2.3188406E-01   1.0451083E+06   4.9598602E+05   1.5410470E+06   2.2855000E-04   2.1463088E-04   2.1192489E-04
   2.4637681E-01   9.0549534E+05   4.3422769E+05   1.3396785E+06   1.9218586E-04   1.2544929E-03   5.0072782E-04
   2.6086957E-01   7.7259674E+05   3.7857367E+05   1.1511283E+06   5.2017623E-04   1.4607478E-03   3.6056373E-04
   2.7536232E-01   6.8798503E+05   3.3894758E+05   1.0268927E+06   2.7623605E-04   7.6440498E-04   2.7895822E-04
   2.8985507E-01   6.1425924E+05   3.0013950E+05   9.1439874E+05   3.4434447E-04   1.1834136E-03   5.9964937E-04
   3.0434783E-01   5.3164249E+05   2.5820780E+05   7.8981420E+05   9.3138473E-04   8.1772903E-04   3.6249843E-04
   3.1884058E-01   4.6669691E+05   2.2487558E+05   6.9153805E+05   9.7221095E-04   1.4690933E-03   1.1240924E-03
   3.3333333E-01   4.2060975E+05   2.0228275E+05   6.2289250E+05   1.5214226E-03   1.5515508E-03   1.3557793E-03
   3.4782609E-01   3.7043852E+05   1.8349857E+05   5.5393709E+05   3.4835778E-04   9.9669568E-04   2.8954901E-04
   3.6231884E-01   3.2722101E+05   1.5982182E+05   4.8704283E+05   1.3663441E-03   1.1030288E-03   9.3634227E-04
   3.7681159E-01   2.9706192E+05   1.4391168E+05   4.4097361E+05   1.0076034E-03   1.0599100E-03   1.0175252E-03
   3.9130435E-01   2.6992265E+05   1.3162167E+05   4.0154431E+05   1.8528078E-03   1.7655639E-04   1.2717135E-03
   4.0579710E-01   2.4082496E+05   1.1506773E+05   3.5589268E+05   1.4691768E-03   5.9772408E-04   1.1873602E-03
   4.2028986E-01   2.2073653E+05   1.0498572E+05   3.2572226E+05   1.3854315E-03   3.5359143E-03   2.0283644E-03
   4.3478261E-01   1.9857753E+05   9.5651627E+04   2.9422915E+05   1.4934580E-03   1.6247052E-03   1.4540017E-03
   4.4927536E-01   1.8569437E+05   8.8117443E+04   2.7378737E+05   2.4976245E-03   1.9615653E-03   2.2677202E-03
   4.6376812E-01   1.6509188E+05   7.6933953E+04   2.4202583E+05   1.2022024E-03   2.4592198E-03   1.9653693E-04
   4.7826087E-01   1.5198361E+05   7.3867846E+04   2.2585146E+05   3.6138506E-03   1.9579870E-03   3.0016795E-03
   4.9275362E-01   1.4269965E+05   6.8196302E+04   2.1089595E+05   1.6715905E-03   3.7311358E-04   1.2110442E-03
   5.0724638E-01   1.3039566E+05   6.3606582E+04   1.9400224E+05   2.7805863E-03   1.9253706E-03   2.0525959E-03
   5.2173913E-01   1.2052223E+05   5.9545474E+04   1.8006770E+05   2.7094226E-03   1.1777851E-03   2.1728390E-03
   5.3623188E-01   1.1073195E+05   5.3840263E+04   1.6457222E+05   3.7641066E-03   1.9172884E-03   3.1558836E-03
   5.5072464E-01   1.0719980E+05   5.0808239E+04   1.5800804E+05   4.2626146E-03   3.9830855E-03   4.1721142E-03
   5.6521739E-01   9.9166360E+04   4.5891642E+04   1.4503857E+05   6.0734807E-03   2.5967945E-03   4.8645391E-03
   5.7971014E-01   9.3087952E+04   4.5047446E+04   1.3813540E+05   4.1275340E-03   6.5125738E-03   4.9046318E-03
   5.9420290E-01   8.5827541E+04   4.0769930E+04   1.2659747E+05   6.0940299E-03   2.8902599E-03   4.8817773E-03
   6.0869565E-01   8.0536585E+04   3.9456432E+04   1.1999302E+05   4.2932621E-03   4.0678544E-03   4.1301373E-03
   6.2318841E-01   7.6919084E+04   3.6424226E+04   1.1334331E+05   7.9841402E-03   9.2868292E-03   8.3892771E-03
   6.3768116E-01   7.1967764E+04   3.5200313E+04   1.0716808E+05   9.0165403E-03   7.6785310E-03   8.5662665E-03
   6.5217391E-01   6.6916568E+04   3.2212228E+04   9.9128797E+04   4.8908265E-03   8.4284920E-03   6.0203365E-03
   6.6666667E-01   6.5280663E+04   2.9074027E+04   9.4354690E+04   1.1266850E-02   3.7946553E-03   7.9229245E-03
   6.8115942E-01   6.0651179E+04   2.9035825E+04   8.9687004E+04   8.9939075E-03   9.5890293E-03   9.0170135E-03
   6.9565217E-01   5.8598304E+04   2.5573613E+04   8.4171917E+04   6.8609065E-03   8.8679933E-03   7.2813083E-03
   7.1014493E-01   5.3397240E+04   2.4185718E+04   7.7582958E+04   9.5715156E-03   7.1916375E-03   8.8292499E-03
   7.2463768E-01   5.2086820E+04   2.3717158E+04   7.5803978E+04   1.3311451E-02   1.2293786E-02   1.2897015E-02
   7.3913043E-01   4.6474517E+04   2.2271515E+04   6.8746032E+04   9.6053803E-03   9.5536668E-03   9.5731341E-03
   7.5362319E-01   4.5886785E+04   2.0327744E+04   6.6214529E+04   1.1103120E-02   7.5846841E-03   9.7954466E-03
   7.6811594E-01   4.2990834E+04   1.9915608E+04   6.2906442E+04   1.2870538E-02   1.3289080E-02   1.2895183E-02
   7.8260870E-01   3.9247954E+04   1.8775031E+04   5.8022985E+04   1.6426733E-02   2.1795897E-02   1.8160057E-02
   7.9710145E-01   3.6646901E+04   1.7744815E+04   5.4391717E+04   1.4937973E-02   1.2964931E-02   1.4225025E-02
   8.1159420E-01   3.5410659E+04   1.6264277E+04   5.1674936E+04   1.5299642E-02   2.1154759E-02   1.7142221E-02
   8.2608696E-01   3.2250337E+04   1.5021797E+04   4.7272134E+04   2.1883525E-02   2.0430974E-02   2.1318568E-02
   8.4057971E-01   3.1184784E+04   1.4462319E+04   4.5647103E+04   1.5019540E-02   2.9903548E-02   1.9327083E-02
   8.5507246E-01   2.8408704E+04   1.2842995E+04   4.1251699E+04   2.4866419E-02   2.3182529E-02   2.4281644E-02
   8.6956522E-01   2.7392181E+04   1.2704718E+04   4.0096900E+04   1.9182566E-02   2.1148217E-02   1.9714218E-02
   8.8405797E-01   2.5104686E+04   1.1453004E+04   3.6557690E+04   2.4720025E-02   1.6423096E-02   2.1969902E-02
   8.9855072E-01   2.2793208E+04   1.1414936E+04   3.4208145E+04   2.4445111E-02   2.9679433E-02   2.6116147E-02
   9.1304348E-01   2.0494973E+04   1.0788727E+04   3.1283700E+04   3.0637402E-02   3.6839027E-02   3.2772468E-02
   9.2753623E-01   1.8777662E+04   8.8797268E+03   2.7657389E+04   4.0230516E-02   3.9489552E-02   3.9975028E-02
   9.4202899E-01   1.6681865E+04   8.0436663E+03   2.4725531E+04   3.4961366E-02   3.4492408E-02   3.4721434E-02
   9.5652174E-01   1.4764384E+04   7.0492473E+03   2.1813632E+04   3.3050399E-02   2.7205202E-02   3.1119213E-02
   9.7101449E-01   1.1547002E+04   5.3267758E+03   1.6873778E+04   5.0276569E-02   5.5729219E-02   5.1614061E-02
   9.8550725E-01   5.5827365E+03   2.6409352E+03   8.2236717E+03   7.0321764E-02   7.0408898E-02   7.0097346E-02
   1.0000000E+00   6.5652276E+01   0.0000000E+00   6.5652276E+01   8.4656939E-02   0.0000000E+00   8.4656939E-02
