   0.0000000E+00   1.1214503E+06   7.8198426E+05   1.9034346E+06   6.7813457E-03   2.4757701E-03   4.3079392E-03
   1.4492754E-02   9.5702143E+05   7.1833438E+05   1.6753558E+06   5.1766431E-03   4.5778966E-03   2.7650499E-03
   2.8985507E-02   9.8543656E+05   7.4712837E+05   1.7325649E+06   3.6606869E-03   1.2304275E-03   1.5735877E-03
   4.3478261E-02   1.0242074E+06   7.5167479E+05   1.7758822E+06   2.7054090E-03   1.1218773E-03   1.1011717E-03
   5.7971014E-02   1.0898148E+06   7.9259257E+05   1.8824074E+06   1.0001996E-03   4.5440351E-04   7.6670885E-04
   7.2463768E-02   1.0667417E+06   8.1320301E+05   1.8799447E+06   1.5440487E-03   8.1413027E-04   5.2721144E-04
   8.6956522E-02   1.0700505E+06   8.2113399E+05   1.8910582E+06   1.6511887E-03   2.8397588E-04   1.0426566E-03
   1.0144928E-01   1.0322539E+06   7.8923688E+05   1.8212742E+06   1.6714181E-03   6.2966083E-04   1.1574454E-03
   1.1594203E-01   9.9490827E+05   7.3718308E+05   1.7320913E+06   2.5111327E-03   5.4367041E-04   1.3464036E-03
   1.3043478E-01   9.2679616E+05   6.8566751E+05   1.6124637E+06   9.9497176E-04   6.9055717E-04   3.1234947E-04
   1.4492754E-01   8.9034060E+05   6.3111888E+05   1.5213837E+06   1.6824496E-03   6.9206254E-04   1.2228730E-03
   1.5942029E-01   8.3440586E+05   5.9096573E+05   1.4253027E+06   2.7957739E-03   5.3353445E-04   1.7050044E-03
   1.7391304E-01   7.8507835E+05   5.4588614E+05   1.3309645E+06   3.7802154E-03   1.3246332E-03   2.6772810E-03
   1.8840580E-01   7.4386427E+05   5.1578553E+05   1.2595915E+06   3.8975896E-03   1.5774857E-03   2.6922881E-03
   2.0289855E-01   6.9868735E+05   4.6817302E+05   1.1668062E+06   3.9218487E-03   1.1625423E-03   2.8123623E-03
   2.1739130E-01   6.7226399E+05   4.3089959E+05   1.1031131E+06   4.9509691E-03   1.0631491E-04   3.0566838E-03
   2.3188406E-01   6.2451710E+05   4.0354214E+05   1.0279645E+06   8.1935876E-03   2.2218429E-03   5.8167635E-03
   2.4637681E-01   5.9731937E+05   3.7418820E+05   9.7146300E+05   6.0513904E-03   1.5794359E-03   4.3015793E-03
   2.6086957E-01   5.7642713E+05   3.5062160E+05   9.2704874E+05   8.7635846E-03   8.0228936E-04   5.7317308E-03
   2.7536232E-01   5.4409482E+05   3.2291547E+05   8.6693053E+05   7.7917422E-03   2.0594009E-03   5.6778170E-03
   2.8985507E-01   5.2787726E+05   2.9570674E+05   8.2358400E+05   9.0041516E-03   2.3041899E-03   6.5891187E-03
   3.0434783E-01   4.9083296E+05   2.7928009E+05   7.7011305E+05   1.0218795E-02   2.5219267E-03   7.4216132E-03
   3.1884058E-01   4.7399874E+05   2.5749270E+05   7.3145700E+05   1.1145128E-02   2.7295564E-03   8.1518863E-03
   3.3333333E-01   4.4574684E+05   2.4175095E+05   6.8749779E+05   1.1290630E-02   3.9683098E-03   8.6844065E-03
   3.4782609E-01   4.3437255E+05   2.2605811E+05   6.6039909E+05   1.3992782E-02   3.0105046E-03   1.0156734E-02
   3.6231884E-01   4.0754110E+05   2.1389391E+05   6.2143501E+05   1.3543769E-02   4.6865712E-03   1.0489450E-02
   3.7681159E-01   3.9536369E+05   2.0042135E+05   5.9578504E+05   1.4858523E-02   2.0129716E-03   1.0525616E-02
   3.9130435E-01   3.7931737E+05   1.8850805E+05   5.6782542E+05   1.4255359E-02   4.2462460E-03   1.0921782E-02
   4.0579710E-01   3.6008730E+05   1.7514542E+05   5.3517860E+05   1.4750091E-02   3.4741546E-03   1.1016691E-02
   4.2028986E-01   3.4218343E+05   1.7101333E+05   5.1314451E+05   1.7553532E-02   2.4100418E-03   1.2487089E-02
   4.3478261E-01   3.3120670E+05   1.5581592E+05   4.8699737E+05   1.6423474E-02   5.7571858E-03   1.2977171E-02
   4.4927536E-01   3.1722280E+05   1.4487437E+05   4.6207272E+05   1.9064749E-02   4.6079645E-03   1.4501713E-02
   4.6376812E-01   3.0638609E+05   1.3662940E+05   4.4303917E+05   1.9128134E-02   6.4947392E-03   1.5223440E-02
   4.7826087E-01   2.8711332E+05   1.2934336E+05   4.1643371E+05   1.8298176E-02   4.3018462E-03   1.3929457E-02
   4.9275362E-01   2.7862424E+05   1.2384538E+05   4.0242504E+05   1.9454907E-02   5.9877807E-03   1.5297969E-02
   5.0724638E-01   2.7172437E+05   1.1385535E+05   3.8560137E+05   2.2036904E-02   5.9218806E-03   1.7274537E-02
   5.2173913E-01   2.5539936E+05   1.1210293E+05   3.6748124E+05   2.2315169E-02   9.9235932E-03   1.8494715E-02
   5.3623188E-01   2.4542477E+05   1.0120905E+05   3.4663381E+05   2.1598268E-02   5.1073387E-03   1.6779072E-02
   5.5072464E-01   2.3344272E+05   9.7409045E+04   3.3085176E+05   2.5093503E-02   1.0110032E-02   2.0669796E-02
   5.6521739E-01   2.2184199E+05   9.3706770E+04   3.1554876E+05   2.5029409E-02   9.2099980E-03   2.0309832E-02
   5.7971014E-01   2.1531088E+05   8.5491641E+04   3.0078358E+05   2.8251977E-02   6.5293382E-03   2.1955937E-02
   5.9420290E-01   2.0416383E+05   8.2131264E+04   2.8625813E+05   2.5733905E-02   8.0852680E-03   2.0564344E-02
   6.0869565E-01   1.9657855E+05   7.8768532E+04   2.7534708E+05   2.7282444E-02   1.1071532E-02   2.2627901E-02
   6.2318841E-01   1.8932844E+05   7.4381548E+04   2.6369237E+05   2.8999389E-02   8.4006338E-03   2.3116084E-02
   6.3768116E-01   1.8230456E+05   6.9815103E+04   2.5211966E+05   3.1591971E-02   7.7605066E-03   2.4880842E-02
   6.5217391E-01   1.6988456E+05   6.4677036E+04   2.3456160E+05   3.1962007E-02   1.1885151E-02   2.6418784E-02
   6.6666667E-01   1.6439592E+05   6.2546222E+04   2.2694214E+05   3.1738864E-02   9.2985652E-03   2.5547703E-02
   6.8115942E-01   1.5678701E+05   5.7700842E+04   2.1448785E+05   3.4830857E-02   1.4711952E-02   2.9418413E-02
   6.9565217E-01   1.4608532E+05   5.5804150E+04   2.0188947E+05   3.3951716E-02   1.1755299E-02   2.7722653E-02
   7.1014493E-01   1.4604215E+05   5.1247742E+04   1.9727443E+05   3.2588649E-02   1.3653967E-02   2.7658190E-02
   7.2463768E-01   1.3472558E+05   4.8858861E+04   1.8358444E+05   3.7601565E-02   1.1456609E-02   3.0639409E-02
   7.3913043E-01   1.2461054E+05   4.5479059E+04   1.7008960E+05   4.2349076E-02   1.5758185E-02   3.5238048E-02
   7.5362319E-01   1.2209761E+05   4.3773865E+04   1.6587147E+05   4.1800166E-02   1.5651921E-02   3.4864105E-02
   7.6811594E-01   1.1723473E+05   4.1303798E+04   1.5853853E+05   4.2069266E-02   1.4125317E-02   3.4779095E-02
   7.8260870E-01   1.1062956E+05   3.8686667E+04   1.4931622E+05   4.5499316E-02   1.7753625E-02   3.8304699E-02
   7.9710145E-01   1.0452633E+05   3.5682509E+04   1.4020884E+05   4.5327839E-02   1.6660879E-02   3.8028391E-02
   8.1159420E-01   9.8586955E+04   3.3692220E+04   1.3227918E+05   4.6971360E-02   1.1212022E-02   3.7862054E-02
   8.2608696E-01   9.0968283E+04   3.1638830E+04   1.2259382E+05   4.8013426E-02   1.7181723E-02   4.0018882E-02
   8.4057971E-01   8.6499562E+04   2.7748840E+04   1.1424840E+05   5.5937003E-02   1.9957247E-02   4.7175312E-02
   8.5507246E-01   7.9754997E+04   2.6315296E+04   1.0607029E+05   5.3553594E-02   2.1763782E-02   4.5599744E-02
   8.6956522E-01   7.3197364E+04   2.3919221E+04   9.7116585E+04   5.7112746E-02   2.2861573E-02   4.8647957E-02
   8.8405797E-01   7.0953966E+04   2.3030226E+04   9.3984193E+04   6.1275030E-02   2.4156855E-02   5.2173443E-02
   8.9855072E-01   6.4040971E+04   1.9652268E+04   8.3693239E+04   5.8903474E-02   2.5713607E-02   5.1108860E-02
   9.1304348E-01   5.8309642E+04   1.9123831E+04   7.7433473E+04   6.5255166E-02   2.6887664E-02   5.5774710E-02
   9.2753623E-01   5.2058878E+04   1.6279499E+04   6.8326538E+04   7.1050816E-02   2.6744475E-02   6.0447924E-02
   9.4202899E-01   4.5312654E+04   1.5143076E+04   6.0455730E+04   7.2857460E-02   3.3716387E-02   6.3053255E-02
   9.5652174E-01   3.9597482E+04   1.2123787E+04   5.1721269E+04   7.7535973E-02   2.6811015E-02   6.5561029E-02
   9.7101449E-01   3.0332086E+04   9.4434348E+03   3.9775521E+04   8.9532807E-02   3.6645212E-02   7.6969732E-02
   9.8550725E-01   1.7550519E+04   5.1370090E+03   2.2687528E+04   9.2555760E-02   4.2503541E-02   8.1221390E-02
   1.0000000E+00   1.7726114E+03   5.2521821E+02   2.2978297E+03   1.2574503E-01   5.4637005E-02   1.0262133E-01
