   0.0000000E+00   1.1335741E+06   9.8202674E+05   2.1156008E+06   2.8582283E-03   3.2188783E-03   1.0557117E-03
   1.4492754E-02   1.1366050E+06   9.6308333E+05   2.0996884E+06   5.6641836E-03   9.1157368E-04   3.4598209E-03
   2.8985507E-02   1.1335741E+06   1.0365838E+06   2.1701579E+06   1.4289186E-03   4.1592720E-04   5.7669635E-04
   4.3478261E-02   1.1770176E+06   1.0466869E+06   2.2237046E+06   6.9344735E-04   2.3724845E-04   3.1941339E-04
   5.7971014E-02   1.2207138E+06   1.0996654E+06   2.3201897E+06   1.5204565E-03   2.6123802E-04   8.7791376E-04
   7.2463768E-02   1.2420820E+06   1.1569124E+06   2.3989943E+06   1.2005424E-03   5.6606310E-04   5.9684216E-04
   8.6956522E-02   1.1982343E+06   1.1090739E+06   2.3071819E+06   8.3848824E-04   4.8867769E-04   6.2284448E-04
   1.0144928E-01   1.1784970E+06   1.0651613E+06   2.2436583E+06   1.5539828E-03   3.1687141E-04   9.4614336E-04
   1.1594203E-01   1.1112208E+06   1.0100630E+06   2.1213786E+06   7.1164026E-05   2.5053174E-04   1.3805447E-04
   1.3043478E-01   1.0513176E+06   9.4068800E+05   1.9919214E+06   1.0727078E-03   5.3493557E-04   7.8973585E-04
   1.4492754E-01   9.9513559E+05   8.6882088E+05   1.8639565E+06   1.3046485E-03   1.6917740E-04   6.3503761E-04
   1.5942029E-01   9.3911129E+05   7.8163983E+05   1.7206134E+06   2.0710656E-03   3.0401645E-04   1.2683591E-03
   1.7391304E-01   8.8017430E+05   7.2471199E+05   1.6048863E+06   2.4058256E-03   4.3230272E-04   1.4975680E-03
   1.8840580E-01   8.3957225E+05   6.6453507E+05   1.5039325E+06   3.7743471E-03   6.3347523E-04   2.3805320E-03
   2.0289855E-01   7.8588119E+05   6.0629760E+05   1.3921247E+06   3.8489703E-03   7.8139901E-04   2.5076679E-03
   2.1739130E-01   7.3626748E+05   5.5355191E+05   1.2898194E+06   4.3096174E-03   5.1476079E-04   2.4794405E-03
   2.3188406E-01   6.9446567E+05   4.9773828E+05   1.1921566E+06   4.2127779E-03   2.7285433E-04   2.3544048E-03
   2.4637681E-01   6.5285701E+05   4.6114963E+05   1.1140066E+06   6.1742158E-03   6.9944773E-04   3.5904864E-03
   2.6086957E-01   6.3127885E+05   4.1696566E+05   1.0482445E+06   5.0153814E-03   2.2625460E-04   3.1103292E-03
   2.7536232E-01   5.8553105E+05   3.8648559E+05   9.7201664E+05   4.7926787E-03   1.5434127E-04   2.8957949E-03
   2.8985507E-01   5.5386763E+05   3.4416400E+05   8.9806952E+05   5.9175756E-03   6.7709753E-04   3.7579792E-03
   3.0434783E-01   5.3424044E+05   3.2164118E+05   8.5577338E+05   8.4353961E-03   6.9815460E-04   5.4343752E-03
   3.1884058E-01   5.0382601E+05   2.9128087E+05   7.9510688E+05   6.2350106E-03   1.6224428E-04   3.9713883E-03
   3.3333333E-01   4.7631987E+05   2.6725043E+05   7.4357030E+05   8.0909434E-03   1.0836274E-03   5.5614626E-03
   3.4782609E-01   4.5991459E+05   2.4200215E+05   7.0191675E+05   6.9699808E-03   7.3967424E-04   4.6890287E-03
   3.6231884E-01   4.3239486E+05   2.2332016E+05   6.5568471E+05   6.6419267E-03   8.8698853E-04   4.6741929E-03
   3.7681159E-01   4.1098472E+05   2.0572551E+05   6.1668109E+05   6.9650793E-03   5.5209160E-04   4.8163895E-03
   3.9130435E-01   3.9573500E+05   1.8746967E+05   5.8320467E+05   7.8281193E-03   9.0730797E-04   5.6003744E-03
   4.0579710E-01   3.7443017E+05   1.7116730E+05   5.4562454E+05   8.8712361E-03   4.2437365E-04   6.0784031E-03
   4.2028986E-01   3.5793913E+05   1.5763536E+05   5.1557449E+05   7.5505713E-03   1.0204559E-03   5.5536398E-03
   4.3478261E-01   3.3709179E+05   1.4636947E+05   4.8346126E+05   8.6238955E-03   2.2230811E-04   6.0692223E-03
   4.4927536E-01   3.2387132E+05   1.3040404E+05   4.5427536E+05   1.0057576E-02   1.1933816E-03   7.3891368E-03
   4.6376812E-01   3.1197440E+05   1.2220872E+05   4.3418312E+05   8.8955036E-03   1.6370918E-04   6.4285457E-03
   4.7826087E-01   2.9827271E+05   1.1120360E+05   4.0949927E+05   9.4924733E-03   1.9345392E-04   6.9579323E-03
   4.9275362E-01   2.7967170E+05   1.0467909E+05   3.8430622E+05   1.0650359E-02   9.2995082E-04   7.9941970E-03
   5.0724638E-01   2.7040375E+05   9.5258326E+04   3.6566207E+05   1.0743112E-02   1.0358077E-03   8.2107193E-03
   5.2173913E-01   2.5672540E+05   8.5855776E+04   3.4258117E+05   1.1573249E-02   1.2928785E-03   8.8676737E-03
   5.3623188E-01   2.4059164E+05   7.8169755E+04   3.1872043E+05   1.2013338E-02   3.7848100E-04   9.1372197E-03
   5.5072464E-01   2.3087040E+05   7.2942126E+04   3.0377265E+05   1.1778309E-02   1.1622096E-03   9.2298751E-03
   5.6521739E-01   2.1853903E+05   6.6156241E+04   2.8469527E+05   1.1474092E-02   4.8938998E-04   8.9131023E-03
   5.7971014E-01   2.1163586E+05   6.0789425E+04   2.7240634E+05   1.3255204E-02   1.9004418E-03   1.0713744E-02
   5.9420290E-01   2.0015337E+05   5.8696871E+04   2.5883176E+05   1.3540264E-02   1.3655399E-03   1.0780020E-02
   6.0869565E-01   1.8809911E+05   5.0858565E+04   2.3895768E+05   1.3606778E-02   1.2796683E-03   1.0441587E-02
   6.2318841E-01   1.8111669E+05   4.6873944E+04   2.2797301E+05   1.2412205E-02   2.3193569E-03   1.0336007E-02
   6.3768116E-01   1.7116238E+05   4.4293153E+04   2.1543832E+05   1.2869091E-02   1.7133343E-03   1.0472161E-02
   6.5217391E-01   1.5944464E+05   3.9638048E+04   1.9908268E+05   1.4877779E-02   1.0749760E-03   1.2126586E-02
   6.6666667E-01   1.5223918E+05   3.8479846E+04   1.9071903E+05   1.4253949E-02   2.2362439E-03   1.1760007E-02
   6.8115942E-01   1.4477607E+05   3.3711221E+04   1.7848729E+05   1.4915911E-02   2.4375021E-03   1.2539104E-02
   6.9565217E-01   1.3645575E+05   3.2172237E+04   1.6862798E+05   1.5699689E-02   2.3891619E-03   1.3149039E-02
   7.1014493E-01   1.2866060E+05   2.8716674E+04   1.5737727E+05   1.6258225E-02   2.7036271E-03   1.3775582E-02
   7.2463768E-01   1.2055591E+05   2.6126761E+04   1.4668267E+05   1.5607243E-02   1.0286807E-03   1.3010060E-02
   7.3913043E-01   1.1535427E+05   2.4619013E+04   1.3997328E+05   1.7199184E-02   7.3762984E-04   1.4301086E-02
   7.5362319E-01   1.0676801E+05   2.2353232E+04   1.2912125E+05   1.6385710E-02   3.6448495E-03   1.4156030E-02
   7.6811594E-01   9.8148346E+04   1.9744045E+04   1.1789239E+05   1.7776117E-02   7.5221584E-04   1.4900267E-02
   7.8260870E-01   9.1756300E+04   1.8508420E+04   1.1026472E+05   1.8784550E-02   1.7282783E-03   1.5831139E-02
   7.9710145E-01   8.7181050E+04   1.7124849E+04   1.0430590E+05   1.7472932E-02   7.9189110E-04   1.4733325E-02
   8.1159420E-01   7.9102297E+04   1.5235920E+04   9.4338217E+04   1.8952122E-02   3.3835129E-03   1.6429948E-02
   8.2608696E-01   7.4098672E+04   1.3612673E+04   8.7711345E+04   2.0661290E-02   2.2880445E-03   1.7731018E-02
   8.4057971E-01   6.9672582E+04   1.2385075E+04   8.2057657E+04   2.4376638E-02   2.9671164E-03   2.1116544E-02
   8.5507246E-01   6.2172937E+04   1.1173405E+04   7.3346342E+04   2.5106685E-02   2.4321999E-03   2.1339100E-02
   8.6956522E-01   5.6299836E+04   1.0343106E+04   6.6642941E+04   2.4521167E-02   3.0342523E-03   2.1185804E-02
   8.8405797E-01   5.0047887E+04   8.4841665E+03   5.8532053E+04   2.4730282E-02   3.5441088E-03   2.1619214E-02
   8.9855072E-01   4.6979674E+04   7.6018100E+03   5.4581484E+04   2.8014806E-02   2.9752680E-03   2.4527304E-02
   9.1304348E-01   3.9727052E+04   6.4948859E+03   4.6221938E+04   2.5249356E-02   2.7349966E-03   2.2082069E-02
   9.2753623E-01   3.4500698E+04   5.8606197E+03   4.0361318E+04   2.7764241E-02   3.4819642E-03   2.4191863E-02
   9.4202899E-01   2.7756478E+04   4.8611723E+03   3.2617650E+04   2.5385922E-02   5.7435765E-04   2.1679263E-02
   9.5652174E-01   2.2605811E+04   3.7312791E+03   2.6337090E+04   3.2619293E-02   1.7995506E-03   2.8251853E-02
   9.7101449E-01   1.6952945E+04   3.0535657E+03   2.0006510E+04   2.7868815E-02   1.3598380E-03   2.3408168E-02
   9.8550725E-01   9.0036947E+03   1.5154734E+03   1.0519168E+04   3.8695283E-02   3.0663115E-03   3.2749076E-02
   1.0000000E+00   6.5652276E+02   2.1884092E+01   6.7840685E+02   2.5536935E-02   2.8276692E-05   2.4712351E-02
