   0.0000000E+00   8.0016994E+05   6.4862260E+05   1.4487925E+06   2.3012578E-02   3.9006819E-03   1.1011494E-02
   1.4492754E-02   8.3654130E+05   6.9181359E+05   1.5283549E+06   6.3166996E-03   1.2018409E-03   3.0456708E-03
   2.8985507E-02   8.3426809E+05   7.0280077E+05   1.5370689E+06   2.0035691E-03   9.9205819E-04   7.5875231E-04
   4.3478261E-02   8.4917024E+05   7.3449943E+05   1.5836697E+06   2.7975019E-03   1.3621047E-03   1.1152629E-03
   5.7971014E-02   8.7196549E+05   7.6588235E+05   1.6378478E+06   1.1459398E-03   7.2288765E-04   5.7164936E-04
   7.2463768E-02   8.7670134E+05   7.9183483E+05   1.6685362E+06   8.8153617E-04   4.3932165E-04   6.7124148E-04
   8.6956522E-02   8.6457756E+05   7.7301771E+05   1.6375953E+06   2.2501022E-03   3.1552182E-04   1.2534138E-03
   1.0144928E-01   8.4130422E+05   7.2742722E+05   1.5687314E+06   1.3769543E-03   5.0011238E-04   7.7906318E-04
   1.1594203E-01   8.2176543E+05   7.1795551E+05   1.5396262E+06   9.2049039E-04   2.4399903E-04   4.2230374E-04
   1.3043478E-01   7.8173168E+05   6.5653674E+05   1.4382684E+06   1.9368289E-03   1.0915736E-03   1.3884883E-03
   1.4492754E-01   7.5470574E+05   5.9618722E+05   1.3508172E+06   3.3805471E-03   5.5294846E-04   2.0268832E-03
   1.5942029E-01   7.1833438E+05   5.6044961E+05   1.2787151E+06   4.6959643E-03   6.0054815E-04   2.6989236E-03
   1.7391304E-01   6.8947724E+05   5.2144913E+05   1.2108632E+06   5.5602276E-03   3.6736999E-04   3.3132605E-03
   1.8840580E-01   6.7013067E+05   4.9270371E+05   1.1627761E+06   7.3216683E-03   4.0626317E-04   4.3742504E-03
   2.0289855E-01   6.3714830E+05   4.4695640E+05   1.0839965E+06   8.1430951E-03   1.4699716E-04   4.7729228E-03
   2.1739130E-01   6.1078628E+05   4.1518919E+05   1.0259755E+06   7.4071736E-03   6.6740189E-04   4.6530074E-03
   2.3188406E-01   5.7583252E+05   3.9165515E+05   9.6753503E+05   8.8211744E-03   6.3757728E-04   5.5033426E-03
   2.4637681E-01   5.6063600E+05   3.6482793E+05   9.2541935E+05   8.1790612E-03   9.4618320E-04   5.2853219E-03
   2.6086957E-01   5.3369920E+05   3.4489648E+05   8.7855359E+05   1.0877461E-02   1.6015347E-03   7.2362154E-03
   2.7536232E-01   5.0672644E+05   3.2327440E+05   8.3000084E+05   1.2637618E-02   1.2540088E-03   8.1406214E-03
   2.8985507E-01   4.9836342E+05   2.9972275E+05   7.9801039E+05   1.0183581E-02   1.0297486E-03   6.7298097E-03
   3.0434783E-01   4.7722978E+05   2.8382651E+05   7.6105629E+05   1.1651660E-02   1.3509436E-03   7.7687436E-03
   3.1884058E-01   4.5598527E+05   2.5570169E+05   7.1168696E+05   1.3478811E-02   1.6780140E-03   9.0197520E-03
   3.3333333E-01   4.4344069E+05   2.4514429E+05   6.8858498E+05   1.7164896E-02   1.1703952E-03   1.1377193E-02
   3.4782609E-01   4.2168046E+05   2.2934164E+05   6.5099053E+05   1.6624993E-02   9.8275353E-04   1.1072752E-02
   3.6231884E-01   4.0814729E+05   2.1543969E+05   6.2352636E+05   1.6534877E-02   1.1207488E-03   1.1206375E-02
   3.7681159E-01   3.9612142E+05   2.0187854E+05   5.9799996E+05   1.6995040E-02   2.5922401E-03   1.2087916E-02
   3.9130435E-01   3.7951382E+05   1.8671193E+05   5.6619769E+05   1.9311922E-02   2.1338073E-03   1.3633883E-02
   4.0579710E-01   3.6742111E+05   1.7687739E+05   5.4429850E+05   1.9661026E-02   1.2925450E-03   1.3679136E-02
   4.2028986E-01   3.5663269E+05   1.7098720E+05   5.2756763E+05   1.8146055E-02   2.2290352E-03   1.2929971E-02
   4.3478261E-01   3.3966810E+05   1.5826594E+05   4.9793403E+05   1.8197790E-02   1.4792242E-03   1.2881255E-02
   4.4927536E-01   3.2013153E+05   1.4944523E+05   4.6957676E+05   2.0671401E-02   2.9690901E-03   1.5013340E-02
   4.6376812E-01   3.1438969E+05   1.4314120E+05   4.5753088E+05   2.4956327E-02   1.6291479E-03   1.7610548E-02
   4.7826087E-01   3.0249767E+05   1.3581856E+05   4.3829327E+05   2.3023017E-02   3.2575905E-03   1.6869429E-02
   4.9275362E-01   2.9273151E+05   1.2493741E+05   4.1766892E+05   2.2780013E-02   3.7466194E-03   1.7039844E-02
   5.0724638E-01   2.8157495E+05   1.1892136E+05   4.0047466E+05   2.2743443E-02   3.6213496E-03   1.7059337E-02
   5.2173913E-01   2.7169070E+05   1.0989287E+05   3.8158357E+05   2.5223228E-02   3.3260880E-03   1.8907502E-02
   5.3623188E-01   2.5842917E+05   1.0892977E+05   3.6735894E+05   2.6581320E-02   3.5341492E-03   1.9747019E-02
   5.5072464E-01   2.4879686E+05   1.0123761E+05   3.5003447E+05   2.6359939E-02   5.3380271E-03   2.0244930E-02
   5.6521739E-01   2.3886192E+05   9.6271417E+04   3.3511391E+05   2.9404840E-02   4.2769537E-03   2.2158395E-02
   5.7971014E-01   2.2680953E+05   9.0189609E+04   3.1699914E+05   3.0183621E-02   4.8644682E-03   2.2980042E-02
   5.9420290E-01   2.2061226E+05   8.5125248E+04   3.0573751E+05   2.9729675E-02   2.5920147E-03   2.2158570E-02
   6.0869565E-01   2.1285184E+05   8.1438652E+04   2.9427245E+05   3.2170229E-02   5.9050154E-03   2.4899797E-02
   6.2318841E-01   2.0141698E+05   7.7148168E+04   2.7856515E+05   3.4253421E-02   5.7309052E-03   2.6354149E-02
   6.3768116E-01   1.9194848E+05   7.3207696E+04   2.6512173E+05   3.1462324E-02   7.0444892E-03   2.4703166E-02
   6.5217391E-01   1.8335544E+05   6.7674305E+04   2.5102974E+05   3.4122758E-02   6.4529477E-03   2.6651602E-02
   6.6666667E-01   1.7610789E+05   6.4539398E+04   2.4064729E+05   3.8029613E-02   6.4581193E-03   2.9534664E-02
   6.8115942E-01   1.6799184E+05   5.8635922E+04   2.2662776E+05   3.9971818E-02   6.9631047E-03   3.1421546E-02
   6.9565217E-01   1.6474458E+05   5.7824781E+04   2.2256936E+05   3.7542292E-02   8.4524059E-03   2.9980383E-02
   7.1014493E-01   1.5510406E+05   5.2871464E+04   2.0797552E+05   3.7660618E-02   7.4251288E-03   2.9974041E-02
   7.2463768E-01   1.4839515E+05   4.8495148E+04   1.9689030E+05   4.1207739E-02   5.4064674E-03   3.2389557E-02
   7.3913043E-01   1.3823494E+05   4.6920244E+04   1.8515519E+05   4.3846367E-02   7.2751546E-03   3.4458676E-02
   7.5362319E-01   1.3363852E+05   4.4385883E+04   1.7802441E+05   4.4115860E-02   7.1094322E-03   3.4834285E-02
   7.6811594E-01   1.2594156E+05   4.0703327E+04   1.6664488E+05   4.5462530E-02   7.5391611E-03   3.6199527E-02
   7.8260870E-01   1.1969433E+05   4.0581009E+04   1.6027534E+05   4.7289977E-02   9.8528586E-03   3.7778761E-02
   7.9710145E-01   1.1268233E+05   3.6826003E+04   1.4952211E+05   4.8883842E-02   9.7323214E-03   3.9146777E-02
   8.1159420E-01   1.0975004E+05   3.3922248E+04   1.4367229E+05   5.2139552E-02   8.8143099E-03   4.1899103E-02
   8.2608696E-01   1.0121767E+05   3.2675733E+04   1.3389340E+05   5.4668210E-02   1.1337489E-02   4.4091196E-02
   8.4057971E-01   9.2665971E+04   3.0505434E+04   1.2317140E+05   5.4816789E-02   1.0150321E-02   4.3750788E-02
   8.5507246E-01   8.8655192E+04   2.7933513E+04   1.1658871E+05   5.7181282E-02   9.9424451E-03   4.5836857E-02
   8.6956522E-01   8.4815993E+04   2.5131600E+04   1.0993496E+05   5.7641653E-02   1.2286305E-02   4.7243934E-02
   8.8405797E-01   7.7798440E+04   2.3514681E+04   1.0131312E+05   6.3780226E-02   8.6355394E-03   5.0979638E-02
   8.9855072E-01   7.0689500E+04   2.1387729E+04   9.2077229E+04   6.3771123E-02   1.3748030E-02   5.2135469E-02
   9.1304348E-01   6.3397303E+04   1.9063693E+04   8.2460995E+04   6.8508730E-02   1.3342078E-02   5.5704312E-02
   9.2753623E-01   5.7540629E+04   1.6729405E+04   7.4270035E+04   7.4993883E-02   1.9828064E-02   6.2539506E-02
   9.4202899E-01   5.0337031E+04   1.5073131E+04   6.5410162E+04   7.6939763E-02   1.6039888E-02   6.2857693E-02
   9.5652174E-01   4.3891323E+04   1.1802323E+04   5.5693646E+04   8.2274401E-02   9.2891862E-03   6.6753821E-02
   9.7101449E-01   3.3962437E+04   9.8392674E+03   4.3801704E+04   8.1385788E-02   2.8610898E-02   6.9513395E-02
   9.8550725E-01   1.9088279E+04   4.9364316E+03   2.4024710E+04   9.0571779E-02   1.6374170E-02   7.5248371E-02
   1.0000000E+00   1.9476842E+03   5.0333412E+02   2.4510183E+03   1.2380298E-01   5.4584221E-02   1.0936734E-01
