   0.0000000E+00   4.1311804E+07   2.0962028E+07   6.2273832E+07   2.1097547E-03   9.2304268E-04   1.1627428E-03
   1.4492754E-02   4.2497662E+07   2.1281035E+07   6.3778697E+07   6.0617113E-04   1.9213178E-04   3.9266838E-04
   2.8985507E-02   4.2459775E+07   2.1553062E+07   6.4012458E+07   5.2111257E-04   1.1026151E-03   7.0413728E-04
   4.3478261E-02   3.6614342E+07   1.8406687E+07   5.5020271E+07   6.8048100E-04   3.9943229E-04   3.2397003E-04
   5.7971014E-02   2.5354248E+07   1.2818253E+07   3.8172311E+07   6.1295696E-04   1.0898888E-03   6.1860957E-04
   7.2463768E-02   1.4076777E+07   7.0186118E+06   2.1095238E+07   7.7060682E-04   1.3554737E-03   9.0815893E-04
   8.6956522E-02   7.8685903E+06   3.9341689E+06   1.1802633E+07   2.6060393E-03   2.5930065E-03   2.5907939E-03
   1.0144928E-01   4.3176919E+06   2.1592248E+06   6.4769167E+06   5.9848520E-03   5.8052509E-03   5.9207278E-03
   1.1594203E-01   1.4578854E+06   7.3528873E+05   2.1931741E+06   1.9415777E-02   2.0171171E-02   1.9657504E-02
   1.3043478E-01   2.7867871E+04   1.4144418E+04   4.2012289E+04   9.3184507E-02   8.6377065E-02   9.0340757E-02
   1.4492754E-01   1.2957297E+04   7.1227248E+03   2.0080022E+04   1.2438222E-01   1.3110182E-01   1.2618220E-01
   1.5942029E-01   7.3018262E+03   3.7886834E+03   1.1090510E+04   1.2407758E-01   1.5668792E-01   1.3521759E-01
   1.7391304E-01   4.2938412E+03   2.1469206E+03   6.4407618E+03   1.1736685E-01   1.4161806E-01   1.2530470E-01
   1.8840580E-01   3.3806714E+03   1.9817729E+03   5.3624442E+03   1.6165078E-01   1.9894457E-01   1.7500461E-01
   2.0289855E-01   1.7319696E+03   1.1366050E+03   2.8685746E+03   1.6604740E-01   2.2753895E-01   1.8951207E-01
   2.1739130E-01   2.3742416E+03   7.0722091E+02   3.0814625E+03   1.8721709E-01   2.4140474E-01   1.9938955E-01
   2.3188406E-01   1.2786807E+03   8.5245377E+02   2.1311344E+03   1.5713512E-01   2.2920764E-01   1.8461705E-01
   2.4637681E-01   9.3602767E+02   5.3487295E+02   1.4709006E+03   1.7383390E-01   9.6274950E-02   1.4519485E-01
   2.6086957E-01   1.0524121E+03   1.6838593E+02   1.2207980E+03   1.7895274E-01   8.1422184E-02   1.5959611E-01
   2.7536232E-01   5.5833229E+02   4.3868966E+02   9.9702195E+02   2.2743717E-01   2.3198451E-01   2.2893963E-01
   2.8985507E-01   8.3351035E+02   1.1366050E+02   9.4717086E+02   1.5613832E-01   1.9052791E-01   1.6026385E-01
   3.0434783E-01   2.5257889E+02   1.0824810E+02   3.6082699E+02   2.2894551E-01   4.4917657E-07   1.6026197E-01
   3.1884058E-01   4.4775350E+02   6.8885153E+01   5.1663865E+02   1.9172492E-01   1.3459022E-01   1.8307054E-01
   3.3333333E-01   3.2945073E+02   1.9767044E+02   5.2712117E+02   1.5313906E-01   2.8124142E-01   2.0003312E-01
   3.4782609E-01   2.5257889E+02   6.3144724E+01   3.1572362E+02   2.2449378E-01   2.1843512E-01   2.2176228E-01
   3.6231884E-01   2.4247574E+02   3.0309467E+02   5.4557041E+02   1.8108138E-01   2.8499629E-01   2.3455127E-01
   3.7681159E-01   2.6229347E+02   2.9143719E+01   2.9143719E+02   1.2800357E-01   3.5986287E-01   1.5044061E-01
   3.9130435E-01   1.9645025E+02   5.6128643E+01   2.5257889E+02   2.4438074E-01   1.9459973E-01   2.3313923E-01
   4.0579710E-01   1.0824810E+02   1.3531012E+02   2.4355822E+02   3.3249709E-01   2.4997314E-01   2.8662095E-01
   4.2028986E-01   1.0451540E+02   1.0451540E+02   2.0903081E+02   2.0277789E-01   2.1035577E-01   2.0509956E-01
   4.3478261E-01   7.5773668E+01   2.5257889E+01   1.0103156E+02   2.8650471E-01   3.6824552E-01   3.0075110E-01
   4.4927536E-01   2.1998807E+02   9.7772475E+01   3.1776054E+02   2.9811175E-01   1.8249887E-01   2.6217983E-01
   4.6376812E-01   9.4717086E+01   0.0000000E+00   9.4717086E+01   3.8597858E-01   0.0000000E+00   3.8597858E-01
   4.7826087E-01   1.3777031E+02   6.8885153E+01   2.0665546E+02   2.3799657E-01   2.3172695E-01   2.3501508E-01
   4.9275362E-01   1.1143187E+02   6.6859119E+01   1.7829098E+02   2.8221910E-01   1.5792688E-01   2.3536542E-01
   5.0724638E-01   6.4948859E+01   2.1649620E+01   8.6598478E+01   3.3950724E-06   3.8111956E-01   9.5281663E-02
   5.2173913E-01   8.4192965E+01   6.3144724E+01   1.4733769E+02   1.0180143E-01   1.5483356E-01   1.2452694E-01
   5.3623188E-01   8.1917479E+01   4.0958740E+01   1.2287622E+02   2.1051455E-01   3.3593526E-01   2.5228400E-01
   5.5072464E-01   3.9880878E+01   3.9880878E+01   7.9761756E+01   8.3278710E-06   4.1022777E-01   2.0511300E-01
   5.6521739E-01   5.8287437E+01   3.8858291E+01   9.7145729E+01   2.8207448E-01   2.5988900E-01   2.6991001E-01
   5.7971014E-01   3.7886834E+01   5.6830251E+01   9.4717086E+01   1.6692092E-01   3.1302990E-01   2.5125797E-01
   5.9420290E-01   5.5444148E+01   1.8481383E+01   7.3925530E+01   3.5104115E-01   3.4490496E-01   3.4729463E-01
   6.0869565E-01   5.4124049E+01   0.0000000E+00   5.4124049E+01   1.5430274E-01   0.0000000E+00   1.5430274E-01
   6.2318841E-01   5.2865350E+01   3.5243567E+01   8.8108917E+01   1.6085917E-01   3.3562159E-01   2.2612767E-01
   6.3768116E-01   3.4442577E+01   1.7221288E+01   5.1663865E+01   2.1605106E-01   6.0260611E-02   1.6363026E-01
   6.5217391E-01   1.6838593E+01   1.6838593E+01   3.3677186E+01   2.6114785E-01   3.1859342E-01   2.8981834E-01
   6.6666667E-01   1.6472537E+01   0.0000000E+00   1.6472537E+01   2.3490966E-01   0.0000000E+00   2.3490966E-01
   6.8115942E-01   3.2244114E+01   3.2244114E+01   6.4488228E+01   4.0368467E-01   3.4705042E-01   3.7038541E-01
   6.9565217E-01   0.0000000E+00   0.0000000E+00   0.0000000E+00   0.0000000E+00   0.0000000E+00   0.0000000E+00
   7.1014493E-01   1.5464014E+01   1.5464014E+01   3.0928028E+01   3.0176178E-01   3.8753597E-01   3.4464772E-01
   7.2463768E-01   0.0000000E+00   1.5154734E+01   1.5154734E+01   0.0000000E+00   3.8255918E-01   3.8255918E-01
   7.3913043E-01   2.9715164E+01   1.4857582E+01   4.4572746E+01   3.5390782E-01   4.4235076E-01   3.8090818E-01
   7.5362319E-01   1.4571859E+01   0.0000000E+00   1.4571859E+01   5.1298078E-01   0.0000000E+00   5.1298078E-01
   7.6811594E-01   0.0000000E+00   0.0000000E+00   0.0000000E+00   0.0000000E+00   0.0000000E+00   0.0000000E+00
   7.8260870E-01   0.0000000E+00   0.0000000E+00   0.0000000E+00   0.0000000E+00   0.0000000E+00   0.0000000E+00
   7.9710145E-01   1.3777031E+01   0.0000000E+00   1.3777031E+01   3.2164847E-05   0.0000000E+00   3.2164847E-05
   8.1159420E-01   0.0000000E+00   1.3531012E+01   1.3531012E+01   0.0000000E+00   3.1827662E-01   3.1827662E-01
   8.2608696E-01   0.0000000E+00   0.0000000E+00   0.0000000E+00   0.0000000E+00   0.0000000E+00   0.0000000E+00
   8.4057971E-01   0.0000000E+00   1.3064426E+01   1.3064426E+01   0.0000000E+00   4.1599724E-01   4.1599724E-01
   8.5507246E-01   0.0000000E+00   0.0000000E+00   0.0000000E+00   0.0000000E+00   0.0000000E+00   0.0000000E+00
   8.6956522E-01   0.0000000E+00   0.0000000E+00   0.0000000E+00   0.0000000E+00   0.0000000E+00   0.0000000E+00
   8.8405797E-01   0.0000000E+00   0.0000000E+00   0.0000000E+00   0.0000000E+00   0.0000000E+00   0.0000000E+00
   8.9855072E-01   0.0000000E+00   0.0000000E+00   0.0000000E+00   0.0000000E+00   0.0000000E+00   0.0000000E+00
   9.1304348E-01   1.2027566E+01   0.0000000E+00   1.2027566E+01   4.1641119E-01   0.0000000E+00   4.1641119E-01
   9.2753623E-01   0.0000000E+00   2.3679271E+01   2.3679271E+01   0.0000000E+00   4.2252934E-01   4.2252934E-01
   9.4202899E-01   0.0000000E+00   0.0000000E+00   0.0000000E+00   0.0000000E+00   0.0000000E+00   0.0000000E+00
   9.5652174E-01   0.0000000E+00   0.0000000E+00   0.0000000E+00   0.0000000E+00   0.0000000E+00   0.0000000E+00
   9.7101449E-01   0.0000000E+00   0.0000000E+00   0.0000000E+00   0.0000000E+00   0.0000000E+00   0.0000000E+00
   9.8550725E-01   0.0000000E+00   0.0000000E+00   0.0000000E+00   0.0000000E+00   0.0000000E+00   0.0000000E+00
   1.0000000E+00   0.0000000E+00   0.0000000E+00   0.0000000E+00   0.0000000E+00   0.0000000E+00   0.0000000E+00
