   0.0000000E+00   4.2639359E+07   2.5866099E+07   6.8505458E+07   2.5078148E-03   1.0551728E-03   1.7420476E-03
   1.4492754E-02   4.2906840E+07   2.5849429E+07   6.8756269E+07   3.8769102E-04   5.3972495E-05   2.3483638E-04
   2.8985507E-02   3.9875893E+07   2.3879314E+07   6.3754828E+07   1.1741870E-03   3.9939396E-05   7.4083865E-04
   4.3478261E-02   3.3934732E+07   1.8769895E+07   5.2704122E+07   2.4381913E-04   1.7318972E-04   1.2279060E-04
   5.7971014E-02   2.4964014E+07   1.2452076E+07   3.7415901E+07   1.3495262E-03   2.0419876E-04   9.0050410E-04
   7.2463768E-02   1.5240206E+07   6.5394191E+06   2.1779474E+07   8.8977658E-04   7.0687624E-04   8.1962825E-04
   8.6956522E-02   8.7984595E+06   3.4412612E+06   1.2239721E+07   2.3257144E-03   4.4011784E-04   1.7906836E-03
   1.0144928E-01   4.6303124E+06   1.7576244E+06   6.3879367E+06   3.0733215E-03   4.2108839E-04   2.3429967E-03
   1.1594203E-01   1.4376159E+06   5.4348664E+05   1.9811026E+06   1.5018206E-02   3.2981104E-03   1.1759374E-02
   1.3043478E-01   4.4285500E+04   1.3470874E+04   5.7756374E+04   9.0315857E-02   1.4874886E-02   7.0517452E-02
   1.4492754E-01   2.0383117E+04   7.4258195E+03   2.7808936E+04   1.2619873E-01   1.9509294E-02   9.7342961E-02
   1.5942029E-01   1.5223619E+04   3.9264537E+03   1.9150073E+04   1.1696621E-01   2.1188454E-02   9.6483657E-02
   1.7391304E-01   1.0355735E+04   2.5257889E+03   1.2881524E+04   1.5004980E-01   1.3357285E-02   1.2324457E-01
   1.8840580E-01   7.6939417E+03   1.8651980E+03   9.5591397E+03   1.5546969E-01   3.3668550E-02   1.3159067E-01
   2.0289855E-01   6.6572580E+03   1.1366050E+03   7.7938630E+03   1.2503681E-01   2.8521726E-02   1.0986115E-01
   2.1739130E-01   4.2938412E+03   1.1618629E+03   5.4557041E+03   1.9821401E-01   8.1116922E-03   1.5526939E-01
   2.3188406E-01   3.9307590E+03   1.2313221E+03   5.1620812E+03   1.5718173E-01   3.3335250E-02   1.2416359E-01
   2.4637681E-01   3.1200922E+03   7.5773668E+02   3.8778289E+03   1.3902834E-01   1.9030009E-02   1.1555329E-01
   2.6086957E-01   2.6520784E+03   8.4192965E+02   3.4940080E+03   1.7472209E-01   3.2345233E-02   1.4033239E-01
   2.7536232E-01   2.2333292E+03   7.5773668E+02   2.9910659E+03   1.6962620E-01   1.5375389E-01   1.6556612E-01
   2.8985507E-01   1.8943417E+03   6.4407618E+02   2.5384179E+03   1.4036542E-01   7.5682478E-02   1.2369896E-01
   3.0434783E-01   1.7319696E+03   3.2474429E+02   2.0567139E+03   1.6190651E-01   3.2721834E-02   1.4148737E-01
   3.1884058E-01   1.6188011E+03   2.7554061E+02   1.8943417E+03   1.0203857E-01   6.2987626E-02   9.6203142E-02
   3.3333333E-01   1.3178029E+03   2.3061551E+02   1.5484184E+03   1.7042117E-01   4.1039816E-02   1.4970298E-01
   3.4782609E-01   1.0734603E+03   6.3144724E+01   1.1366050E+03   1.5966822E-01   2.2820295E-01   1.6271853E-01
   3.6231884E-01   8.1835562E+02   6.0618935E+01   8.7897455E+02   1.3999580E-01   1.5405156E-06   1.3034086E-01
   3.7681159E-01   6.4116181E+02   1.4571859E+02   7.8688040E+02   2.2129649E-01   5.8085705E-02   1.9106802E-01
   3.9130435E-01   7.5773668E+02   1.4032161E+02   8.9805829E+02   2.0977178E-01   9.2161657E-02   1.9008400E-01
   4.0579710E-01   5.9536454E+02   1.8943417E+02   7.8479871E+02   1.5705391E-01   6.7199801E-02   1.3384725E-01
   4.2028986E-01   8.3612324E+02   7.8386554E+01   9.1450979E+02   2.2634456E-01   1.0422524E-01   2.1587399E-01
   4.3478261E-01   4.0412623E+02   5.0515779E+01   4.5464201E+02   1.3452100E-01   9.1229934E-06   1.1957321E-01
   4.4927536E-01   3.4220366E+02   7.3329357E+01   4.1553302E+02   1.6350507E-01   3.6545275E-05   1.3465759E-01
   4.6376812E-01   4.4990616E+02   1.1839636E+02   5.6830251E+02   1.3840711E-01   1.4447670E-05   1.0957531E-01
   4.7826087E-01   2.7554061E+02   6.8885153E+01   3.4442577E+02   9.2065131E-02   4.0277409E-02   7.5037479E-02
   4.9275362E-01   4.0115472E+02   0.0000000E+00   4.0115472E+02   1.0781840E-01   0.0000000E+00   1.0781840E-01
   5.0724638E-01   2.1649620E+02   0.0000000E+00   2.1649620E+02   1.3732390E-01   0.0000000E+00   1.3732390E-01
   5.2173913E-01   2.5257889E+02   2.1048241E+01   2.7362714E+02   1.6184777E-01   4.4669915E-01   1.8356035E-01
   5.3623188E-01   2.2527307E+02   0.0000000E+00   2.2527307E+02   9.4638251E-02   0.0000000E+00   9.4638251E-02
   5.5072464E-01   9.9702195E+01   1.9940439E+01   1.1964263E+02   2.7114681E-01   9.9934199E-06   2.2595402E-01
   5.6521739E-01   2.3314975E+02   1.9429146E+01   2.5257889E+02   6.1495535E-02   4.7339691E-05   5.6761488E-02
   5.7971014E-01   1.1366050E+02   1.8943417E+01   1.3260392E+02   2.2663746E-01   5.3352708E-06   1.9426142E-01
   5.9420290E-01   7.3925530E+01   0.0000000E+00   7.3925530E+01   1.8907873E-01   0.0000000E+00   1.8907873E-01
   6.0869565E-01   5.4124049E+01   3.6082699E+01   9.0206748E+01   1.3197290E-01   2.2287471E-01   1.6806999E-01
   6.2318841E-01   1.0573070E+02   1.7621783E+01   1.2335248E+02   1.9451101E-01   4.6951015E-01   2.3375641E-01
   6.3768116E-01   1.0332773E+02   1.7221288E+01   1.2054902E+02   7.0500953E-02   5.9126849E-06   6.0430220E-02
   6.5217391E-01   1.1787015E+02   0.0000000E+00   1.1787015E+02   1.1036125E-01   0.0000000E+00   1.1036125E-01
   6.6666667E-01   9.8835220E+01   1.6472537E+01   1.1530776E+02   6.7724780E-02   2.1457311E-06   5.8050116E-02
   6.8115942E-01   1.6122057E+01   0.0000000E+00   1.6122057E+01   1.7383332E-05   0.0000000E+00   1.7383332E-05
   6.9565217E-01   1.5786181E+01   0.0000000E+00   1.5786181E+01   5.5739494E-06   0.0000000E+00   5.5739494E-06
   7.1014493E-01   3.0928028E+01   0.0000000E+00   3.0928028E+01   2.0120317E-05   0.0000000E+00   2.0120317E-05
   7.2463768E-01   4.5464201E+01   0.0000000E+00   4.5464201E+01   9.2266001E-07   0.0000000E+00   9.2266001E-07
   7.3913043E-01   2.9715164E+01   0.0000000E+00   2.9715164E+01   6.5631285E-05   0.0000000E+00   6.5631285E-05
   7.5362319E-01   5.8287437E+01   0.0000000E+00   5.8287437E+01   1.2246680E-05   0.0000000E+00   1.2246680E-05
   7.6811594E-01   1.4296919E+01   0.0000000E+00   1.4296919E+01   4.1949315E-01   0.0000000E+00   4.1949315E-01
   7.8260870E-01   0.0000000E+00   0.0000000E+00   0.0000000E+00   0.0000000E+00   0.0000000E+00   0.0000000E+00
   7.9710145E-01   0.0000000E+00   0.0000000E+00   0.0000000E+00   0.0000000E+00   0.0000000E+00   0.0000000E+00
   8.1159420E-01   2.7062024E+01   0.0000000E+00   2.7062024E+01   2.2328865E-01   0.0000000E+00   2.2328865E-01
   8.2608696E-01   1.3293626E+01   0.0000000E+00   1.3293626E+01   4.7883763E-06   0.0000000E+00   4.7883763E-06
   8.4057971E-01   0.0000000E+00   0.0000000E+00   0.0000000E+00   0.0000000E+00   0.0000000E+00   0.0000000E+00
   8.5507246E-01   0.0000000E+00   0.0000000E+00   0.0000000E+00   0.0000000E+00   0.0000000E+00   0.0000000E+00
   8.6956522E-01   0.0000000E+00   1.2628945E+01   1.2628945E+01   0.0000000E+00   3.1126527E-05   3.1126527E-05
   8.8405797E-01   0.0000000E+00   0.0000000E+00   0.0000000E+00   0.0000000E+00   0.0000000E+00   0.0000000E+00
   8.9855072E-01   0.0000000E+00   0.0000000E+00   0.0000000E+00   0.0000000E+00   0.0000000E+00   0.0000000E+00
   9.1304348E-01   0.0000000E+00   0.0000000E+00   0.0000000E+00   0.0000000E+00   0.0000000E+00   0.0000000E+00
   9.2753623E-01   0.0000000E+00   0.0000000E+00   0.0000000E+00   0.0000000E+00   0.0000000E+00   0.0000000E+00
   9.4202899E-01   0.0000000E+00   1.1657487E+01   1.1657487E+01   0.0000000E+00   1.6296826E-05   1.6296826E-05
   9.5652174E-01   0.0000000E+00   0.0000000E+00   0.0000000E+00   0.0000000E+00   0.0000000E+00   0.0000000E+00
   9.7101449E-01   0.0000000E+00   0.0000000E+00   0.0000000E+00   0.0000000E+00   0.0000000E+00   0.0000000E+00
   9.8550725E-01   0.0000000E+00   0.0000000E+00   0.0000000E+00   0.0000000E+00   0.0000000E+00   0.0000000E+00
   1.0000000E+00   0.0000000E+00   0.0000000E+00   0.0000000E+00   0.0000000E+00   0.0000000E+00   0.0000000E+00
