   0.0000000E+00   1.0620437E+07   6.7529493E+06   1.7373387E+07   5.3681449E-03   2.9700058E-03   3.3204127E-03
   1.4492754E-02   1.2191983E+07   7.2166842E+06   1.9407910E+07   7.4648184E-04   5.5596259E-04   6.4191031E-04
   2.8985507E-02   1.2417410E+07   7.3977832E+06   1.9814814E+07   2.3693281E-03   1.8478696E-04   1.4163359E-03
   4.3478261E-02   1.1245318E+07   6.6198403E+06   1.7863895E+07   6.5938154E-04   4.0386891E-04   5.0663121E-04
   5.7971014E-02   9.3612684E+06   5.4630921E+06   1.4821330E+07   9.4400785E-04   3.1919657E-04   5.2311079E-04
   7.2463768E-02   7.6966346E+06   4.2960639E+06   1.1990728E+07   1.4726633E-03   6.2434506E-04   9.7521268E-04
   8.6956522E-02   6.1515590E+06   3.4180239E+06   9.5686988E+06   8.9192500E-04   4.9610491E-04   6.8220127E-04
   1.0144928E-01   4.8098960E+06   2.6323772E+06   7.4416237E+06   7.8324111E-04   4.3741184E-04   5.5648748E-04
   1.1594203E-01   3.7414196E+06   2.0478781E+06   5.7884452E+06   5.5028126E-04   7.5401870E-04   3.6101881E-04
   1.3043478E-01   2.8939648E+06   1.5328171E+06   4.4265293E+06   2.8440442E-03   5.8697391E-04   1.6520739E-03
   1.4492754E-01   2.2355505E+06   1.1269818E+06   3.3624565E+06   9.0466484E-04   5.5586608E-04   4.5935849E-04
   1.5942029E-01   1.7486496E+06   9.0632196E+05   2.6546271E+06   1.6017238E-03   5.7189604E-04   9.7656258E-04
   1.7391304E-01   1.3628526E+06   6.7539596E+05   2.0381854E+06   1.7470510E-03   3.7468796E-04   1.0628892E-03
   1.8840580E-01   1.0946964E+06   5.2767617E+05   1.6223725E+06   3.2699451E-03   1.2055629E-03   2.4560151E-03
   2.0289855E-01   8.7350802E+05   4.1367011E+05   1.2871781E+06   2.9351767E-03   9.0876838E-04   2.0467163E-03
   2.1739130E-01   7.1424260E+05   3.3163609E+05   1.0458787E+06   1.3731847E-03   1.8620385E-03   1.5281928E-03
   2.3188406E-01   5.9401820E+05   2.6487633E+05   8.5884717E+05   1.6018364E-03   1.6380665E-03   7.5209355E-04
   2.4637681E-01   5.0086395E+05   2.2406719E+05   7.2493114E+05   1.4673411E-03   9.2598635E-04   8.3716428E-04
   2.6086957E-01   4.1566067E+05   1.8770822E+05   6.0332679E+05   3.0562374E-03   1.7181637E-03   2.4777561E-03
   2.7536232E-01   3.5238744E+05   1.5820744E+05   5.1055500E+05   3.5313334E-03   8.2677032E-04   2.2636084E-03
   2.8985507E-01   3.1491537E+05   1.3411939E+05   4.4903476E+05   3.7023740E-03   1.5682573E-03   2.9822218E-03
   3.0434783E-01   2.6311504E+05   1.1874816E+05   3.8186321E+05   9.2564237E-04   2.0146989E-03   9.1369188E-04
   3.1884058E-01   2.3321069E+05   9.9642374E+04   3.3285306E+05   8.3236983E-04   8.0003184E-04   3.7884366E-04
   3.3333333E-01   2.0313932E+05   8.5821916E+04   2.8896124E+05   4.8016024E-03   1.1278971E-03   3.1044884E-03
   3.4782609E-01   1.7803655E+05   7.2805866E+04   2.5084241E+05   2.0799597E-03   1.5753751E-03   1.7629774E-03
   3.6231884E-01   1.5821542E+05   6.5256283E+04   2.2347170E+05   7.9004725E-03   1.6680066E-03   6.0489966E-03
   3.7681159E-01   1.3951098E+05   5.5518784E+04   1.9502976E+05   3.0019908E-03   2.0920803E-04   2.2033558E-03
   3.9130435E-01   1.2398817E+05   4.7512897E+04   1.7150107E+05   3.7880380E-03   2.2260216E-03   2.6526492E-03
   4.0579710E-01   1.1244271E+05   3.9348184E+04   1.5179090E+05   2.6727217E-03   1.9718733E-03   1.9422217E-03
   4.2028986E-01   9.9916727E+04   3.6841680E+04   1.3675841E+05   4.2718659E-03   2.3277501E-03   3.0136270E-03
   4.3478261E-01   9.0776855E+04   3.3491961E+04   1.2426882E+05   2.3065816E-03   2.3374520E-03   1.4523417E-03
   4.4927536E-01   8.4377646E+04   2.9967264E+04   1.1434491E+05   4.2977801E-03   4.8058913E-03   2.6039186E-03
   4.6376812E-01   7.7857444E+04   2.7183804E+04   1.0504125E+05   3.8954364E-03   3.1006423E-03   3.6892875E-03
   4.7826087E-01   7.2903454E+04   2.4040918E+04   9.6944372E+04   4.5030830E-03   5.2260033E-03   2.4074927E-03
   4.9275362E-01   7.0291221E+04   2.2865819E+04   9.3157039E+04   2.9730654E-03   4.0041009E-03   1.6255281E-03
   5.0724638E-01   6.5966391E+04   2.1757868E+04   8.7724258E+04   7.1891289E-04   2.0817000E-03   4.1197040E-04
   5.2173913E-01   6.1208285E+04   1.8796079E+04   8.0004365E+04   5.5463084E-03   2.8477625E-03   4.8870066E-03
   5.3623188E-01   5.9021544E+04   1.9209649E+04   7.8231193E+04   2.9121913E-03   5.6551278E-03   3.1293756E-03
   5.5072464E-01   5.6012693E+04   1.7188658E+04   7.3201352E+04   1.0633280E-02   5.8506915E-04   8.2702597E-03
   5.6521739E-01   5.3741017E+04   1.6631349E+04   7.0372366E+04   6.0817328E-03   2.7284521E-03   5.1147382E-03
   5.7971014E-01   4.8570921E+04   1.6499716E+04   6.5070638E+04   7.3441054E-03   2.0667191E-03   5.2745647E-03
   5.9420290E-01   4.6924230E+04   1.4378516E+04   6.1302746E+04   8.8799602E-03   4.9075172E-03   7.7114535E-03
   6.0869565E-01   4.4941002E+04   1.3567095E+04   5.8508097E+04   4.2707513E-03   3.9593849E-03   4.1436055E-03
   6.2318841E-01   4.3561048E+04   1.3744991E+04   5.7306039E+04   1.2201624E-02   4.2892089E-03   1.0009128E-02
   6.3768116E-01   4.2553803E+04   1.2829860E+04   5.5383663E+04   9.1446925E-03   1.7258351E-03   6.6456834E-03
   6.5217391E-01   3.9301276E+04   1.1197664E+04   5.0498940E+04   1.1886571E-02   1.2321047E-03   9.3226482E-03
   6.6666667E-01   3.8298648E+04   1.1184852E+04   4.9483500E+04   1.3745221E-02   2.9146781E-03   1.0049288E-02
   6.8115942E-01   3.5226695E+04   1.1091975E+04   4.6318670E+04   3.2314639E-03   5.6684993E-03   3.6236672E-03
   6.9565217E-01   3.4429661E+04   1.0008439E+04   4.4438099E+04   1.2888558E-02   2.6046293E-03   1.0047831E-02
   7.1014493E-01   3.2381645E+04   9.3557284E+03   4.1737374E+04   1.2123285E-02   1.7486434E-03   9.0888482E-03
   7.2463768E-01   3.1643084E+04   9.3959349E+03   4.1039019E+04   1.3908842E-02   2.5701984E-03   1.0479135E-02
   7.3913043E-01   3.0205464E+04   7.5773668E+03   3.7782831E+04   1.5197522E-02   2.4940766E-03   1.2641326E-02
   7.5362319E-01   2.7220233E+04   7.8688040E+03   3.5089037E+04   1.0518593E-02   6.7250070E-03   8.5214140E-03
   7.6811594E-01   2.5977501E+04   7.4058038E+03   3.3383305E+04   7.9201642E-03   4.1505186E-03   6.7971180E-03
   7.8260870E-01   2.5566597E+04   7.0301126E+03   3.2596710E+04   1.4382516E-02   4.8970806E-03   1.2062930E-02
   7.9710145E-01   2.2676992E+04   6.6129747E+03   2.9289967E+04   1.4637068E-02   3.6851770E-03   1.2163743E-02
   8.1159420E-01   2.2136736E+04   5.9536454E+03   2.8090381E+04   1.0751238E-02   5.5244664E-03   9.3771762E-03
   8.2608696E-01   2.0831112E+04   5.7029656E+03   2.6534078E+04   1.9695625E-02   7.2082797E-03   1.6743427E-02
   8.4057971E-01   1.9400672E+04   5.3041568E+03   2.4704829E+04   2.0920416E-02   2.4415313E-03   1.6700542E-02
   8.5507246E-01   1.6901381E+04   4.9317099E+03   2.1833091E+04   1.6328266E-02   2.1563084E-03   1.2390017E-02
   8.6956522E-01   1.5243136E+04   4.8368858E+03   2.0080022E+04   1.9927442E-02   4.3236854E-03   1.6128388E-02
   8.8405797E-01   1.4471528E+04   4.1861846E+03   1.8657713E+04   2.6682927E-02   3.6420576E-03   2.0820817E-02
   8.9855072E-01   1.3443715E+04   3.5442522E+03   1.6987968E+04   1.8081745E-02   6.0034613E-04   1.4192753E-02
   9.1304348E-01   1.1317940E+04   3.5361045E+03   1.4854045E+04   2.8457888E-02   2.4880905E-03   2.1805551E-02
   9.2753623E-01   9.8150580E+03   3.0664656E+03   1.2881524E+04   2.8105004E-02   3.1694901E-03   2.1977028E-02
   9.4202899E-01   9.1511276E+03   2.4947023E+03   1.1645830E+04   2.6350072E-02   9.9304445E-03   2.2734647E-02
   9.5652174E-01   7.4281157E+03   1.9976694E+03   9.4257851E+03   2.9719764E-02   1.1201236E-02   2.3905426E-02
   9.7101449E-01   5.6660609E+03   1.6398779E+03   7.3059388E+03   4.1391876E-02   9.3927725E-03   3.4118184E-02
   9.8550725E-01   2.7077943E+03   7.4659350E+02   3.4543878E+03   5.5657329E-02   6.8724721E-03   4.2160913E-02
   1.0000000E+00   4.3768184E+01   0.0000000E+00   4.3768184E+01   1.7361671E-01   0.0000000E+00   1.7361671E-01
