   0.0000000E+00   3.9450803E+07   1.9191955E+07   5.8642757E+07   2.0856803E-03   4.0413524E-03   1.4322695E-03
   1.4492754E-02   4.0923843E+07   2.0582402E+07   6.1505487E+07   1.6099176E-03   1.1349891E-03   1.2625529E-03
   2.8985507E-02   4.1690293E+07   2.0894210E+07   6.2584125E+07   3.7715300E-04   6.2846520E-04   1.3680527E-04
   4.3478261E-02   3.6371866E+07   1.8334197E+07   5.4705305E+07   3.8023311E-04   8.8876227E-04   5.0648702E-04
   5.7971014E-02   2.5374139E+07   1.2782450E+07   3.8156020E+07   8.6899644E-04   1.6231718E-03   1.1038328E-03
   7.2463768E-02   1.4156643E+07   7.1480332E+06   2.1304525E+07   1.0599999E-03   5.9730344E-04   8.9760279E-04
   8.6956522E-02   8.0042252E+06   4.0547753E+06   1.2059000E+07   1.5271249E-03   7.7945162E-04   1.2583874E-03
   1.0144928E-01   4.5066931E+06   2.2572976E+06   6.7638824E+06   4.5559427E-03   5.9104608E-03   4.8474191E-03
   1.1594203E-01   1.6054546E+06   8.1115712E+05   2.4166117E+06   1.6906350E-02   1.3849060E-02   1.5875994E-02
   1.3043478E-01   3.6539747E+04   1.5323120E+04   5.1862866E+04   8.1757854E-02   6.5259990E-02   7.6882524E-02
   1.4492754E-01   1.3715034E+04   7.6531405E+03   2.1368174E+04   8.6770422E-02   7.7921141E-02   8.3354769E-02
   1.5942029E-01   1.0332773E+04   4.9597310E+03   1.5292504E+04   1.4137173E-01   1.3145519E-01   1.3812588E-01
   1.7391304E-01   7.1353538E+03   3.0309467E+03   1.0166301E+04   1.1986344E-01   1.7123361E-01   1.3465144E-01
   1.8840580E-01   5.1875819E+03   2.1566352E+03   7.3442171E+03   1.4459777E-01   2.0935667E-01   1.6319724E-01
   2.0289855E-01   2.8144505E+03   1.8402177E+03   4.6546682E+03   1.7499270E-01   1.5524633E-01   1.6714712E-01
   2.1739130E-01   2.4247574E+03   8.5876824E+02   3.2835256E+03   1.1516218E-01   1.0328863E-01   1.1056270E-01
   2.3188406E-01   9.9452940E+02   8.5245377E+02   1.8469832E+03   2.4725976E-01   2.0424811E-01   2.2740253E-01
   2.4637681E-01   8.9145492E+02   6.6859119E+02   1.5600461E+03   1.2716775E-01   1.5378589E-01   1.3606039E-01
   2.6086957E-01   1.0103156E+03   3.7886834E+02   1.3891839E+03   1.5932747E-01   1.8370157E-01   1.6574975E-01
   2.7536232E-01   7.9761756E+02   4.7857054E+02   1.2761881E+03   2.0593076E-01   1.9215913E-01   2.0037278E-01
   2.8985507E-01   4.9252884E+02   3.7886834E+02   8.7139719E+02   1.6550076E-01   1.5894110E-01   1.6206908E-01
   3.0434783E-01   3.6082699E+02   1.8041350E+02   5.4124049E+02   2.0726157E-01   1.6099709E-01   1.9037874E-01
   3.1884058E-01   2.4109804E+02   1.3777031E+02   3.7886834E+02   2.3837205E-01   2.6066905E-01   2.4636623E-01
   3.3333333E-01   3.2945073E+02   1.9767044E+02   5.2712117E+02   1.2838102E-01   1.9920950E-01   1.5358198E-01
   3.4782609E-01   2.5257889E+02   1.5786181E+02   4.1044070E+02   2.5165457E-01   1.3285155E-01   2.0340467E-01
   3.6231884E-01   1.2123787E+02   9.0928402E+01   2.1216627E+02   1.2285450E-01   9.8438086E-02   1.1235216E-01
   3.7681159E-01   1.4571859E+02   5.8287437E+01   2.0400603E+02   2.6247695E-01   3.0710086E-01   2.6967906E-01
   3.9130435E-01   1.4032161E+02   1.1225729E+02   2.5257889E+02   1.5017171E-01   1.8708266E-01   1.6308335E-01
   4.0579710E-01   2.1649620E+02   5.4124049E+01   2.7062024E+02   2.5208460E-01   3.8430359E-01   2.7749277E-01
   4.2028986E-01   1.0451540E+02   2.6128851E+01   1.3064426E+02   1.0818374E-01   6.4895736E-05   8.6534632E-02
   4.3478261E-01   1.0103156E+02   5.0515779E+01   1.5154734E+02   3.1001973E-01   2.1424698E-01   2.7789915E-01
   4.4927536E-01   7.3329357E+01   4.8886238E+01   1.2221559E+02   1.2802386E-01   1.5956993E-01   1.3336378E-01
   4.6376812E-01   0.0000000E+00   0.0000000E+00   0.0000000E+00   0.0000000E+00   0.0000000E+00   0.0000000E+00
   4.7826087E-01   0.0000000E+00   9.1846871E+01   9.1846871E+01   0.0000000E+00   2.9974367E-01   2.9974367E-01
   4.9275362E-01   6.6859119E+01   0.0000000E+00   6.6859119E+01   2.6994266E-01   0.0000000E+00   2.6994266E-01
   5.0724638E-01   1.0824810E+02   2.1649620E+01   1.2989772E+02   3.5117333E-01   1.6376584E-05   2.9264172E-01
   5.2173913E-01   6.3144724E+01   0.0000000E+00   6.3144724E+01   9.5009128E-02   0.0000000E+00   9.5009128E-02
   5.3623188E-01   2.0479370E+01   0.0000000E+00   2.0479370E+01   4.1425500E-01   0.0000000E+00   4.1425500E-01
   5.5072464E-01   9.9702195E+01   3.9880878E+01   1.3958307E+02   2.3261133E-01   1.7851650E-01   2.1365571E-01
   5.6521739E-01   3.8858291E+01   0.0000000E+00   3.8858291E+01   1.5339967E-01   0.0000000E+00   1.5339967E-01
   5.7971014E-01   0.0000000E+00   0.0000000E+00   0.0000000E+00   0.0000000E+00   0.0000000E+00   0.0000000E+00
   5.9420290E-01   1.8481383E+01   1.8481383E+01   3.6962765E+01   4.6091653E-05   1.7602027E-05   1.5902591E-05
   6.0869565E-01   3.6082699E+01   0.0000000E+00   3.6082699E+01   1.8932412E-01   0.0000000E+00   1.8932412E-01
   6.2318841E-01   1.7621783E+01   0.0000000E+00   1.7621783E+01   2.0633625E-06   0.0000000E+00   2.0633625E-06
   6.3768116E-01   1.7221288E+01   1.7221288E+01   3.4442577E+01   8.7086795E-06   3.1127705E-06   2.8298497E-06
   6.5217391E-01   3.3677186E+01   0.0000000E+00   3.3677186E+01   1.6179021E-05   0.0000000E+00   1.6179021E-05
   6.6666667E-01   0.0000000E+00   0.0000000E+00   0.0000000E+00   0.0000000E+00   0.0000000E+00   0.0000000E+00
   6.8115942E-01   1.6122057E+01   0.0000000E+00   1.6122057E+01   1.4396114E-05   0.0000000E+00   1.4396114E-05
   6.9565217E-01   4.7358543E+01   0.0000000E+00   4.7358543E+01   1.1473786E-04   0.0000000E+00   1.1473786E-04
   7.1014493E-01   0.0000000E+00   0.0000000E+00   0.0000000E+00   0.0000000E+00   0.0000000E+00   0.0000000E+00
   7.2463768E-01   1.5154734E+01   1.5154734E+01   3.0309467E+01   2.1169258E-05   4.2657357E-06   8.4692385E-06
   7.3913043E-01   0.0000000E+00   0.0000000E+00   0.0000000E+00   0.0000000E+00   0.0000000E+00   0.0000000E+00
   7.5362319E-01   1.4571859E+01   1.4571859E+01   2.9143719E+01   3.6339025E-01   1.4886966E-05   1.8170257E-01
   7.6811594E-01   0.0000000E+00   1.4296919E+01   1.4296919E+01   0.0000000E+00   1.1028364E-05   1.1028364E-05
   7.8260870E-01   0.0000000E+00   0.0000000E+00   0.0000000E+00   0.0000000E+00   0.0000000E+00   0.0000000E+00
   7.9710145E-01   0.0000000E+00   1.3777031E+01   1.3777031E+01   0.0000000E+00   4.7864527E-01   4.7864527E-01
   8.1159420E-01   0.0000000E+00   0.0000000E+00   0.0000000E+00   0.0000000E+00   0.0000000E+00   0.0000000E+00
   8.2608696E-01   1.3293626E+01   0.0000000E+00   1.3293626E+01   4.3637999E-01   0.0000000E+00   4.3637999E-01
   8.4057971E-01   2.6128851E+01   0.0000000E+00   2.6128851E+01   1.6024107E-01   0.0000000E+00   1.6024107E-01
   8.5507246E-01   0.0000000E+00   0.0000000E+00   0.0000000E+00   0.0000000E+00   0.0000000E+00   0.0000000E+00
   8.6956522E-01   0.0000000E+00   1.2628945E+01   1.2628945E+01   0.0000000E+00   3.9113499E-01   3.9113499E-01
   8.8405797E-01   0.0000000E+00   0.0000000E+00   0.0000000E+00   0.0000000E+00   0.0000000E+00   0.0000000E+00
   8.9855072E-01   1.2221559E+01   0.0000000E+00   1.2221559E+01   5.4207664E-05   0.0000000E+00   5.4207664E-05
   9.1304348E-01   0.0000000E+00   1.2027566E+01   1.2027566E+01   0.0000000E+00   3.9623983E-01   3.9623983E-01
   9.2753623E-01   0.0000000E+00   0.0000000E+00   0.0000000E+00   0.0000000E+00   0.0000000E+00   0.0000000E+00
   9.4202899E-01   0.0000000E+00   0.0000000E+00   0.0000000E+00   0.0000000E+00   0.0000000E+00   0.0000000E+00
   9.5652174E-01   0.0000000E+00   0.0000000E+00   0.0000000E+00   0.0000000E+00   0.0000000E+00   0.0000000E+00
   9.7101449E-01   0.0000000E+00   0.0000000E+00   0.0000000E+00   0.0000000E+00   0.0000000E+00   0.0000000E+00
   9.8550725E-01   0.0000000E+00   0.0000000E+00   0.0000000E+00   0.0000000E+00   0.0000000E+00   0.0000000E+00
   1.0000000E+00   0.0000000E+00   0.0000000E+00   0.0000000E+00   0.0000000E+00   0.0000000E+00   0.0000000E+00
