   0.0000000E+00   4.0614686E+05   2.9703278E+05   7.0317964E+05   1.1233931E-02   1.7678261E-02   1.3607207E-02
   1.4492754E-02   5.3723531E+05   3.3567735E+05   8.7291266E+05   4.7986033E-03   4.8842897E-03   2.0070251E-03
   2.8985507E-02   4.5274767E+05   2.8415126E+05   7.3689893E+05   7.0141456E-03   3.7837979E-03   3.0702864E-03
   4.3478261E-02   3.6649198E+05   1.9776927E+05   5.6426125E+05   6.1567019E-03   6.3051773E-03   2.0905401E-03
   5.7971014E-02   2.5081084E+05   1.2938354E+05   3.8019438E+05   8.5851720E-03   3.5315028E-03   6.7834872E-03
   7.2463768E-02   1.3002761E+05   5.6375609E+04   1.8640322E+05   1.6739014E-02   3.8384711E-03   1.2833932E-02
   8.6956522E-02   7.4384484E+04   2.0332601E+04   9.4717086E+04   2.7407931E-02   1.3993704E-02   2.4400648E-02
   1.0144928E-01   3.4206399E+04   1.1474298E+04   4.5680697E+04   3.9176573E-02   2.6302351E-02   3.5937001E-02
   1.1594203E-01   9.4717086E+03   2.0837759E+03   1.1555484E+04   1.5424276E-02   3.5360177E-02   8.0236101E-03
   1.3043478E-01   8.4192965E+01   0.0000000E+00   8.4192965E+01   8.1738889E-06   0.0000000E+00   8.1738889E-06
   1.4492754E-01   2.2732101E+02   7.5773668E+01   3.0309467E+02   3.7890526E-05   1.1878677E-06   2.8583493E-05
   1.5942029E-01   0.0000000E+00   0.0000000E+00   0.0000000E+00   0.0000000E+00   0.0000000E+00   0.0000000E+00
   1.7391304E-01   0.0000000E+00   6.3144724E+01   6.3144724E+01   0.0000000E+00   1.2993343E-06   1.2993343E-06
   1.8840580E-01   0.0000000E+00   0.0000000E+00   0.0000000E+00   0.0000000E+00   0.0000000E+00   0.0000000E+00
   2.0289855E-01   5.4124049E+01   0.0000000E+00   5.4124049E+01   1.8639129E-06   0.0000000E+00   1.8639129E-06
   2.1739130E-01   5.0515779E+01   0.0000000E+00   5.0515779E+01   7.0901209E-06   0.0000000E+00   7.0901209E-06
   2.3188406E-01   1.4207563E+02   0.0000000E+00   1.4207563E+02   1.6777721E-01   0.0000000E+00   1.6777721E-01
   2.4637681E-01   0.0000000E+00   0.0000000E+00   0.0000000E+00   0.0000000E+00   0.0000000E+00   0.0000000E+00
   2.6086957E-01   8.4192965E+01   0.0000000E+00   8.4192965E+01   2.8892604E-06   0.0000000E+00   2.8892604E-06
   2.7536232E-01   3.9880878E+01   0.0000000E+00   3.9880878E+01   6.7418940E-06   0.0000000E+00   6.7418940E-06
   2.8985507E-01   3.7886834E+01   0.0000000E+00   3.7886834E+01   1.4284528E-06   0.0000000E+00   1.4284528E-06
   3.0434783E-01   3.6082699E+01   0.0000000E+00   3.6082699E+01   1.2951810E-07   0.0000000E+00   1.2951810E-07
   3.1884058E-01   0.0000000E+00   0.0000000E+00   0.0000000E+00   0.0000000E+00   0.0000000E+00   0.0000000E+00
   3.3333333E-01   3.2945073E+01   0.0000000E+00   3.2945073E+01   1.9469886E-01   0.0000000E+00   1.9469886E-01
   3.4782609E-01   3.1572362E+01   0.0000000E+00   3.1572362E+01   1.2298246E-04   0.0000000E+00   1.2298246E-04
   3.6231884E-01   3.0309467E+01   0.0000000E+00   3.0309467E+01   3.3114681E-06   0.0000000E+00   3.3114681E-06
   3.7681159E-01   0.0000000E+00   0.0000000E+00   0.0000000E+00   0.0000000E+00   0.0000000E+00   0.0000000E+00
   3.9130435E-01   2.8064322E+01   0.0000000E+00   2.8064322E+01   3.2815060E-06   0.0000000E+00   3.2815060E-06
   4.0579710E-01   0.0000000E+00   0.0000000E+00   0.0000000E+00   0.0000000E+00   0.0000000E+00   0.0000000E+00
   4.2028986E-01   0.0000000E+00   0.0000000E+00   0.0000000E+00   0.0000000E+00   0.0000000E+00   0.0000000E+00
   4.3478261E-01   0.0000000E+00   0.0000000E+00   0.0000000E+00   0.0000000E+00   0.0000000E+00   0.0000000E+00
   4.4927536E-01   2.4443119E+01   0.0000000E+00   2.4443119E+01   4.2949129E-06   0.0000000E+00   4.2949129E-06
   4.6376812E-01   0.0000000E+00   0.0000000E+00   0.0000000E+00   0.0000000E+00   0.0000000E+00   0.0000000E+00
   4.7826087E-01   0.0000000E+00   0.0000000E+00   0.0000000E+00   0.0000000E+00   0.0000000E+00   0.0000000E+00
   4.9275362E-01   0.0000000E+00   0.0000000E+00   0.0000000E+00   0.0000000E+00   0.0000000E+00   0.0000000E+00
   5.0724638E-01   0.0000000E+00   0.0000000E+00   0.0000000E+00   0.0000000E+00   0.0000000E+00   0.0000000E+00
   5.2173913E-01   0.0000000E+00   0.0000000E+00   0.0000000E+00   0.0000000E+00   0.0000000E+00   0.0000000E+00
   5.3623188E-01   0.0000000E+00   0.0000000E+00   0.0000000E+00   0.0000000E+00   0.0000000E+00   0.0000000E+00
   5.5072464E-01   0.0000000E+00   0.0000000E+00   0.0000000E+00   0.0000000E+00   0.0000000E+00   0.0000000E+00
   5.6521739E-01   0.0000000E+00   0.0000000E+00   0.0000000E+00   0.0000000E+00   0.0000000E+00   0.0000000E+00
   5.7971014E-01   0.0000000E+00   0.0000000E+00   0.0000000E+00   0.0000000E+00   0.0000000E+00   0.0000000E+00
   5.9420290E-01   0.0000000E+00   0.0000000E+00   0.0000000E+00   0.0000000E+00   0.0000000E+00   0.0000000E+00
   6.0869565E-01   0.0000000E+00   0.0000000E+00   0.0000000E+00   0.0000000E+00   0.0000000E+00   0.0000000E+00
   6.2318841E-01   0.0000000E+00   0.0000000E+00   0.0000000E+00   0.0000000E+00   0.0000000E+00   0.0000000E+00
   6.3768116E-01   0.0000000E+00   0.0000000E+00   0.0000000E+00   0.0000000E+00   0.0000000E+00   0.0000000E+00
   6.5217391E-01   0.0000000E+00   0.0000000E+00   0.0000000E+00   0.0000000E+00   0.0000000E+00   0.0000000E+00
   6.6666667E-01   0.0000000E+00   0.0000000E+00   0.0000000E+00   0.0000000E+00   0.0000000E+00   0.0000000E+00
   6.8115942E-01   0.0000000E+00   0.0000000E+00   0.0000000E+00   0.0000000E+00   0.0000000E+00   0.0000000E+00
   6.9565217E-01   0.0000000E+00   0.0000000E+00   0.0000000E+00   0.0000000E+00   0.0000000E+00   0.0000000E+00
   7.1014493E-01   0.0000000E+00   0.0000000E+00   0.0000000E+00   0.0000000E+00   0.0000000E+00   0.0000000E+00
   7.2463768E-01   0.0000000E+00   0.0000000E+00   0.0000000E+00   0.0000000E+00   0.0000000E+00   0.0000000E+00
   7.3913043E-01   0.0000000E+00   0.0000000E+00   0.0000000E+00   0.0000000E+00   0.0000000E+00   0.0000000E+00
   7.5362319E-01   0.0000000E+00   0.0000000E+00   0.0000000E+00   0.0000000E+00   0.0000000E+00   0.0000000E+00
   7.6811594E-01   0.0000000E+00   0.0000000E+00   0.0000000E+00   0.0000000E+00   0.0000000E+00   0.0000000E+00
   7.8260870E-01   0.0000000E+00   0.0000000E+00   0.0000000E+00   0.0000000E+00   0.0000000E+00   0.0000000E+00
   7.9710145E-01   0.0000000E+00   0.0000000E+00   0.0000000E+00   0.0000000E+00   0.0000000E+00   0.0000000E+00
   8.1159420E-01   0.0000000E+00   0.0000000E+00   0.0000000E+00   0.0000000E+00   0.0000000E+00   0.0000000E+00
   8.2608696E-01   0.0000000E+00   0.0000000E+00   0.0000000E+00   0.0000000E+00   0.0000000E+00   0.0000000E+00
   8.4057971E-01   1.3064426E+01   0.0000000E+00   1.3064426E+01   2.8849915E-01   0.0000000E+00   2.8849915E-01
   8.5507246E-01   0.0000000E+00   0.0000000E+00   0.0000000E+00   0.0000000E+00   0.0000000E+00   0.0000000E+00
   8.6956522E-01   0.0000000E+00   0.0000000E+00   0.0000000E+00   0.0000000E+00   0.0000000E+00   0.0000000E+00
   8.8405797E-01   0.0000000E+00   0.0000000E+00   0.0000000E+00   0.0000000E+00   0.0000000E+00   0.0000000E+00
   8.9855072E-01   0.0000000E+00   0.0000000E+00   0.0000000E+00   0.0000000E+00   0.0000000E+00   0.0000000E+00
   9.1304348E-01   0.0000000E+00   0.0000000E+00   0.0000000E+00   0.0000000E+00   0.0000000E+00   0.0000000E+00
   9.2753623E-01   0.0000000E+00   0.0000000E+00   0.0000000E+00   0.0000000E+00   0.0000000E+00   0.0000000E+00
   9.4202899E-01   0.0000000E+00   0.0000000E+00   0.0000000E+00   0.0000000E+00   0.0000000E+00   0.0000000E+00
   9.5652174E-01   0.0000000E+00   0.0000000E+00   0.0000000E+00   0.0000000E+00   0.0000000E+00   0.0000000E+00
   9.7101449E-01   0.0000000E+00   0.0000000E+00   0.0000000E+00   0.0000000E+00   0.0000000E+00   0.0000000E+00
   9.8550725E-01   0.0000000E+00   0.0000000E+00   0.0000000E+00   0.0000000E+00   0.0000000E+00   0.0000000E+00
   1.0000000E+00   0.0000000E+00   0.0000000E+00   0.0000000E+00   0.0000000E+00   0.0000000E+00   0.0000000E+00
