   0.0000000E+00   3.1521846E+05   1.0911408E+05   4.2433254E+05   0.0000000E+00   0.0000000E+00   0.0000000E+00
   1.4492754E-02   3.0385241E+05   1.3715034E+05   4.4100275E+05   0.0000000E+00   0.0000000E+00   0.0000000E+00
   2.8985507E-02   2.7657389E+05   1.4510657E+05   4.2168046E+05   0.0000000E+00   0.0000000E+00   0.0000000E+00
   4.3478261E-02   2.9349668E+05   1.4447513E+05   4.3797180E+05   0.0000000E+00   0.0000000E+00   0.0000000E+00
   5.7971014E-02   2.9116032E+05   1.4415940E+05   4.3531972E+05   0.0000000E+00   0.0000000E+00   0.0000000E+00
   7.2463768E-02   2.9991218E+05   1.5215353E+05   4.5206571E+05   0.0000000E+00   0.0000000E+00   0.0000000E+00
   8.6956522E-02   3.1004059E+05   1.4624318E+05   4.5628377E+05   0.0000000E+00   0.0000000E+00   0.0000000E+00
   1.0144928E-01   3.1543496E+05   1.5414529E+05   4.6958025E+05   0.0000000E+00   0.0000000E+00   0.0000000E+00
   1.1594203E-01   3.0593619E+05   1.5921942E+05   4.6515561E+05   0.0000000E+00   0.0000000E+00   0.0000000E+00
   1.3043478E-01   3.0738851E+05   1.5811439E+05   4.6550290E+05   0.0000000E+00   0.0000000E+00   0.0000000E+00
   1.4492754E-01   3.0953544E+05   1.6086750E+05   4.7040293E+05   0.0000000E+00   0.0000000E+00   0.0000000E+00
   1.5942029E-01   3.1356522E+05   1.6126014E+05   4.7475648E+05   0.0000000E+00   0.0000000E+00   0.0000000E+00
   1.7391304E-01   3.1989117E+05   1.6310282E+05   4.8299399E+05   0.0000000E+00   0.0000000E+00   0.0000000E+00
   1.8840580E-01   3.1749167E+05   1.6297167E+05   4.8040506E+05   0.0000000E+00   0.0000000E+00   0.0000000E+00
   2.0289855E-01   3.2404068E+05   1.6881291E+05   4.9285359E+05   0.0000000E+00   0.0000000E+00   0.0000000E+00
   2.1739130E-01   3.3163609E+05   1.6533814E+05   4.9697423E+05   0.0000000E+00   0.0000000E+00   0.0000000E+00
   2.3188406E-01   3.3354622E+05   1.6930679E+05   5.0285301E+05   0.0000000E+00   0.0000000E+00   0.0000000E+00
   2.4637681E-01   3.3763855E+05   1.7690923E+05   5.1454778E+05   0.0000000E+00   0.0000000E+00   0.0000000E+00
   2.6086957E-01   3.5121095E+05   1.7491088E+05   5.2612184E+05   0.0000000E+00   0.0000000E+00   0.0000000E+00
   2.7536232E-01   3.4632555E+05   1.7499729E+05   5.2128296E+05   0.0000000E+00   0.0000000E+00   0.0000000E+00
   2.8985507E-01   3.5329473E+05   1.7450676E+05   5.2780149E+05   0.0000000E+00   0.0000000E+00   0.0000000E+00
   3.0434783E-01   3.5213106E+05   1.7579491E+05   5.2792597E+05   0.0000000E+00   0.0000000E+00   0.0000000E+00
   3.1884058E-01   3.5007435E+05   1.7434832E+05   5.2442267E+05   0.0000000E+00   0.0000000E+00   0.0000000E+00
   3.3333333E-01   3.4803175E+05   1.7826579E+05   5.2623165E+05   0.0000000E+00   0.0000000E+00   0.0000000E+00
   3.4782609E-01   3.4824315E+05   1.7933102E+05   5.2754259E+05   0.0000000E+00   0.0000000E+00   0.0000000E+00
   3.6231884E-01   3.6141009E+05   1.7888648E+05   5.4029657E+05   0.0000000E+00   0.0000000E+00   0.0000000E+00
   3.7681159E-01   3.5890489E+05   1.7940873E+05   5.3828448E+05   0.0000000E+00   0.0000000E+00   0.0000000E+00
   3.9130435E-01   3.6003718E+05   1.8090262E+05   5.4091174E+05   0.0000000E+00   0.0000000E+00   0.0000000E+00
   4.0579710E-01   3.6011436E+05   1.7990834E+05   5.3996857E+05   0.0000000E+00   0.0000000E+00   0.0000000E+00
   4.2028986E-01   3.5979428E+05   1.8611581E+05   5.4583170E+05   0.0000000E+00   0.0000000E+00   0.0000000E+00
   4.3478261E-01   3.5666666E+05   1.8188206E+05   5.3854872E+05   0.0000000E+00   0.0000000E+00   0.0000000E+00
   4.4927536E-01   3.5584292E+05   1.7728594E+05   5.3305554E+05   0.0000000E+00   0.0000000E+00   0.0000000E+00
   4.6376812E-01   3.5329473E+05   1.8062548E+05   5.3384917E+05   0.0000000E+00   0.0000000E+00   0.0000000E+00
   4.7826087E-01   3.5257718E+05   1.7747112E+05   5.3000237E+05   0.0000000E+00   0.0000000E+00   0.0000000E+00
   4.9275362E-01   3.4996292E+05   1.7813498E+05   5.2803104E+05   0.0000000E+00   0.0000000E+00   0.0000000E+00
   5.0724638E-01   3.4732485E+05   1.7425779E+05   5.2147439E+05   0.0000000E+00   0.0000000E+00   0.0000000E+00
   5.2173913E-01   3.4363359E+05   1.7297445E+05   5.1656594E+05   0.0000000E+00   0.0000000E+00   0.0000000E+00
   5.3623188E-01   3.3938412E+05   1.6725501E+05   5.0659817E+05   0.0000000E+00   0.0000000E+00   0.0000000E+00
   5.5072464E-01   3.2776100E+05   1.6755951E+05   4.9528063E+05   0.0000000E+00   0.0000000E+00   0.0000000E+00
   5.6521739E-01   3.1908486E+05   1.5677378E+05   4.7583921E+05   0.0000000E+00   0.0000000E+00   0.0000000E+00
   5.7971014E-01   3.1400608E+05   1.5836697E+05   4.7231622E+05   0.0000000E+00   0.0000000E+00   0.0000000E+00
   5.9420290E-01   3.0793680E+05   1.5219419E+05   4.6013098E+05   0.0000000E+00   0.0000000E+00   0.0000000E+00
   6.0869565E-01   2.9661783E+05   1.4772257E+05   4.4430432E+05   0.0000000E+00   0.0000000E+00   0.0000000E+00
   6.2318841E-01   2.8383406E+05   1.4185536E+05   4.2567180E+05   0.0000000E+00   0.0000000E+00   0.0000000E+00
   6.3768116E-01   2.7783104E+05   1.3856249E+05   4.1639353E+05   0.0000000E+00   0.0000000E+00   0.0000000E+00
   6.5217391E-01   2.6670647E+05   1.3001078E+05   3.9668357E+05   0.0000000E+00   0.0000000E+00   0.0000000E+00
   6.6666667E-01   2.5198039E+05   1.2329694E+05   3.7524438E+05   0.0000000E+00   0.0000000E+00   0.0000000E+00
   6.8115942E-01   2.4254023E+05   1.2125399E+05   3.6371361E+05   0.0000000E+00   0.0000000E+00   0.0000000E+00
   6.9565217E-01   2.3117283E+05   1.1503390E+05   3.4619095E+05   0.0000000E+00   0.0000000E+00   0.0000000E+00
   7.1014493E-01   2.1739311E+05   1.1004192E+05   3.2741957E+05   0.0000000E+00   0.0000000E+00   0.0000000E+00
   7.2463768E-01   2.1242390E+05   1.0603767E+05   3.1844642E+05   0.0000000E+00   0.0000000E+00   0.0000000E+00
   7.3913043E-01   2.0053278E+05   1.0216073E+05   3.0266380E+05   0.0000000E+00   0.0000000E+00   0.0000000E+00
   7.5362319E-01   1.8672381E+05   9.5241672E+04   2.8195091E+05   0.0000000E+00   0.0000000E+00   0.0000000E+00
   7.6811594E-01   1.7269248E+05   8.6696514E+04   2.5934610E+05   0.0000000E+00   0.0000000E+00   0.0000000E+00
   7.8260870E-01   1.6357290E+05   8.3182649E+04   2.4675555E+05   0.0000000E+00   0.0000000E+00   0.0000000E+00
   7.9710145E-01   1.5215353E+05   7.6062986E+04   2.2820274E+05   0.0000000E+00   0.0000000E+00   0.0000000E+00
   8.1159420E-01   1.3978889E+05   7.0117705E+04   2.0990659E+05   0.0000000E+00   0.0000000E+00   0.0000000E+00
   8.2608696E-01   1.2862913E+05   6.5537576E+04   1.9415341E+05   0.0000000E+00   0.0000000E+00   0.0000000E+00
   8.4057971E-01   1.2038868E+05   5.9874262E+04   1.8026294E+05   0.0000000E+00   0.0000000E+00   0.0000000E+00
   8.5507246E-01   1.0872879E+05   5.5623010E+04   1.6432612E+05   0.0000000E+00   0.0000000E+00   0.0000000E+00
   8.6956522E-01   9.8960411E+04   4.9429690E+04   1.4839010E+05   0.0000000E+00   0.0000000E+00   0.0000000E+00
   8.8405797E-01   8.9549570E+04   4.3079194E+04   1.3262876E+05   0.0000000E+00   0.0000000E+00   0.0000000E+00
   8.9855072E-01   7.8657956E+04   4.0025607E+04   1.1867134E+05   0.0000000E+00   0.0000000E+00   0.0000000E+00
   9.1304348E-01   6.8821735E+04   3.4627364E+04   1.0344910E+05   0.0000000E+00   0.0000000E+00   0.0000000E+00
   9.2753623E-01   5.9494169E+04   3.0214750E+04   8.9708920E+04   0.0000000E+00   0.0000000E+00   0.0000000E+00
   9.4202899E-01   4.9206255E+04   2.4002767E+04   7.3209021E+04   0.0000000E+00   0.0000000E+00   0.0000000E+00
   9.5652174E-01   3.8954554E+04   1.8633434E+04   5.7587988E+04   0.0000000E+00   0.0000000E+00   0.0000000E+00
   9.7101449E-01   2.6984474E+04   1.3989855E+04   4.0974328E+04   0.0000000E+00   0.0000000E+00   0.0000000E+00
   9.8550725E-01   9.1262698E+03   4.6801383E+03   1.3806408E+04   0.0000000E+00   0.0000000E+00   0.0000000E+00
   1.0000000E+00   0.0000000E+00   0.0000000E+00   0.0000000E+00   0.0000000E+00   0.0000000E+00   0.0000000E+00
