   0.0000000E+00   2.6672331E+05   1.6973302E+05   4.3645633E+05   0.0000000E+00   0.0000000E+00   0.0000000E+00
   1.4492754E-02   3.0233694E+05   1.6139791E+05   4.6373485E+05   0.0000000E+00   0.0000000E+00   0.0000000E+00
   2.8985507E-02   2.7581615E+05   1.4434884E+05   4.2016499E+05   0.0000000E+00   0.0000000E+00   0.0000000E+00
   4.3478261E-02   2.9198120E+05   1.4295965E+05   4.3494086E+05   0.0000000E+00   0.0000000E+00   0.0000000E+00
   5.7971014E-02   2.9608561E+05   1.4927413E+05   4.4535974E+05   0.0000000E+00   0.0000000E+00   0.0000000E+00
   7.2463768E-02   2.9475957E+05   1.4851639E+05   4.4327596E+05   0.0000000E+00   0.0000000E+00   0.0000000E+00
   8.6956522E-02   3.0208436E+05   1.5154734E+05   4.5363169E+05   0.0000000E+00   0.0000000E+00   0.0000000E+00
   1.0144928E-01   3.0255343E+05   1.5533602E+05   4.5778121E+05   0.0000000E+00   0.0000000E+00   0.0000000E+00
   1.1594203E-01   3.0025316E+05   1.5524130E+05   4.5549446E+05   0.0000000E+00   0.0000000E+00   0.0000000E+00
   1.3043478E-01   3.0974592E+05   1.5626214E+05   4.6600806E+05   0.0000000E+00   0.0000000E+00   0.0000000E+00
   1.4492754E-01   3.1385453E+05   1.5457828E+05   4.6843282E+05   0.0000000E+00   0.0000000E+00   0.0000000E+00
   1.5942029E-01   3.1060316E+05   1.6408443E+05   4.7468759E+05   0.0000000E+00   0.0000000E+00   0.0000000E+00
   1.7391304E-01   3.1427129E+05   1.6543918E+05   4.7971047E+05   0.0000000E+00   0.0000000E+00   0.0000000E+00
   1.8840580E-01   3.2670109E+05   1.5924128E+05   4.8594236E+05   0.0000000E+00   0.0000000E+00   0.0000000E+00
   2.0289855E-01   3.3280878E+05   1.6497010E+05   4.9777888E+05   0.0000000E+00   0.0000000E+00   0.0000000E+00
   2.1739130E-01   3.2764534E+05   1.6761135E+05   4.9525670E+05   0.0000000E+00   0.0000000E+00   0.0000000E+00
   2.3188406E-01   3.3487226E+05   1.6296075E+05   4.9783300E+05   0.0000000E+00   0.0000000E+00   0.0000000E+00
   2.4637681E-01   3.3621222E+05   1.7793440E+05   5.1410205E+05   0.0000000E+00   0.0000000E+00   0.0000000E+00
   2.6086957E-01   3.4211811E+05   1.7230090E+05   5.1437692E+05   0.0000000E+00   0.0000000E+00   0.0000000E+00
   2.7536232E-01   3.4819995E+05   1.7320265E+05   5.2140260E+05   0.0000000E+00   0.0000000E+00   0.0000000E+00
   2.8985507E-01   3.4139826E+05   1.6980879E+05   5.1120705E+05   0.0000000E+00   0.0000000E+00   0.0000000E+00
   3.0434783E-01   3.5112075E+05   1.7925885E+05   5.3027135E+05   0.0000000E+00   0.0000000E+00   0.0000000E+00
   3.1884058E-01   3.4966104E+05   1.7548493E+05   5.2507708E+05   0.0000000E+00   0.0000000E+00   0.0000000E+00
   3.3333333E-01   3.5303940E+05   1.7559724E+05   5.2863664E+05   0.0000000E+00   0.0000000E+00   0.0000000E+00
   3.4782609E-01   3.6260858E+05   1.7639479E+05   5.3887707E+05   0.0000000E+00   0.0000000E+00   0.0000000E+00
   3.6231884E-01   3.5886409E+05   1.8279640E+05   5.4163018E+05   0.0000000E+00   0.0000000E+00   0.0000000E+00
   3.7681159E-01   3.5887575E+05   1.7698980E+05   5.3583641E+05   0.0000000E+00   0.0000000E+00   0.0000000E+00
   3.9130435E-01   3.6281555E+05   1.8230583E+05   5.4503719E+05   0.0000000E+00   0.0000000E+00   0.0000000E+00
   4.0579710E-01   3.6098034E+05   1.7690445E+05   5.3788480E+05   0.0000000E+00   0.0000000E+00   0.0000000E+00
   4.2028986E-01   3.6010783E+05   1.7992327E+05   5.3997884E+05   0.0000000E+00   0.0000000E+00   0.0000000E+00
   4.3478261E-01   3.6204659E+05   1.8003824E+05   5.4203431E+05   0.0000000E+00   0.0000000E+00   0.0000000E+00
   4.4927536E-01   3.5860500E+05   1.7975470E+05   5.3831081E+05   0.0000000E+00   0.0000000E+00   0.0000000E+00
   4.6376812E-01   3.5788851E+05   1.7892057E+05   5.3669069E+05   0.0000000E+00   0.0000000E+00   0.0000000E+00
   4.7826087E-01   3.5381711E+05   1.7701188E+05   5.3080603E+05   0.0000000E+00   0.0000000E+00   0.0000000E+00
   4.9275362E-01   3.5187954E+05   1.7610692E+05   5.2791961E+05   0.0000000E+00   0.0000000E+00   0.0000000E+00
   5.0724638E-01   3.4974960E+05   1.7737533E+05   5.2710329E+05   0.0000000E+00   0.0000000E+00   0.0000000E+00
   5.2173913E-01   3.4466495E+05   1.7318493E+05   5.1780778E+05   0.0000000E+00   0.0000000E+00   0.0000000E+00
   5.3623188E-01   3.3739762E+05   1.7274348E+05   5.1010014E+05   0.0000000E+00   0.0000000E+00   0.0000000E+00
   5.5072464E-01   3.3190861E+05   1.6422946E+05   4.9607824E+05   0.0000000E+00   0.0000000E+00   0.0000000E+00
   5.6521739E-01   3.2297069E+05   1.6114533E+05   4.8407717E+05   0.0000000E+00   0.0000000E+00   0.0000000E+00
   5.7971014E-01   3.1197914E+05   1.5544968E+05   4.6735304E+05   0.0000000E+00   0.0000000E+00   0.0000000E+00
   5.9420290E-01   3.0911960E+05   1.5223115E+05   4.6133227E+05   0.0000000E+00   0.0000000E+00   0.0000000E+00
   6.0869565E-01   2.9977507E+05   1.4979733E+05   4.4957239E+05   0.0000000E+00   0.0000000E+00   0.0000000E+00
   6.2318841E-01   2.8390455E+05   1.4434003E+05   4.2819171E+05   0.0000000E+00   0.0000000E+00   0.0000000E+00
   6.3768116E-01   2.7581615E+05   1.3551432E+05   4.1131325E+05   0.0000000E+00   0.0000000E+00   0.0000000E+00
   6.5217391E-01   2.6040884E+05   1.3161044E+05   3.9191825E+05   0.0000000E+00   0.0000000E+00   0.0000000E+00
   6.6666667E-01   2.5120618E+05   1.2586665E+05   3.7705636E+05   0.0000000E+00   0.0000000E+00   0.0000000E+00
   6.8115942E-01   2.4004131E+05   1.1977076E+05   3.5982819E+05   0.0000000E+00   0.0000000E+00   0.0000000E+00
   6.9565217E-01   2.3189900E+05   1.1418145E+05   3.4608044E+05   0.0000000E+00   0.0000000E+00   0.0000000E+00
   7.1014493E-01   2.2026941E+05   1.1041306E+05   3.3066701E+05   0.0000000E+00   0.0000000E+00   0.0000000E+00
   7.2463768E-01   2.1597011E+05   1.0517385E+05   3.2108334E+05   0.0000000E+00   0.0000000E+00   0.0000000E+00
   7.3913043E-01   2.0259799E+05   9.9634945E+04   3.0220322E+05   0.0000000E+00   0.0000000E+00   0.0000000E+00
   7.5362319E-01   1.8493147E+05   9.3259900E+04   2.7814765E+05   0.0000000E+00   0.0000000E+00   0.0000000E+00
   7.6811594E-01   1.7427944E+05   8.6439170E+04   2.6070431E+05   0.0000000E+00   0.0000000E+00   0.0000000E+00
   7.8260870E-01   1.6310984E+05   8.1723305E+04   2.4480508E+05   0.0000000E+00   0.0000000E+00   0.0000000E+00
   7.9710145E-01   1.5110647E+05   7.6007878E+04   2.2711435E+05   0.0000000E+00   0.0000000E+00   0.0000000E+00
   8.1159420E-01   1.4125024E+05   6.9535872E+04   2.1078611E+05   0.0000000E+00   0.0000000E+00   0.0000000E+00
   8.2608696E-01   1.2942674E+05   6.5245117E+04   1.9467186E+05   0.0000000E+00   0.0000000E+00   0.0000000E+00
   8.4057971E-01   1.1835063E+05   5.9142655E+04   1.7748022E+05   0.0000000E+00   0.0000000E+00   0.0000000E+00
   8.5507246E-01   1.0849762E+05   5.4569884E+04   1.6306750E+05   0.0000000E+00   0.0000000E+00   0.0000000E+00
   8.6956522E-01   9.8341593E+04   4.8368858E+04   1.4669782E+05   0.0000000E+00   0.0000000E+00   0.0000000E+00
   8.8405797E-01   8.8145894E+04   4.5476623E+04   1.3361009E+05   0.0000000E+00   0.0000000E+00   0.0000000E+00
   8.9855072E-01   7.9085711E+04   3.9292314E+04   1.1837802E+05   0.0000000E+00   0.0000000E+00   0.0000000E+00
   9.1304348E-01   6.9988409E+04   3.5421183E+04   1.0540959E+05   0.0000000E+00   0.0000000E+00   0.0000000E+00
   9.2753623E-01   5.9221858E+04   2.8758475E+04   8.7968493E+04   0.0000000E+00   0.0000000E+00   0.0000000E+00
   9.4202899E-01   4.7935588E+04   2.4842106E+04   7.2777694E+04   0.0000000E+00   0.0000000E+00   0.0000000E+00
   9.5652174E-01   3.8759379E+04   1.9448575E+04   5.8207954E+04   0.0000000E+00   0.0000000E+00   0.0000000E+00
   9.7101449E-01   2.7052331E+04   1.3367832E+04   4.0420163E+04   0.0000000E+00   0.0000000E+00   0.0000000E+00
   9.8550725E-01   9.0705538E+03   4.8918589E+03   1.3962413E+04   0.0000000E+00   0.0000000E+00   0.0000000E+00
   1.0000000E+00   0.0000000E+00   0.0000000E+00   0.0000000E+00   0.0000000E+00   0.0000000E+00   0.0000000E+00
