   0.0000000E+00   7.9265319E+07   4.0675305E+07   1.1994062E+08   1.0996363E-03   7.6953000E-04   4.6684182E-04
   1.4492754E-02   9.1364858E+07   4.5908235E+07   1.3727082E+08   2.2891757E-04   1.9054496E-04   2.0564180E-04
   2.8985507E-02   7.5438370E+07   3.7825079E+07   1.1326155E+08   3.5226400E-04   7.2364479E-05   2.5398972E-04
   4.3478261E-02   4.2014478E+07   2.1046642E+07   6.3061120E+07   3.5701153E-04   1.8827609E-04   2.8075879E-04
   5.7971014E-02   2.4546501E+07   1.2282154E+07   3.6828465E+07   8.1688568E-04   1.0094721E-04   5.7305140E-04
   7.2463768E-02   3.7956546E+06   1.8491806E+06   5.6448352E+06   3.8032797E-03   1.1147694E-03   2.9191703E-03
   8.6956522E-02   7.6038876E+05   3.5979864E+05   1.1201874E+06   9.9681156E-03   6.2923930E-03   8.7565278E-03
   1.0144928E-01   4.0625511E+05   2.0177445E+05   6.0802956E+05   1.1185132E-02   1.7864367E-03   7.8276154E-03
   1.1594203E-01   1.3383524E+05   5.8724593E+04   1.9255983E+05   9.4484833E-03   2.7013548E-04   6.5725866E-03
   1.3043478E-01   9.2612261E+03   3.8728764E+03   1.3134103E+04   8.7633097E-02   4.0906377E-02   7.3807267E-02
   1.4492754E-01   8.7139719E+03   2.6520784E+03   1.1366050E+04   8.9236966E-02   4.5716670E-02   7.6444724E-02
   1.5942029E-01   7.3018262E+03   1.9287843E+03   9.2306105E+03   1.3143779E-01   2.8605998E-02   1.0974689E-01
   1.7391304E-01   6.6301960E+03   1.7680523E+03   8.3982482E+03   1.5925696E-01   5.0824525E-02   1.3545359E-01
   1.8840580E-01   5.4207317E+03   1.8651980E+03   7.2859297E+03   2.0454444E-01   5.3545511E-02   1.6548081E-01
   2.0289855E-01   5.5206530E+03   2.1649620E+03   7.6856149E+03   2.1670611E-01   2.9750718E-02   1.6400324E-01
   2.1739130E-01   5.1526095E+03   1.7175365E+03   6.8701459E+03   2.1990715E-01   8.5086942E-02   1.8609988E-01
   2.3188406E-01   5.2094397E+03   1.6101905E+03   6.8196302E+03   2.3923932E-01   8.1825203E-02   2.0202066E-01
   2.4637681E-01   4.2344109E+03   1.2926096E+03   5.5270205E+03   2.1700557E-01   4.5729518E-02   1.7691135E-01
   2.6086957E-01   4.1675518E+03   1.2628945E+03   5.4304462E+03   2.6786673E-01   9.8541103E-02   2.2848477E-01
   2.7536232E-01   3.3499938E+03   1.1964263E+03   4.5464201E+03   2.7003919E-01   5.2813658E-02   2.1264769E-01
   2.8985507E-01   2.4247574E+03   7.5773668E+02   3.1824941E+03   2.7699649E-01   8.5271683E-02   2.3134382E-01
   3.0434783E-01   2.5618716E+03   7.5773668E+02   3.3196083E+03   2.6893394E-01   7.7601070E-02   2.2525137E-01
   3.1884058E-01   1.6532437E+03   3.0998319E+02   1.9632269E+03   2.4129870E-01   1.2538766E-01   2.2235574E-01
   3.3333333E-01   1.6801987E+03   3.6239581E+02   2.0425945E+03   2.6821234E-01   2.8173978E-02   2.2560921E-01
   3.4782609E-01   9.4717086E+02   1.8943417E+02   1.1366050E+03   3.0864269E-01   1.1529914E-01   2.7639874E-01
   3.6231884E-01   1.2426882E+03   1.5154734E+02   1.3942355E+03   2.7188732E-01   9.9389276E-06   2.4233539E-01
   3.7681159E-01   7.2859297E+02   1.4571859E+02   8.7431156E+02   2.7262000E-01   1.1927976E-01   2.4693010E-01
   3.9130435E-01   5.8935075E+02   1.4032161E+02   7.2967236E+02   2.9934175E-01   7.9569343E-02   2.5637236E-01
   4.0579710E-01   8.1186073E+02   5.4124049E+01   8.6598478E+02   2.1123417E-01   2.1301234E-01   2.1083510E-01
   4.2028986E-01   6.7935013E+02   1.8290196E+02   8.6225209E+02   2.7426098E-01   1.6800597E-01   2.5129757E-01
   4.3478261E-01   4.5464201E+02   2.7783678E+02   7.3247879E+02   2.9317230E-01   1.7504581E-01   2.4836415E-01
   4.4927536E-01   2.1998807E+02   1.2221559E+02   3.4220366E+02   2.3930495E-01   2.2153064E-01   2.3294425E-01
   4.6376812E-01   4.7358543E+02   2.3679271E+02   7.1037814E+02   3.1666334E-01   3.9631664E-02   2.2430041E-01
   4.7826087E-01   3.2146405E+02   1.1480859E+02   4.3627264E+02   2.4194672E-01   2.6810671E-06   1.7827719E-01
   4.9275362E-01   2.2286373E+02   2.2286373E+01   2.4515010E+02   2.9802634E-01   4.9129168E-05   2.7093671E-01
   5.0724638E-01   2.8144505E+02   6.4948859E+01   3.4639391E+02   1.9256656E-01   1.2822217E-01   1.8047276E-01
   5.2173913E-01   2.3153065E+02   4.2096482E+01   2.7362714E+02   2.1632591E-01   1.9639237E-01   2.1325381E-01
   5.3623188E-01   1.8431433E+02   2.0479370E+01   2.0479370E+02   2.3889639E-01   1.3520445E-05   2.1500808E-01
   5.5072464E-01   9.9702195E+01   0.0000000E+00   9.9702195E+01   9.3618738E-02   0.0000000E+00   9.3618738E-02
   5.6521739E-01   5.8287437E+01   1.9429146E+01   7.7716583E+01   1.4280182E-01   1.9430644E-06   1.0710185E-01
   5.7971014E-01   1.7049075E+02   3.7886834E+01   2.0837759E+02   2.6344827E-01   2.3634247E-01   2.5847463E-01
   5.9420290E-01   1.1088830E+02   3.6962765E+01   1.4785106E+02   3.0979125E-01   1.8975122E-01   2.7967107E-01
   6.0869565E-01   1.4433080E+02   3.6082699E+01   1.8041350E+02   3.4054247E-01   4.4504359E-07   2.7243399E-01
   6.2318841E-01   8.8108917E+01   3.5243567E+01   1.2335248E+02   1.3432194E-01   3.1951397E-06   9.5943330E-02
   6.3768116E-01   6.8885153E+01   0.0000000E+00   6.8885153E+01   3.0331488E-01   0.0000000E+00   3.0331488E-01
   6.5217391E-01   5.0515779E+01   0.0000000E+00   5.0515779E+01   3.9459061E-01   0.0000000E+00   3.9459061E-01
   6.6666667E-01   1.3178029E+02   3.2945073E+01   1.6472537E+02   2.8696493E-01   3.0433299E-05   2.2957802E-01
   6.8115942E-01   1.6122057E+01   1.6122057E+01   3.2244114E+01   3.3568384E-01   3.8151860E-01   3.5680942E-01
   6.9565217E-01   4.7358543E+01   0.0000000E+00   4.7358543E+01   4.0313915E-01   0.0000000E+00   4.0313915E-01
   7.1014493E-01   6.1856056E+01   1.5464014E+01   7.7320070E+01   2.1010527E-01   7.2139118E-06   1.6808565E-01
   7.2463768E-01   6.0618935E+01   1.5154734E+01   7.5773668E+01   2.7806871E-01   1.5141201E-05   2.2245194E-01
   7.3913043E-01   1.4857582E+01   2.9715164E+01   4.4572746E+01   3.7007523E-01   2.1085422E-01   2.6378068E-01
   7.5362319E-01   7.2859297E+01   1.4571859E+01   8.7431156E+01   3.6768426E-01   3.3991643E-01   3.6280933E-01
   7.6811594E-01   5.7187674E+01   1.4296919E+01   7.1484593E+01   2.6281677E-01   5.8786303E-06   2.1025226E-01
   7.8260870E-01   5.6128643E+01   0.0000000E+00   5.6128643E+01   2.8042049E-01   0.0000000E+00   2.8042049E-01
   7.9710145E-01   6.8885153E+01   0.0000000E+00   6.8885153E+01   2.2511248E-01   0.0000000E+00   2.2511248E-01
   8.1159420E-01   2.7062024E+01   0.0000000E+00   2.7062024E+01   3.8972799E-01   0.0000000E+00   3.8972799E-01
   8.2608696E-01   0.0000000E+00   1.3293626E+01   1.3293626E+01   0.0000000E+00   3.2992771E-05   3.2992771E-05
   8.4057971E-01   1.3064426E+01   0.0000000E+00   1.3064426E+01   2.7863906E-01   0.0000000E+00   2.7863906E-01
   8.5507246E-01   2.5685989E+01   0.0000000E+00   2.5685989E+01   4.1158263E-01   0.0000000E+00   4.1158263E-01
   8.6956522E-01   1.2628945E+01   0.0000000E+00   1.2628945E+01   3.6626326E-01   0.0000000E+00   3.6626326E-01
   8.8405797E-01   0.0000000E+00   0.0000000E+00   0.0000000E+00   0.0000000E+00   0.0000000E+00   0.0000000E+00
   8.9855072E-01   2.4443119E+01   0.0000000E+00   2.4443119E+01   3.9074645E-01   0.0000000E+00   3.9074645E-01
   9.1304348E-01   1.2027566E+01   0.0000000E+00   1.2027566E+01   4.2640200E-01   0.0000000E+00   4.2640200E-01
   9.2753623E-01   1.1839636E+01   1.1839636E+01   2.3679271E+01   3.5589505E-01   2.2321940E-06   1.7794863E-01
   9.4202899E-01   0.0000000E+00   0.0000000E+00   0.0000000E+00   0.0000000E+00   0.0000000E+00   0.0000000E+00
   9.5652174E-01   0.0000000E+00   0.0000000E+00   0.0000000E+00   0.0000000E+00   0.0000000E+00   0.0000000E+00
   9.7101449E-01   1.1309503E+01   0.0000000E+00   1.1309503E+01   4.2595564E-01   0.0000000E+00   4.2595564E-01
   9.8550725E-01   1.1143187E+01   0.0000000E+00   1.1143187E+01   4.2463159E-01   0.0000000E+00   4.2463159E-01
   1.0000000E+00   0.0000000E+00   0.0000000E+00   0.0000000E+00   0.0000000E+00   0.0000000E+00   0.0000000E+00
