   0.0000000E+00   4.8786119E+07   2.4774959E+07   7.3561077E+07   2.7112487E-03   5.1967288E-05   1.8120442E-03
   1.4492754E-02   5.1998164E+07   2.6637475E+07   7.8635640E+07   1.0938650E-03   3.3260411E-05   7.1555479E-04
   2.8985507E-02   4.9610536E+07   2.4972728E+07   7.4582506E+07   5.7515693E-04   4.6209648E-05   3.9775485E-04
   4.3478261E-02   3.8426090E+07   1.9096480E+07   5.7522317E+07   7.5372263E-04   2.0326863E-05   5.1037959E-04
   5.7971014E-02   2.5872919E+07   1.2926798E+07   3.8799528E+07   6.4898282E-04   9.3935069E-05   4.0626812E-04
   7.2463768E-02   1.2124545E+07   5.9685403E+06   1.8093085E+07   1.6475961E-03   1.0789339E-04   1.0686603E-03
   8.6956522E-02   6.1603992E+06   3.1291999E+06   9.2895992E+06   1.9750062E-03   4.5196613E-05   1.3115172E-03
   1.0144928E-01   3.1579218E+06   1.5863759E+06   4.7442976E+06   6.3901688E-03   5.3220097E-05   4.2375789E-03
   1.1594203E-01   9.6071540E+05   5.0995679E+05   1.4706722E+06   1.7909557E-02   1.3766383E-04   1.1706996E-02
   1.3043478E-01   4.3780342E+04   1.5912470E+04   5.9692812E+04   1.2059570E-01   4.6554089E-06   8.8447056E-02
   1.4492754E-01   2.1671269E+04   9.0170665E+03   3.0688336E+04   1.7565591E-01   7.2489460E-06   1.2404557E-01
   1.5942029E-01   1.4741423E+04   4.6841904E+03   1.9425613E+04   1.8707429E-01   5.6533008E-05   1.4195086E-01
   1.7391304E-01   9.9768663E+03   2.3363548E+03   1.2313221E+04   2.2014509E-01   4.9466212E-06   1.7837328E-01
   1.8840580E-01   6.1201809E+03   1.8069106E+03   7.9270915E+03   2.3926880E-01   7.0272225E-05   1.8471641E-01
   2.0289855E-01   4.5464201E+03   1.1907291E+03   5.7371492E+03   2.5633667E-01   9.8384870E-06   2.0313637E-01
   2.1739130E-01   2.7278521E+03   1.0103156E+03   3.7381676E+03   2.4248878E-01   2.1686754E-06   1.7695080E-01
   2.3188406E-01   2.3679271E+03   8.5245377E+02   3.2203809E+03   2.5046417E-01   8.7558672E-06   1.8416703E-01
   2.4637681E-01   1.7383371E+03   5.7944570E+02   2.3177828E+03   2.5250323E-01   2.7652532E-06   1.8937774E-01
   2.6086957E-01   1.9364382E+03   2.9467538E+02   2.2311136E+03   2.8917178E-01   4.7340600E-06   2.5097866E-01
   2.7536232E-01   1.1565455E+03   2.7916615E+02   1.4357116E+03   2.6734290E-01   4.6708376E-05   2.1535093E-01
   2.8985507E-01   6.8196302E+02   3.0309467E+02   9.8505769E+02   2.1181222E-01   1.5649127E-05   1.4663454E-01
   3.0434783E-01   5.7732319E+02   2.5257889E+02   8.2990208E+02   2.9080945E-01   6.0459730E-06   2.0230399E-01
   3.1884058E-01   7.5773668E+02   1.7221288E+02   9.2994957E+02   2.8537722E-01   6.0608267E-06   2.3252853E-01
   3.3333333E-01   3.6239581E+02   9.8835220E+01   4.6123103E+02   3.1416344E-01   1.5543285E-05   2.4684600E-01
   3.4782609E-01   3.7886834E+02   3.1572362E+01   4.1044070E+02   3.3600188E-01   4.8682683E-06   3.1015592E-01
   3.6231884E-01   3.6371361E+02   1.2123787E+02   4.8495148E+02   3.6797376E-01   1.9051053E-05   2.7598499E-01
   3.7681159E-01   1.4571859E+02   5.8287437E+01   2.0400603E+02   1.8417636E-01   1.5532947E-05   1.3155039E-01
   3.9130435E-01   2.2451457E+02   5.6128643E+01   2.8064322E+02   2.9175867E-01   3.3514051E-06   2.3340660E-01
   4.0579710E-01   1.8943417E+02   5.4124049E+01   2.4355822E+02   3.4931013E-01   8.7706581E-06   2.7168378E-01
   4.2028986E-01   2.8741736E+02   5.2257702E+01   3.3967507E+02   3.2847078E-01   1.8897545E-05   2.7793437E-01
   4.3478261E-01   1.5154734E+02   2.5257889E+01   1.7680523E+02   3.2752747E-01   5.1434630E-06   2.8073856E-01
   4.4927536E-01   9.7772475E+01   4.8886238E+01   1.4665871E+02   4.5670017E-01   9.0653964E-06   3.0446947E-01
   4.6376812E-01   1.4207563E+02   7.1037814E+01   2.1311344E+02   2.8939530E-01   1.2863699E-05   1.9293426E-01
   4.7826087E-01   6.8885153E+01   6.8885153E+01   1.3777031E+02   3.2241338E-01   3.9348583E-06   1.6120481E-01
   4.9275362E-01   1.3371824E+02   6.6859119E+01   2.0057736E+02   2.5724906E-01   7.1182845E-06   1.7150173E-01
   5.0724638E-01   6.4948859E+01   0.0000000E+00   6.4948859E+01   3.2500583E-01   0.0000000E+00   3.2500583E-01
   5.2173913E-01   6.3144724E+01   4.2096482E+01   1.0524121E+02   1.1350293E-01   2.3285894E-06   6.8102382E-02
   5.3623188E-01   4.0958740E+01   2.0479370E+01   6.1438110E+01   3.3424708E-01   1.1540355E-05   2.2283498E-01
   5.5072464E-01   1.9940439E+01   0.0000000E+00   1.9940439E+01   4.1546319E-01   0.0000000E+00   4.1546319E-01
   5.6521739E-01   0.0000000E+00   3.8858291E+01   3.8858291E+01   0.0000000E+00   1.1139855E-05   1.1139855E-05
   5.7971014E-01   7.5773668E+01   0.0000000E+00   7.5773668E+01   4.2115173E-01   0.0000000E+00   4.2115173E-01
   5.9420290E-01   3.6962765E+01   0.0000000E+00   3.6962765E+01   3.9133607E-01   0.0000000E+00   3.9133607E-01
   6.0869565E-01   0.0000000E+00   1.8041350E+01   1.8041350E+01   0.0000000E+00   1.7457020E-05   1.7457020E-05
   6.2318841E-01   3.5243567E+01   3.5243567E+01   7.0487133E+01   2.1505309E-01   1.8740102E-05   1.0753591E-01
   6.3768116E-01   1.0332773E+02   0.0000000E+00   1.0332773E+02   3.2078945E-01   0.0000000E+00   3.2078945E-01
   6.5217391E-01   1.6838593E+01   1.6838593E+01   3.3677186E+01   1.0978998E-02   1.8194210E-05   5.4984922E-03
   6.6666667E-01   0.0000000E+00   3.2945073E+01   3.2945073E+01   0.0000000E+00   3.5247919E-05   3.5247919E-05
   6.8115942E-01   3.2244114E+01   0.0000000E+00   3.2244114E+01   2.6360493E-01   0.0000000E+00   2.6360493E-01
   6.9565217E-01   0.0000000E+00   0.0000000E+00   0.0000000E+00   0.0000000E+00   0.0000000E+00   0.0000000E+00
   7.1014493E-01   3.0928028E+01   1.5464014E+01   4.6392042E+01   4.5079420E-01   1.9514715E-05   3.0053597E-01
   7.2463768E-01   1.5154734E+01   0.0000000E+00   1.5154734E+01   3.6335668E-01   0.0000000E+00   3.6335668E-01
   7.3913043E-01   0.0000000E+00   0.0000000E+00   0.0000000E+00   0.0000000E+00   0.0000000E+00   0.0000000E+00
   7.5362319E-01   0.0000000E+00   0.0000000E+00   0.0000000E+00   0.0000000E+00   0.0000000E+00   0.0000000E+00
   7.6811594E-01   0.0000000E+00   1.4296919E+01   1.4296919E+01   0.0000000E+00   4.8191204E-06   4.8191204E-06
   7.8260870E-01   0.0000000E+00   0.0000000E+00   0.0000000E+00   0.0000000E+00   0.0000000E+00   0.0000000E+00
   7.9710145E-01   0.0000000E+00   1.3777031E+01   1.3777031E+01   0.0000000E+00   1.7046360E-05   1.7046360E-05
   8.1159420E-01   1.3531012E+01   0.0000000E+00   1.3531012E+01   3.4522571E-01   0.0000000E+00   3.4522571E-01
   8.2608696E-01   0.0000000E+00   0.0000000E+00   0.0000000E+00   0.0000000E+00   0.0000000E+00   0.0000000E+00
   8.4057971E-01   0.0000000E+00   0.0000000E+00   0.0000000E+00   0.0000000E+00   0.0000000E+00   0.0000000E+00
   8.5507246E-01   0.0000000E+00   0.0000000E+00   0.0000000E+00   0.0000000E+00   0.0000000E+00   0.0000000E+00
   8.6956522E-01   0.0000000E+00   0.0000000E+00   0.0000000E+00   0.0000000E+00   0.0000000E+00   0.0000000E+00
   8.8405797E-01   0.0000000E+00   0.0000000E+00   0.0000000E+00   0.0000000E+00   0.0000000E+00   0.0000000E+00
   8.9855072E-01   1.2221559E+01   0.0000000E+00   1.2221559E+01   4.5224726E-01   0.0000000E+00   4.5224726E-01
   9.1304348E-01   0.0000000E+00   0.0000000E+00   0.0000000E+00   0.0000000E+00   0.0000000E+00   0.0000000E+00
   9.2753623E-01   1.1839636E+01   0.0000000E+00   1.1839636E+01   4.3846630E-01   0.0000000E+00   4.3846630E-01
   9.4202899E-01   0.0000000E+00   0.0000000E+00   0.0000000E+00   0.0000000E+00   0.0000000E+00   0.0000000E+00
   9.5652174E-01   1.1480859E+01   0.0000000E+00   1.1480859E+01   4.6095326E-01   0.0000000E+00   4.6095326E-01
   9.7101449E-01   0.0000000E+00   0.0000000E+00   0.0000000E+00   0.0000000E+00   0.0000000E+00   0.0000000E+00
   9.8550725E-01   0.0000000E+00   0.0000000E+00   0.0000000E+00   0.0000000E+00   0.0000000E+00   0.0000000E+00
   1.0000000E+00   0.0000000E+00   0.0000000E+00   0.0000000E+00   0.0000000E+00   0.0000000E+00   0.0000000E+00
