   0.0000000E+00   2.3398909E+06   1.3275547E+06   3.6674456E+06   5.1379915E-03   9.4570943E-03   4.1836786E-03
   1.4492754E-02   2.4270306E+06   1.3927200E+06   3.8197506E+06   9.3910882E-04   7.8376434E-04   4.0593274E-04
   2.8985507E-02   2.4512782E+06   1.3726400E+06   3.8239182E+06   1.1792625E-03   1.4227874E-03   1.2531700E-03
   4.3478261E-02   2.4373863E+06   1.3889313E+06   3.8263177E+06   1.1857557E-03   8.8471800E-04   5.9839803E-04
   5.7971014E-02   2.4546880E+06   1.3925306E+06   3.8472186E+06   1.4832704E-03   1.4650660E-03   1.2517709E-03
   7.2463768E-02   2.4835578E+06   1.3925685E+06   3.8761262E+06   1.3551783E-03   8.1531356E-04   9.6535020E-04
   8.6956522E-02   2.4945955E+06   1.3626631E+06   3.8572586E+06   1.0107015E-03   4.4502326E-04   7.7224083E-04
   1.0144928E-01   2.4098192E+06   1.2976782E+06   3.7073891E+06   2.4484381E-04   9.6711104E-04   4.7677784E-04
   1.1594203E-01   2.2937637E+06   1.2160727E+06   3.5098363E+06   9.1943846E-04   8.8668685E-04   3.5698633E-04
   1.3043478E-01   2.1544138E+06   1.1118523E+06   3.2663503E+06   6.9673095E-04   1.0568979E-03   2.5187253E-04
   1.4492754E-01   1.9980759E+06   9.9642374E+05   2.9944996E+06   3.6062626E-04   9.6576639E-04   5.2940840E-04
   1.5942029E-01   1.8031378E+06   8.8965175E+05   2.6927895E+06   5.4091286E-04   1.9094194E-03   4.2204806E-04
   1.7391304E-01   1.6170101E+06   8.0755787E+05   2.4245680E+06   7.4767626E-04   5.0272722E-04   3.3123954E-04
   1.8840580E-01   1.4444210E+06   7.0778435E+05   2.1521470E+06   1.7897406E-04   1.3512437E-03   4.8651738E-04
   2.0289855E-01   1.2722399E+06   6.3157353E+05   1.9038134E+06   3.5890814E-04   4.8205631E-04   1.0114860E-04
   2.1739130E-01   1.1295328E+06   5.6557466E+05   1.6951075E+06   8.1426129E-04   1.1272270E-03   9.1642912E-04
   2.3188406E-01   9.8155316E+05   4.8968733E+05   1.4711931E+06   4.3412944E-04   1.0611246E-03   2.2261297E-04
   2.4637681E-01   8.6743021E+05   4.2246049E+05   1.2898907E+06   9.4717599E-04   1.4349276E-03   1.0820386E-03
   2.6086957E-01   7.8135281E+05   3.7857367E+05   1.1598844E+06   4.5720056E-04   2.5260971E-03   1.0215477E-03
   2.7536232E-01   6.9241181E+05   3.4365353E+05   1.0360255E+06   5.2554063E-04   4.2353110E-04   2.9424820E-04
   2.8985507E-01   6.0361304E+05   2.9866191E+05   9.0227496E+05   2.0484727E-03   2.4535337E-04   1.2907870E-03
   3.0434783E-01   5.3341054E+05   2.6206864E+05   7.9544310E+05   9.2448275E-04   4.3686955E-04   5.5276436E-04
   3.1884058E-01   4.8763800E+05   2.3989255E+05   7.2753054E+05   7.6014257E-04   3.4092712E-04   5.5162934E-04
   3.3333333E-01   4.2854951E+05   2.0817992E+05   6.3672943E+05   1.7265309E-03   1.9654233E-03   5.6471322E-04
   3.4782609E-01   3.8082583E+05   1.9066549E+05   5.7149132E+05   1.2336094E-03   1.9655661E-03   1.4629605E-03
   3.6231884E-01   3.4858918E+05   1.6961178E+05   5.1820096E+05   2.5580143E-03   2.5451156E-03   1.1461581E-03
   3.7681159E-01   3.1259553E+05   1.5664749E+05   4.6924301E+05   4.1457877E-04   1.7768072E-03   6.9706175E-04
   3.9130435E-01   2.8678930E+05   1.3992871E+05   4.2671801E+05   2.7871442E-03   1.7834082E-03   1.7460330E-03
   4.0579710E-01   2.5911888E+05   1.2838224E+05   3.8750113E+05   2.3032113E-03   2.6708700E-03   2.0334319E-03
   4.2028986E-01   2.3583901E+05   1.1601210E+05   3.5185111E+05   3.9648096E-04   1.9483961E-03   8.2005616E-04
   4.3478261E-01   2.1567712E+05   1.0696716E+05   3.2264428E+05   2.4106471E-03   1.2134094E-03   1.2092569E-03
   4.4927536E-01   2.0168017E+05   9.5792583E+04   2.9747276E+05   1.2560731E-03   1.3569586E-03   7.7419895E-04
   4.6376812E-01   1.8431945E+05   9.1591422E+04   2.7591087E+05   1.2990461E-03   2.0797793E-03   1.2782734E-03
   4.7826087E-01   1.7627711E+05   8.1697792E+04   2.5797490E+05   4.5399346E-03   6.2376833E-03   5.0692644E-03
   4.9275362E-01   1.6139791E+05   7.6397687E+04   2.3779560E+05   3.8842961E-03   4.5524398E-03   3.8653890E-03
   5.0724638E-01   1.5189373E+05   7.1638591E+04   2.2353232E+05   4.0304023E-03   6.6613715E-03   4.6680708E-03
   5.2173913E-01   1.3940250E+05   7.0216933E+04   2.0961943E+05   3.4004213E-03   6.2612664E-03   3.9860936E-03
   5.3623188E-01   1.3424227E+05   6.2032011E+04   1.9627428E+05   4.6263274E-03   4.5949657E-03   4.5895916E-03
   5.5072464E-01   1.2652209E+05   6.3171311E+04   1.8969340E+05   3.1868474E-03   4.1566038E-03   3.4800788E-03
   5.6521739E-01   1.1925610E+05   5.5645073E+04   1.7490117E+05   6.5409583E-03   2.8828736E-03   5.3720894E-03
   5.7971014E-01   1.1093265E+05   5.2302775E+04   1.6323543E+05   4.4189499E-03   5.1323112E-03   4.5655341E-03
   5.9420290E-01   1.0358815E+05   4.8920220E+04   1.5250837E+05   6.9994513E-03   2.3928055E-03   5.4234902E-03
   6.0869565E-01   1.0074290E+05   4.8260610E+04   1.4900351E+05   5.0922436E-03   6.2524008E-03   5.3474694E-03
   6.2318841E-01   9.3307343E+04   4.5058900E+04   1.3836624E+05   7.4940882E-03   5.4901915E-03   6.8128305E-03
   6.3768116E-01   8.7845791E+04   4.3380425E+04   1.3122622E+05   6.6051221E-03   9.5440888E-03   7.5759147E-03
   6.5217391E-01   8.4900186E+04   4.1540809E+04   1.2644099E+05   1.1351969E-02   5.1787295E-03   9.2438263E-03
   6.6666667E-01   7.9628242E+04   3.8677516E+04   1.1830576E+05   5.6893134E-03   7.0235674E-03   6.0212921E-03
   6.8115942E-01   7.6740992E+04   3.6709924E+04   1.1345092E+05   1.0936225E-02   9.5116821E-03   1.0474530E-02
   6.9565217E-01   7.2726935E+04   3.5582052E+04   1.0830899E+05   1.1457514E-02   1.2066085E-02   1.1575806E-02
   7.1014493E-01   6.6990108E+04   3.3046598E+04   1.0003671E+05   1.0353951E-02   1.6799923E-02   1.2480153E-02
   7.2463768E-01   6.4528856E+04   3.1385453E+04   9.5914309E+04   1.3922791E-02   1.3562037E-02   1.3803238E-02
   7.3913043E-01   6.2684139E+04   2.9522016E+04   9.2206154E+04   1.0227584E-02   9.4204992E-03   9.8891401E-03
   7.5362319E-01   5.7850281E+04   2.8487985E+04   8.6338266E+04   1.4576421E-02   9.4292307E-03   1.2807093E-02
   7.6811594E-01   5.5028840E+04   2.6406409E+04   8.1435248E+04   1.4953613E-02   1.3264117E-02   1.4325664E-02
   7.8260870E-01   5.3069632E+04   2.5426275E+04   7.8495908E+04   1.3262117E-02   1.7923191E-02   1.4325000E-02
   7.9710145E-01   4.9721304E+04   2.3903148E+04   7.3624452E+04   1.3868221E-02   1.7280973E-02   1.4255003E-02
   8.1159420E-01   4.8062155E+04   2.3002721E+04   7.1064876E+04   2.1104920E-02   1.4333290E-02   1.8874046E-02
   8.2608696E-01   4.3775911E+04   2.2240236E+04   6.6016147E+04   2.0132017E-02   2.1799456E-02   2.0635694E-02
   8.4057971E-01   4.3086476E+04   2.0537277E+04   6.3623753E+04   1.7972366E-02   1.7354110E-02   1.7364648E-02
   8.5507246E-01   4.0956310E+04   1.9148905E+04   6.0105215E+04   2.1514112E-02   2.0136091E-02   2.1029050E-02
   8.6956522E-01   3.7470079E+04   1.7680523E+04   5.5150602E+04   2.4050777E-02   2.1040964E-02   2.2872773E-02
   8.8405797E-01   3.4681981E+04   1.6409347E+04   5.1091328E+04   2.7369897E-02   2.4312871E-02   2.6351343E-02
   8.9855072E-01   3.2717115E+04   1.5325836E+04   4.8042950E+04   3.0555332E-02   2.4201999E-02   2.8434700E-02
   9.1304348E-01   3.0153109E+04   1.3110047E+04   4.3263156E+04   3.3698217E-02   3.3990633E-02   3.3664598E-02
   9.2753623E-01   2.6816775E+04   1.3141996E+04   3.9958770E+04   3.3581721E-02   3.6744175E-02   3.4486336E-02
   9.4202899E-01   2.2976908E+04   1.1855665E+04   3.4832572E+04   4.4309566E-02   3.5595843E-02   4.1329233E-02
   9.5652174E-01   2.0964048E+04   1.0183522E+04   3.1147570E+04   3.6545570E-02   3.9735973E-02   3.7567057E-02
   9.7101449E-01   1.7122587E+04   7.6452239E+03   2.4767811E+04   4.9665322E-02   5.8952617E-02   5.2450004E-02
   9.8550725E-01   8.1122398E+03   4.0895495E+03   1.2201789E+04   5.5572456E-02   7.3316613E-02   6.1419782E-02
   1.0000000E+00   2.1884092E+01   2.1884092E+01   4.3768184E+01   3.2185515E-01   3.7805151E-01   2.0200886E-01
