   0.0000000E+00   3.2128035E+05   1.6973302E+05   4.9101337E+05   0.0000000E+00   0.0000000E+00   0.0000000E+00
   1.4492754E-02   3.1673393E+05   1.3184618E+05   4.4858012E+05   0.0000000E+00   0.0000000E+00   0.0000000E+00
   2.8985507E-02   3.1370299E+05   1.5116847E+05   4.6487146E+05   0.0000000E+00   0.0000000E+00   0.0000000E+00
   4.3478261E-02   2.8996057E+05   1.5230507E+05   4.4226564E+05   0.0000000E+00   0.0000000E+00   0.0000000E+00
   5.7971014E-02   2.9419127E+05   1.5419942E+05   4.4839068E+05   0.0000000E+00   0.0000000E+00   0.0000000E+00
   7.2463768E-02   2.9521421E+05   1.5382055E+05   4.4903476E+05   0.0000000E+00   0.0000000E+00   0.0000000E+00
   8.6956522E-02   3.0726223E+05   1.5104218E+05   4.5830440E+05   0.0000000E+00   0.0000000E+00   0.0000000E+00
   1.0144928E-01   3.0168745E+05   1.5587726E+05   4.5756471E+05   0.0000000E+00   0.0000000E+00   0.0000000E+00
   1.1594203E-01   3.0783053E+05   1.5476772E+05   4.6259825E+05   0.0000000E+00   0.0000000E+00   0.0000000E+00
   1.3043478E-01   3.1218751E+05   1.5525183E+05   4.6743934E+05   0.0000000E+00   0.0000000E+00   0.0000000E+00
   1.4492754E-01   3.1597620E+05   1.5957935E+05   4.7547977E+05   0.0000000E+00   0.0000000E+00   0.0000000E+00
   1.5942029E-01   3.2093593E+05   1.5285615E+05   4.7379208E+05   0.0000000E+00   0.0000000E+00   0.0000000E+00
   1.7391304E-01   3.1780739E+05   1.5445199E+05   4.7225939E+05   0.0000000E+00   0.0000000E+00   0.0000000E+00
   1.8840580E-01   3.2273754E+05   1.6285510E+05   4.8559264E+05   0.0000000E+00   0.0000000E+00   0.0000000E+00
   2.0289855E-01   3.3313352E+05   1.6226390E+05   4.9539742E+05   0.0000000E+00   0.0000000E+00   0.0000000E+00
   2.1739130E-01   3.3279795E+05   1.6665155E+05   4.9939899E+05   0.0000000E+00   0.0000000E+00   0.0000000E+00
   2.3188406E-01   3.2947338E+05   1.6793339E+05   4.9740677E+05   0.0000000E+00   0.0000000E+00   0.0000000E+00
   2.4637681E-01   3.3951061E+05   1.6790553E+05   5.0741614E+05   0.0000000E+00   0.0000000E+00   0.0000000E+00
   2.6086957E-01   3.3584574E+05   1.7187994E+05   5.0764148E+05   0.0000000E+00   0.0000000E+00   0.0000000E+00
   2.7536232E-01   3.4784102E+05   1.7025147E+05   5.1805261E+05   0.0000000E+00   0.0000000E+00   0.0000000E+00
   2.8985507E-01   3.4586891E+05   1.7515083E+05   5.2101974E+05   0.0000000E+00   0.0000000E+00   0.0000000E+00
   3.0434783E-01   3.5368262E+05   1.7496501E+05   5.2864763E+05   0.0000000E+00   0.0000000E+00   0.0000000E+00
   3.1884058E-01   3.5382859E+05   1.7665598E+05   5.3045012E+05   0.0000000E+00   0.0000000E+00   0.0000000E+00
   3.3333333E-01   3.5010729E+05   1.7701388E+05   5.2715412E+05   0.0000000E+00   0.0000000E+00   0.0000000E+00
   3.4782609E-01   3.5945134E+05   1.8018347E+05   5.3963481E+05   0.0000000E+00   0.0000000E+00   0.0000000E+00
   3.6231884E-01   3.6222844E+05   1.7873493E+05   5.4093306E+05   0.0000000E+00   0.0000000E+00   0.0000000E+00
   3.7681159E-01   3.5747685E+05   1.8421745E+05   5.4169430E+05   0.0000000E+00   0.0000000E+00   0.0000000E+00
   3.9130435E-01   3.5995299E+05   1.7832070E+05   5.3821756E+05   0.0000000E+00   0.0000000E+00   0.0000000E+00
   4.0579710E-01   3.5813883E+05   1.7985421E+05   5.3796598E+05   0.0000000E+00   0.0000000E+00   0.0000000E+00
   4.2028986E-01   3.6057815E+05   1.8065488E+05   5.4115464E+05   0.0000000E+00   0.0000000E+00   0.0000000E+00
   4.3478261E-01   3.6133937E+05   1.7970988E+05   5.4107451E+05   0.0000000E+00   0.0000000E+00   0.0000000E+00
   4.4927536E-01   3.6202703E+05   1.8061021E+05   5.4261280E+05   0.0000000E+00   0.0000000E+00   0.0000000E+00
   4.6376812E-01   3.5237124E+05   1.7913369E+05   5.3145757E+05   0.0000000E+00   0.0000000E+00   0.0000000E+00
   4.7826087E-01   3.5441411E+05   1.7657561E+05   5.3096676E+05   0.0000000E+00   0.0000000E+00   0.0000000E+00
   4.9275362E-01   3.4873717E+05   1.7788983E+05   5.2656014E+05   0.0000000E+00   0.0000000E+00   0.0000000E+00
   5.0724638E-01   3.4691350E+05   1.7152994E+05   5.1842179E+05   0.0000000E+00   0.0000000E+00   0.0000000E+00
   5.2173913E-01   3.4632776E+05   1.7183784E+05   5.1814455E+05   0.0000000E+00   0.0000000E+00   0.0000000E+00
   5.3623188E-01   3.3764337E+05   1.6928247E+05   5.0688488E+05   0.0000000E+00   0.0000000E+00   0.0000000E+00
   5.5072464E-01   3.3250682E+05   1.6093928E+05   4.9342616E+05   0.0000000E+00   0.0000000E+00   0.0000000E+00
   5.6521739E-01   3.2209638E+05   1.6337969E+05   4.8539835E+05   0.0000000E+00   0.0000000E+00   0.0000000E+00
   5.7971014E-01   3.1682865E+05   1.5410470E+05   4.7089546E+05   0.0000000E+00   0.0000000E+00   0.0000000E+00
   5.9420290E-01   3.0712362E+05   1.5505880E+05   4.6218241E+05   0.0000000E+00   0.0000000E+00   0.0000000E+00
   6.0869565E-01   2.9614875E+05   1.4986949E+05   4.4601825E+05   0.0000000E+00   0.0000000E+00   0.0000000E+00
   6.2318841E-01   2.8436272E+05   1.4375851E+05   4.2808598E+05   0.0000000E+00   0.0000000E+00   0.0000000E+00
   6.3768116E-01   2.7671166E+05   1.3573819E+05   4.1244985E+05   0.0000000E+00   0.0000000E+00   0.0000000E+00
   6.5217391E-01   2.6429856E+05   1.2900046E+05   3.9323166E+05   0.0000000E+00   0.0000000E+00   0.0000000E+00
   6.6666667E-01   2.5105793E+05   1.2708562E+05   3.7812708E+05   0.0000000E+00   0.0000000E+00   0.0000000E+00
   6.8115942E-01   2.4041212E+05   1.2060911E+05   3.6100510E+05   0.0000000E+00   0.0000000E+00   0.0000000E+00
   6.9565217E-01   2.3200950E+05   1.1665988E+05   3.4865359E+05   0.0000000E+00   0.0000000E+00   0.0000000E+00
   7.1014493E-01   2.1992921E+05   1.1103162E+05   3.3094536E+05   0.0000000E+00   0.0000000E+00   0.0000000E+00
   7.2463768E-01   2.1102967E+05   1.0635592E+05   3.1738559E+05   0.0000000E+00   0.0000000E+00   0.0000000E+00
   7.3913043E-01   1.9617951E+05   9.9337794E+04   2.9550245E+05   0.0000000E+00   0.0000000E+00   0.0000000E+00
   7.5362319E-01   1.8717553E+05   9.0534962E+04   2.7768135E+05   0.0000000E+00   0.0000000E+00   0.0000000E+00
   7.6811594E-01   1.7449389E+05   8.8512223E+04   2.6300611E+05   0.0000000E+00   0.0000000E+00   0.0000000E+00
   7.8260870E-01   1.6023324E+05   8.0965568E+04   2.4118478E+05   0.0000000E+00   0.0000000E+00   0.0000000E+00
   7.9710145E-01   1.5022474E+05   7.6999824E+04   2.2722457E+05   0.0000000E+00   0.0000000E+00   0.0000000E+00
   8.1159420E-01   1.4011363E+05   7.0997221E+04   2.1108379E+05   0.0000000E+00   0.0000000E+00   0.0000000E+00
   8.2608696E-01   1.3033071E+05   6.4753252E+04   1.9507067E+05   0.0000000E+00   0.0000000E+00   0.0000000E+00
   8.4057971E-01   1.1925208E+05   5.9403943E+04   1.7865602E+05   0.0000000E+00   0.0000000E+00   0.0000000E+00
   8.5507246E-01   1.0913977E+05   5.5597324E+04   1.6472425E+05   0.0000000E+00   0.0000000E+00   0.0000000E+00
   8.6956522E-01   9.9124587E+04   4.8810871E+04   1.4793546E+05   0.0000000E+00   0.0000000E+00   0.0000000E+00
   8.8405797E-01   8.9077537E+04   4.5526311E+04   1.3460385E+05   0.0000000E+00   0.0000000E+00   0.0000000E+00
   8.9855072E-01   8.0002328E+04   4.0746679E+04   1.2072456E+05   0.0000000E+00   0.0000000E+00   0.0000000E+00
   9.1304348E-01   7.1191166E+04   3.5168604E+04   1.0635977E+05   0.0000000E+00   0.0000000E+00   0.0000000E+00
   9.2753623E-01   5.7872139E+04   3.0037156E+04   8.7909295E+04   0.0000000E+00   0.0000000E+00   0.0000000E+00
   9.4202899E-01   5.0476921E+04   2.4947023E+04   7.5423944E+04   0.0000000E+00   0.0000000E+00   0.0000000E+00
   9.5652174E-01   3.8460877E+04   1.9551903E+04   5.8012780E+04   0.0000000E+00   0.0000000E+00   0.0000000E+00
   9.7101449E-01   2.6260665E+04   1.3367832E+04   3.9628498E+04   0.0000000E+00   0.0000000E+00   0.0000000E+00
   9.8550725E-01   9.1931289E+03   4.5687065E+03   1.3761835E+04   0.0000000E+00   0.0000000E+00   0.0000000E+00
   1.0000000E+00   0.0000000E+00   0.0000000E+00   0.0000000E+00   0.0000000E+00   0.0000000E+00   0.0000000E+00
