   0.0000000E+00   2.6066142E+05   1.5760923E+05   4.1827065E+05   0.0000000E+00   0.0000000E+00   0.0000000E+00
   1.4492754E-02   3.0991430E+05   1.3487713E+05   4.4479143E+05   0.0000000E+00   0.0000000E+00   0.0000000E+00
   2.8985507E-02   2.9627504E+05   1.3980242E+05   4.3607746E+05   0.0000000E+00   0.0000000E+00   0.0000000E+00
   4.3478261E-02   2.7505842E+05   1.4472771E+05   4.1978612E+05   0.0000000E+00   0.0000000E+00   0.0000000E+00
   5.7971014E-02   2.9002372E+05   1.5154734E+05   4.4157105E+05   0.0000000E+00   0.0000000E+00   0.0000000E+00
   7.2463768E-02   3.2082571E+05   1.5321436E+05   4.7373697E+05   0.0000000E+00   0.0000000E+00   0.0000000E+00
   8.6956522E-02   3.0978801E+05   1.5179992E+05   4.6158793E+05   0.0000000E+00   0.0000000E+00   0.0000000E+00
   1.0144928E-01   3.0028022E+05   1.5284631E+05   4.5312654E+05   0.0000000E+00   0.0000000E+00   0.0000000E+00
   1.1594203E-01   3.0944072E+05   1.5609376E+05   4.6553448E+05   0.0000000E+00   0.0000000E+00   0.0000000E+00
   1.3043478E-01   3.1530265E+05   1.5735665E+05   4.7265930E+05   0.0000000E+00   0.0000000E+00   0.0000000E+00
   1.4492754E-01   3.0362509E+05   1.5563911E+05   4.5918843E+05   0.0000000E+00   0.0000000E+00   0.0000000E+00
   1.5942029E-01   3.0943211E+05   1.5726480E+05   4.6662803E+05   0.0000000E+00   0.0000000E+00   0.0000000E+00
   1.7391304E-01   3.2645822E+05   1.6322911E+05   4.8975048E+05   0.0000000E+00   0.0000000E+00   0.0000000E+00
   1.8840580E-01   3.2553534E+05   1.6670207E+05   4.9223741E+05   0.0000000E+00   0.0000000E+00   0.0000000E+00
   2.0289855E-01   3.2820823E+05   1.6534897E+05   4.9355720E+05   0.0000000E+00   0.0000000E+00   0.0000000E+00
   2.1739130E-01   3.2739276E+05   1.6554021E+05   4.9293297E+05   0.0000000E+00   0.0000000E+00   0.0000000E+00
   2.3188406E-01   3.3108357E+05   1.6632320E+05   4.9735942E+05   0.0000000E+00   0.0000000E+00   0.0000000E+00
   2.4637681E-01   3.3665795E+05   1.7276396E+05   5.0933277E+05   0.0000000E+00   0.0000000E+00   0.0000000E+00
   2.6086957E-01   3.4897984E+05   1.7575281E+05   5.2473265E+05   0.0000000E+00   0.0000000E+00   0.0000000E+00
   2.7536232E-01   3.5063268E+05   1.7352170E+05   5.2415438E+05   0.0000000E+00   0.0000000E+00   0.0000000E+00
   2.8985507E-01   3.4651299E+05   1.7507506E+05   5.2158805E+05   0.0000000E+00   0.0000000E+00   0.0000000E+00
   3.0434783E-01   3.4606917E+05   1.7464026E+05   5.2070943E+05   0.0000000E+00   0.0000000E+00   0.0000000E+00
   3.1884058E-01   3.5889165E+05   1.8178792E+05   5.4067957E+05   0.0000000E+00   0.0000000E+00   0.0000000E+00
   3.3333333E-01   3.6008965E+05   1.7892469E+05   5.3894845E+05   0.0000000E+00   0.0000000E+00   0.0000000E+00
   3.4782609E-01   3.5316844E+05   1.7686837E+05   5.2997367E+05   0.0000000E+00   0.0000000E+00   0.0000000E+00
   3.6231884E-01   3.5765171E+05   1.7940174E+05   5.3705345E+05   0.0000000E+00   0.0000000E+00   0.0000000E+00
   3.7681159E-01   3.6059523E+05   1.7897158E+05   5.3950852E+05   0.0000000E+00   0.0000000E+00   0.0000000E+00
   3.9130435E-01   3.6115976E+05   1.8121132E+05   5.4231495E+05   0.0000000E+00   0.0000000E+00   0.0000000E+00
   4.0579710E-01   3.5781409E+05   1.7955653E+05   5.3737062E+05   0.0000000E+00   0.0000000E+00   0.0000000E+00
   4.2028986E-01   3.5783462E+05   1.7822489E+05   5.3600725E+05   0.0000000E+00   0.0000000E+00   0.0000000E+00
   4.3478261E-01   3.6280432E+05   1.7983617E+05   5.4253947E+05   0.0000000E+00   0.0000000E+00   0.0000000E+00
   4.4927536E-01   3.5765171E+05   1.7704151E+05   5.3461990E+05   0.0000000E+00   0.0000000E+00   0.0000000E+00
   4.6376812E-01   3.5734388E+05   1.8076756E+05   5.3806408E+05   0.0000000E+00   0.0000000E+00   0.0000000E+00
   4.7826087E-01   3.5404673E+05   1.8015764E+05   5.3418140E+05   0.0000000E+00   0.0000000E+00   0.0000000E+00
   4.9275362E-01   3.5513335E+05   1.7323198E+05   5.2829847E+05   0.0000000E+00   0.0000000E+00   0.0000000E+00
   5.0724638E-01   3.4565783E+05   1.7575161E+05   5.2136614E+05   0.0000000E+00   0.0000000E+00   0.0000000E+00
   5.2173913E-01   3.4365463E+05   1.7116430E+05   5.1481893E+05   0.0000000E+00   0.0000000E+00   0.0000000E+00
   5.3623188E-01   3.3901549E+05   1.7024500E+05   5.0913761E+05   0.0000000E+00   0.0000000E+00   0.0000000E+00
   5.5072464E-01   3.3119075E+05   1.6464821E+05   4.9573926E+05   0.0000000E+00   0.0000000E+00   0.0000000E+00
   5.6521739E-01   3.1753053E+05   1.6178650E+05   4.7931703E+05   0.0000000E+00   0.0000000E+00   0.0000000E+00
   5.7971014E-01   3.1116457E+05   1.5904893E+05   4.7015667E+05   0.0000000E+00   0.0000000E+00   0.0000000E+00
   5.9420290E-01   3.0679095E+05   1.5291496E+05   4.5966895E+05   0.0000000E+00   0.0000000E+00   0.0000000E+00
   6.0869565E-01   2.9622092E+05   1.4972516E+05   4.4592804E+05   0.0000000E+00   0.0000000E+00   0.0000000E+00
   6.2318841E-01   2.8482088E+05   1.4280693E+05   4.2757495E+05   0.0000000E+00   0.0000000E+00   0.0000000E+00
   6.3768116E-01   2.7695276E+05   1.3885525E+05   4.1575634E+05   0.0000000E+00   0.0000000E+00   0.0000000E+00
   6.5217391E-01   2.6131812E+05   1.3002761E+05   3.9129522E+05   0.0000000E+00   0.0000000E+00   0.0000000E+00
   6.6666667E-01   2.5079437E+05   1.2613021E+05   3.7690811E+05   0.0000000E+00   0.0000000E+00   0.0000000E+00
   6.8115942E-01   2.4034763E+05   1.2110889E+05   3.6137591E+05   0.0000000E+00   0.0000000E+00   0.0000000E+00
   6.9565217E-01   2.3164642E+05   1.1381836E+05   3.4544900E+05   0.0000000E+00   0.0000000E+00   0.0000000E+00
   7.1014493E-01   2.1937250E+05   1.0899037E+05   3.2833194E+05   0.0000000E+00   0.0000000E+00   0.0000000E+00
   7.2463768E-01   2.1389391E+05   1.0606798E+05   3.1994674E+05   0.0000000E+00   0.0000000E+00   0.0000000E+00
   7.3913043E-01   1.9967105E+05   9.9738948E+04   2.9938028E+05   0.0000000E+00   0.0000000E+00   0.0000000E+00
   7.5362319E-01   1.8821013E+05   9.1511276E+04   2.7972141E+05   0.0000000E+00   0.0000000E+00   0.0000000E+00
   7.6811594E-01   1.7399350E+05   8.7354172E+04   2.6136197E+05   0.0000000E+00   0.0000000E+00   0.0000000E+00
   7.8260870E-01   1.6089276E+05   8.0165735E+04   2.4104446E+05   0.0000000E+00   0.0000000E+00   0.0000000E+00
   7.9710145E-01   1.5178155E+05   7.3569344E+04   2.2533711E+05   0.0000000E+00   0.0000000E+00   0.0000000E+00
   8.1159420E-01   1.4139908E+05   6.8629294E+04   2.1001484E+05   0.0000000E+00   0.0000000E+00   0.0000000E+00
   8.2608696E-01   1.2799103E+05   6.5909798E+04   1.9390083E+05   0.0000000E+00   0.0000000E+00   0.0000000E+00
   8.4057971E-01   1.2088513E+05   5.8541691E+04   1.7941376E+05   0.0000000E+00   0.0000000E+00   0.0000000E+00
   8.5507246E-01   1.1069377E+05   5.6252317E+04   1.6693324E+05   0.0000000E+00   0.0000000E+00   0.0000000E+00
   8.6956522E-01   9.9263506E+04   4.9896961E+04   1.4916047E+05   0.0000000E+00   0.0000000E+00   0.0000000E+00
   8.8405797E-01   8.9276288E+04   4.4569823E+04   1.3384611E+05   0.0000000E+00   0.0000000E+00   0.0000000E+00
   8.9855072E-01   7.9941220E+04   3.9524523E+04   1.1946574E+05   0.0000000E+00   0.0000000E+00   0.0000000E+00
   9.1304348E-01   6.9495279E+04   3.3184056E+04   1.0267933E+05   0.0000000E+00   0.0000000E+00   0.0000000E+00
   9.2753623E-01   5.8878508E+04   2.9622768E+04   8.8501277E+04   0.0000000E+00   0.0000000E+00   0.0000000E+00
   9.4202899E-01   5.0138854E+04   2.4620613E+04   7.4759467E+04   0.0000000E+00   0.0000000E+00   0.0000000E+00
   9.5652174E-01   3.9172690E+04   1.9241919E+04   5.8414610E+04   0.0000000E+00   0.0000000E+00   0.0000000E+00
   9.7101449E-01   2.7108878E+04   1.3051166E+04   4.0160044E+04   0.0000000E+00   0.0000000E+00   0.0000000E+00
   9.8550725E-01   8.6916855E+03   4.5018474E+03   1.3193533E+04   0.0000000E+00   0.0000000E+00   0.0000000E+00
   1.0000000E+00   0.0000000E+00   0.0000000E+00   0.0000000E+00   0.0000000E+00   0.0000000E+00   0.0000000E+00
