   0.0000000E+00   3.2128035E+05   7.8804615E+04   4.0008497E+05   0.0000000E+00   0.0000000E+00   0.0000000E+00
   1.4492754E-02   2.8490899E+05   1.5760923E+05   4.4251822E+05   0.0000000E+00   0.0000000E+00   0.0000000E+00
   2.8985507E-02   2.8793994E+05   1.5836697E+05   4.4630691E+05   0.0000000E+00   0.0000000E+00   0.0000000E+00
   4.3478261E-02   2.9678020E+05   1.5129476E+05   4.4807496E+05   0.0000000E+00   0.0000000E+00   0.0000000E+00
   5.7971014E-02   3.0347354E+05   1.3279335E+05   4.3626690E+05   0.0000000E+00   0.0000000E+00   0.0000000E+00
   7.2463768E-02   2.9188017E+05   1.5063805E+05   4.4251822E+05   0.0000000E+00   0.0000000E+00   0.0000000E+00
   8.6956522E-02   3.1218751E+05   1.4927413E+05   4.6146164E+05   0.0000000E+00   0.0000000E+00   0.0000000E+00
   1.0144928E-01   2.9984723E+05   1.4786690E+05   4.4771413E+05   0.0000000E+00   0.0000000E+00   0.0000000E+00
   1.1594203E-01   3.0328411E+05   1.5192621E+05   4.5521031E+05   0.0000000E+00   0.0000000E+00   0.0000000E+00
   1.3043478E-01   3.1075623E+05   1.6577595E+05   4.7653218E+05   0.0000000E+00   0.0000000E+00   0.0000000E+00
   1.4492754E-01   3.1423340E+05   1.5745768E+05   4.7169109E+05   0.0000000E+00   0.0000000E+00   0.0000000E+00
   1.5942029E-01   3.2107370E+05   1.5946913E+05   4.8054283E+05   0.0000000E+00   0.0000000E+00   0.0000000E+00
   1.7391304E-01   3.1982803E+05   1.6247137E+05   4.8229940E+05   0.0000000E+00   0.0000000E+00   0.0000000E+00
   1.8840580E-01   3.2536047E+05   1.5929957E+05   4.8454347E+05   0.0000000E+00   0.0000000E+00   0.0000000E+00
   2.0289855E-01   3.2739637E+05   1.6377937E+05   4.9117574E+05   0.0000000E+00   0.0000000E+00   0.0000000E+00
   2.1739130E-01   3.2749379E+05   1.6417628E+05   4.9161956E+05   0.0000000E+00   0.0000000E+00   0.0000000E+00
   2.3188406E-01   3.3250433E+05   1.7077491E+05   5.0327923E+05   0.0000000E+00   0.0000000E+00   0.0000000E+00
   2.4637681E-01   3.3844086E+05   1.7084734E+05   5.0928820E+05   0.0000000E+00   0.0000000E+00   0.0000000E+00
   2.6086957E-01   3.4674873E+05   1.7141688E+05   5.1816560E+05   0.0000000E+00   0.0000000E+00   0.0000000E+00
   2.7536232E-01   3.4895768E+05   1.7415979E+05   5.2307760E+05   0.0000000E+00   0.0000000E+00   0.0000000E+00
   2.8985507E-01   3.4219389E+05   1.7651476E+05   5.1870865E+05   0.0000000E+00   0.0000000E+00   0.0000000E+00
   3.0434783E-01   3.5011043E+05   1.7092375E+05   5.2103418E+05   0.0000000E+00   0.0000000E+00   0.0000000E+00
   3.1884058E-01   3.5117651E+05   1.7400390E+05   5.2514596E+05   0.0000000E+00   0.0000000E+00   0.0000000E+00
   3.3333333E-01   3.5310529E+05   1.7796929E+05   5.3104164E+05   0.0000000E+00   0.0000000E+00   0.0000000E+00
   3.4782609E-01   3.5597838E+05   1.8021504E+05   5.3616185E+05   0.0000000E+00   0.0000000E+00   0.0000000E+00
   3.6231884E-01   3.5977338E+05   1.8228114E+05   5.4196359E+05   0.0000000E+00   0.0000000E+00   0.0000000E+00
   3.7681159E-01   3.5835116E+05   1.7926301E+05   5.3755589E+05   0.0000000E+00   0.0000000E+00   0.0000000E+00
   3.9130435E-01   3.5442432E+05   1.8031327E+05   5.3473758E+05   0.0000000E+00   0.0000000E+00   0.0000000E+00
   4.0579710E-01   3.6333474E+05   1.8023308E+05   5.4356782E+05   0.0000000E+00   0.0000000E+00   0.0000000E+00
   4.2028986E-01   3.6353071E+05   1.7853844E+05   5.4196463E+05   0.0000000E+00   0.0000000E+00   0.0000000E+00
   4.3478261E-01   3.6149091E+05   1.7963411E+05   5.4107451E+05   0.0000000E+00   0.0000000E+00   0.0000000E+00
   4.4927536E-01   3.6346918E+05   1.7831255E+05   5.4178173E+05   0.0000000E+00   0.0000000E+00   0.0000000E+00
   4.6376812E-01   3.5838577E+05   1.7915737E+05   5.3754314E+05   0.0000000E+00   0.0000000E+00   0.0000000E+00
   4.7826087E-01   3.5253125E+05   1.8132868E+05   5.3379105E+05   0.0000000E+00   0.0000000E+00   0.0000000E+00
   4.9275362E-01   3.5252585E+05   1.7653036E+05   5.2898935E+05   0.0000000E+00   0.0000000E+00   0.0000000E+00
   5.0724638E-01   3.4474854E+05   1.7464748E+05   5.1935272E+05   0.0000000E+00   0.0000000E+00   0.0000000E+00
   5.2173913E-01   3.4268642E+05   1.7000664E+05   5.1260887E+05   0.0000000E+00   0.0000000E+00   0.0000000E+00
   5.3623188E-01   3.3690611E+05   1.6938487E+05   5.0616810E+05   0.0000000E+00   0.0000000E+00   0.0000000E+00
   5.5072464E-01   3.2291547E+05   1.6622350E+05   4.8909909E+05   0.0000000E+00   0.0000000E+00   0.0000000E+00
   5.6521739E-01   3.2238782E+05   1.5900813E+05   4.8131823E+05   0.0000000E+00   0.0000000E+00   0.0000000E+00
   5.7971014E-01   3.1311574E+05   1.5711670E+05   4.7021350E+05   0.0000000E+00   0.0000000E+00   0.0000000E+00
   5.9420290E-01   3.0823250E+05   1.5271166E+05   4.6090720E+05   0.0000000E+00   0.0000000E+00   0.0000000E+00
   6.0869565E-01   2.9696061E+05   1.4754216E+05   4.4446669E+05   0.0000000E+00   0.0000000E+00   0.0000000E+00
   6.2318841E-01   2.8758750E+05   1.4167914E+05   4.2923140E+05   0.0000000E+00   0.0000000E+00   0.0000000E+00
   6.3768116E-01   2.7576449E+05   1.3944077E+05   4.1520526E+05   0.0000000E+00   0.0000000E+00   0.0000000E+00
   6.5217391E-01   2.6392811E+05   1.2984239E+05   3.9373682E+05   0.0000000E+00   0.0000000E+00   0.0000000E+00
   6.6666667E-01   2.4937773E+05   1.2911174E+05   3.7842358E+05   0.0000000E+00   0.0000000E+00   0.0000000E+00
   6.8115942E-01   2.3594631E+05   1.1925486E+05   3.5515280E+05   0.0000000E+00   0.0000000E+00   0.0000000E+00
   6.9565217E-01   2.3014673E+05   1.1410252E+05   3.4421767E+05   0.0000000E+00   0.0000000E+00   0.0000000E+00
   7.1014493E-01   2.2254262E+05   1.0963986E+05   3.3215156E+05   0.0000000E+00   0.0000000E+00   0.0000000E+00
   7.2463768E-01   2.0940811E+05   1.0665902E+05   3.1606713E+05   0.0000000E+00   0.0000000E+00   0.0000000E+00
   7.3913043E-01   1.9900245E+05   9.8788063E+04   2.9777566E+05   0.0000000E+00   0.0000000E+00   0.0000000E+00
   7.5362319E-01   1.8577663E+05   9.4644226E+04   2.8040629E+05   0.0000000E+00   0.0000000E+00   0.0000000E+00
   7.6811594E-01   1.7496569E+05   8.8526520E+04   2.6347791E+05   0.0000000E+00   0.0000000E+00   0.0000000E+00
   7.8260870E-01   1.6303968E+05   8.0769118E+04   2.4380879E+05   0.0000000E+00   0.0000000E+00   0.0000000E+00
   7.9710145E-01   1.5222241E+05   7.5870108E+04   2.2807874E+05   0.0000000E+00   0.0000000E+00   0.0000000E+00
   8.1159420E-01   1.4120964E+05   6.9265252E+04   2.1044783E+05   0.0000000E+00   0.0000000E+00   0.0000000E+00
   8.2608696E-01   1.3304261E+05   6.4819721E+04   1.9784904E+05   0.0000000E+00   0.0000000E+00   0.0000000E+00
   8.4057971E-01   1.1845515E+05   6.0697321E+04   1.7915247E+05   0.0000000E+00   0.0000000E+00   0.0000000E+00
   8.5507246E-01   1.0931957E+05   5.5250563E+04   1.6457013E+05   0.0000000E+00   0.0000000E+00   0.0000000E+00
   8.6956522E-01   9.9465569E+04   4.9808558E+04   1.4927413E+05   0.0000000E+00   0.0000000E+00   0.0000000E+00
   8.8405797E-01   9.0617854E+04   4.5203341E+04   1.3582120E+05   0.0000000E+00   0.0000000E+00   0.0000000E+00
   8.9855072E-01   7.8743507E+04   3.8705679E+04   1.1742474E+05   0.0000000E+00   0.0000000E+00   0.0000000E+00
   9.1304348E-01   6.9338920E+04   3.5529431E+04   1.0486835E+05   0.0000000E+00   0.0000000E+00   0.0000000E+00
   9.2753623E-01   6.0240066E+04   3.0640977E+04   9.0881044E+04   0.0000000E+00   0.0000000E+00   0.0000000E+00
   9.4202899E-01   4.9987306E+04   2.5763047E+04   7.5750353E+04   0.0000000E+00   0.0000000E+00   0.0000000E+00
   9.5652174E-01   3.8265703E+04   1.9138592E+04   5.7404294E+04   0.0000000E+00   0.0000000E+00   0.0000000E+00
   9.7101449E-01   2.7063640E+04   1.3469618E+04   4.0533258E+04   0.0000000E+00   0.0000000E+00   0.0000000E+00
   9.8550725E-01   9.0816970E+03   4.2455541E+03   1.3327251E+04   0.0000000E+00   0.0000000E+00   0.0000000E+00
   1.0000000E+00   0.0000000E+00   0.0000000E+00   0.0000000E+00   0.0000000E+00   0.0000000E+00   0.0000000E+00
