   0.0000000E+00   4.3566828E+07   2.6908745E+07   7.0475574E+07   4.1287705E-03   3.6822166E-04   2.5153211E-03
   1.4492754E-02   4.3330415E+07   2.7247453E+07   7.0577110E+07   1.2833768E-03   2.4244198E-04   7.4920079E-04
   2.8985507E-02   4.0261960E+07   2.4831410E+07   6.5093370E+07   8.1104483E-04   2.5508536E-04   5.1206457E-04
   4.3478261E-02   3.3861232E+07   1.8874968E+07   5.2735947E+07   5.4642969E-04   1.6130217E-04   3.5444985E-04
   5.7971014E-02   2.4942229E+07   1.2235364E+07   3.7177593E+07   2.8814663E-04   2.7083827E-04   2.7098348E-04
   7.2463768E-02   1.5281579E+07   6.3474087E+06   2.1628684E+07   2.1840330E-04   2.0617150E-04   9.5735976E-05
   8.6956522E-02   8.8147508E+06   3.1995431E+06   1.2014294E+07   2.6591016E-03   4.7029115E-04   2.0184628E-03
   1.0144928E-01   4.5919926E+06   1.6003399E+06   6.1923324E+06   4.3629532E-03   5.1973723E-04   3.3693824E-03
   1.1594203E-01   1.4292808E+06   4.9584394E+05   1.9251248E+06   1.4125087E-02   3.6444792E-03   1.1394390E-02
   1.3043478E-01   4.3275184E+04   1.4986348E+04   5.8261532E+04   7.5473243E-02   2.4703961E-02   6.2304635E-02
   1.4492754E-01   2.3035195E+04   5.9103461E+03   2.8945541E+04   1.1119778E-01   3.1484412E-02   9.4560871E-02
   1.5942029E-01   1.3845916E+04   4.1331092E+03   1.7979025E+04   1.1125284E-01   4.9453355E-02   9.7044245E-02
   1.7391304E-01   1.0292590E+04   2.7783678E+03   1.3070958E+04   1.1816334E-01   4.6686065E-02   1.0296045E-01
   1.8840580E-01   7.5190794E+03   2.3897849E+03   9.9088643E+03   1.3481413E-01   2.1548995E-02   1.0630901E-01
   2.0289855E-01   5.6289011E+03   1.7319696E+03   7.3608706E+03   1.3991239E-01   4.9448353E-02   1.1858987E-01
   2.1739130E-01   4.6979674E+03   1.2628945E+03   5.9608619E+03   1.4566041E-01   4.6939407E-02   1.2465164E-01
   2.3188406E-01   3.8360420E+03   1.2313221E+03   5.0673641E+03   8.9545704E-02   4.0339451E-02   7.6769651E-02
   2.4637681E-01   3.3875287E+03   7.5773668E+02   4.1452654E+03   9.4515672E-02   4.2977865E-02   8.5089692E-02
   2.6086957E-01   3.0309467E+03   9.6821910E+02   3.9991658E+03   1.5908955E-01   6.5686657E-02   1.3639265E-01
   2.7536232E-01   2.5523762E+03   4.7857054E+02   3.0309467E+03   1.6909186E-01   8.4702785E-02   1.5461359E-01
   2.8985507E-01   2.0837759E+03   5.3041568E+02   2.6141916E+03   1.2453499E-01   8.3858356E-02   1.1527534E-01
   3.0434783E-01   2.1649620E+03   2.8866159E+02   2.4536235E+03   1.6099196E-01   2.7813095E-02   1.4522175E-01
   3.1884058E-01   1.9632269E+03   3.0998319E+02   2.2732101E+03   1.1696242E-01   1.9641866E-01   1.2770917E-01
   3.3333333E-01   1.4495832E+03   1.3178029E+02   1.5813635E+03   1.3859984E-01   3.0911048E-07   1.2704985E-01
   3.4782609E-01   1.3576116E+03   9.4717086E+01   1.4523286E+03   1.5018362E-01   1.3171318E-05   1.4038828E-01
   3.6231884E-01   1.1517598E+03   2.1216627E+02   1.3639260E+03   1.3040404E-01   9.7587687E-06   1.1012030E-01
   3.7681159E-01   9.0345528E+02   5.8287437E+01   9.6174271E+02   1.3128155E-01   1.2682813E-05   1.2332585E-01
   3.9130435E-01   8.9805829E+02   1.4032161E+02   1.0383799E+03   1.3501861E-01   8.0038391E-02   1.2594542E-01
   4.0579710E-01   8.3892276E+02   5.4124049E+01   8.9304681E+02   1.4396495E-01   2.9027592E-01   1.5245630E-01
   4.2028986E-01   4.1806162E+02   1.0451540E+02   5.2257702E+02   1.2329108E-01   9.5380409E-02   1.1690833E-01
   4.3478261E-01   6.0618935E+02   1.2628945E+02   7.3247879E+02   6.5426583E-02   3.2529619E-02   5.9750686E-02
   4.4927536E-01   2.9331743E+02   7.3329357E+01   3.6664678E+02   7.4540249E-02   1.2822853E-06   5.9632427E-02
   4.6376812E-01   4.4990616E+02   0.0000000E+00   4.4990616E+02   7.3512564E-02   0.0000000E+00   7.3512564E-02
   4.7826087E-01   4.5923435E+02   2.2961718E+01   4.8219607E+02   1.9349790E-01   4.4810201E-02   1.8641754E-01
   4.9275362E-01   2.8972285E+02   2.2286373E+01   3.1200922E+02   1.7430083E-01   1.8214321E-06   1.6185090E-01
   5.0724638E-01   3.8969315E+02   2.1649620E+01   4.1134277E+02   1.2621548E-01   4.3702591E-05   1.1957030E-01
   5.2173913E-01   2.1048241E+02   2.1048241E+01   2.3153065E+02   2.0282595E-01   4.9765461E-06   1.8438680E-01
   5.3623188E-01   1.8431433E+02   0.0000000E+00   1.8431433E+02   3.7927302E-02   0.0000000E+00   3.7927302E-02
   5.5072464E-01   1.7946395E+02   1.9940439E+01   1.9940439E+02   1.3564040E-01   2.1578969E-05   1.2207850E-01
   5.6521739E-01   1.3600402E+02   0.0000000E+00   1.3600402E+02   2.4589590E-01   0.0000000E+00   2.4589590E-01
   5.7971014E-01   7.5773668E+01   0.0000000E+00   7.5773668E+01   1.5305285E-06   0.0000000E+00   1.5305285E-06
   5.9420290E-01   1.8481383E+01   1.8481383E+01   3.6962765E+01   9.4575194E-06   5.5697206E-06   7.5058319E-06
   6.0869565E-01   5.4124049E+01   0.0000000E+00   5.4124049E+01   2.2377856E-05   0.0000000E+00   2.2377856E-05
   6.2318841E-01   5.2865350E+01   0.0000000E+00   5.2865350E+01   1.5764423E-01   0.0000000E+00   1.5764423E-01
   6.3768116E-01   5.1663865E+01   0.0000000E+00   5.1663865E+01   4.2808751E-06   0.0000000E+00   4.2808751E-06
   6.5217391E-01   1.6838593E+01   1.6838593E+01   3.3677186E+01   4.7745232E-01   3.2685784E-06   2.3872779E-01
   6.6666667E-01   1.6472537E+01   0.0000000E+00   1.6472537E+01   3.3825080E-05   0.0000000E+00   3.3825080E-05
   6.8115942E-01   3.2244114E+01   0.0000000E+00   3.2244114E+01   1.1974179E-05   0.0000000E+00   1.1974179E-05
   6.9565217E-01   0.0000000E+00   0.0000000E+00   0.0000000E+00   0.0000000E+00   0.0000000E+00   0.0000000E+00
   7.1014493E-01   0.0000000E+00   0.0000000E+00   0.0000000E+00   0.0000000E+00   0.0000000E+00   0.0000000E+00
   7.2463768E-01   3.0309467E+01   0.0000000E+00   3.0309467E+01   1.0800374E-05   0.0000000E+00   1.0800374E-05
   7.3913043E-01   0.0000000E+00   0.0000000E+00   0.0000000E+00   0.0000000E+00   0.0000000E+00   0.0000000E+00
   7.5362319E-01   0.0000000E+00   0.0000000E+00   0.0000000E+00   0.0000000E+00   0.0000000E+00   0.0000000E+00
   7.6811594E-01   0.0000000E+00   0.0000000E+00   0.0000000E+00   0.0000000E+00   0.0000000E+00   0.0000000E+00
   7.8260870E-01   0.0000000E+00   0.0000000E+00   0.0000000E+00   0.0000000E+00   0.0000000E+00   0.0000000E+00
   7.9710145E-01   0.0000000E+00   0.0000000E+00   0.0000000E+00   0.0000000E+00   0.0000000E+00   0.0000000E+00
   8.1159420E-01   1.3531012E+01   0.0000000E+00   1.3531012E+01   3.8015881E-07   0.0000000E+00   3.8015881E-07
   8.2608696E-01   0.0000000E+00   0.0000000E+00   0.0000000E+00   0.0000000E+00   0.0000000E+00   0.0000000E+00
   8.4057971E-01   1.3064426E+01   0.0000000E+00   1.3064426E+01   4.4625497E-06   0.0000000E+00   4.4625497E-06
   8.5507246E-01   1.2842995E+01   0.0000000E+00   1.2842995E+01   1.2764754E-06   0.0000000E+00   1.2764754E-06
   8.6956522E-01   0.0000000E+00   0.0000000E+00   0.0000000E+00   0.0000000E+00   0.0000000E+00   0.0000000E+00
   8.8405797E-01   1.2421913E+01   0.0000000E+00   1.2421913E+01   5.3289003E-06   0.0000000E+00   5.3289003E-06
   8.9855072E-01   1.2221559E+01   0.0000000E+00   1.2221559E+01   1.0900409E-06   0.0000000E+00   1.0900409E-06
   9.1304348E-01   0.0000000E+00   0.0000000E+00   0.0000000E+00   0.0000000E+00   0.0000000E+00   0.0000000E+00
   9.2753623E-01   0.0000000E+00   0.0000000E+00   0.0000000E+00   0.0000000E+00   0.0000000E+00   0.0000000E+00
   9.4202899E-01   0.0000000E+00   0.0000000E+00   0.0000000E+00   0.0000000E+00   0.0000000E+00   0.0000000E+00
   9.5652174E-01   0.0000000E+00   0.0000000E+00   0.0000000E+00   0.0000000E+00   0.0000000E+00   0.0000000E+00
   9.7101449E-01   0.0000000E+00   0.0000000E+00   0.0000000E+00   0.0000000E+00   0.0000000E+00   0.0000000E+00
   9.8550725E-01   0.0000000E+00   0.0000000E+00   0.0000000E+00   0.0000000E+00   0.0000000E+00   0.0000000E+00
   1.0000000E+00   0.0000000E+00   0.0000000E+00   0.0000000E+00   0.0000000E+00   0.0000000E+00   0.0000000E+00
