   0.0000000E+00   9.7596485E+05   8.9716023E+05   1.8731251E+06   1.7639859E-02   2.1538458E-03   1.0198948E-02
   1.4492754E-02   8.5396924E+05   8.3426809E+05   1.6882373E+06   5.0665050E-03   1.4090139E-04   2.6070275E-03
   2.8985507E-02   9.1534591E+05   8.7329153E+05   1.7886374E+06   3.9707035E-03   5.0612906E-04   1.9256772E-03
   4.3478261E-02   9.5323275E+05   9.1812428E+05   1.8713570E+06   4.9603909E-03   1.5096762E-04   2.5997350E-03
   5.7971014E-02   9.6838748E+05   9.5285388E+05   1.9212414E+06   3.0968979E-03   2.7161457E-04   1.6620249E-03
   7.2463768E-02   9.8308757E+05   9.6399261E+05   1.9469286E+06   2.5391912E-03   2.2732087E-04   1.1875816E-03
   8.6956522E-02   9.6447251E+05   9.3630996E+05   1.9007825E+06   1.6018084E-03   7.3208995E-05   8.1666728E-04
   1.0144928E-01   9.1577891E+05   9.2259854E+05   1.8383774E+06   2.3504205E-03   3.2802369E-04   1.0259584E-03
   1.1594203E-01   9.0341156E+05   8.5046471E+05   1.7538763E+06   2.8749709E-03   3.2818326E-05   1.4654002E-03
   1.3043478E-01   8.4630768E+05   7.9419224E+05   1.6404157E+06   3.0481155E-03   2.6451756E-04   1.6421667E-03
   1.4492754E-01   8.0805040E+05   7.4796188E+05   1.5558607E+06   2.8826597E-03   2.0488442E-04   1.4003768E-03
   1.5942029E-01   7.5787445E+05   6.7045920E+05   1.4283336E+06   4.0581317E-03   3.2407642E-04   2.0958253E-03
   1.7391304E-01   7.2944785E+05   6.2923717E+05   1.3586850E+06   6.3520675E-03   1.5863944E-04   3.4189092E-03
   1.8840580E-01   7.0434539E+05   5.8922770E+05   1.2935148E+06   6.7437393E-03   3.1092773E-04   3.5491566E-03
   2.0289855E-01   6.6767427E+05   5.4313483E+05   1.2107008E+06   8.4715591E-03   2.6113012E-04   4.6176196E-03
   2.1739130E-01   6.4235864E+05   4.9975260E+05   1.1420607E+06   7.6039693E-03   7.0148439E-05   4.2530318E-03
   2.3188406E-01   6.1518747E+05   4.5487880E+05   1.0700189E+06   1.0470228E-02   4.2987369E-04   6.0052554E-03
   2.4637681E-01   5.8840482E+05   4.2036557E+05   1.0087258E+06   9.1799410E-03   4.0561684E-04   5.1705489E-03
   2.6086957E-01   5.6935493E+05   3.9313905E+05   9.6240978E+05   1.1924098E-02   7.8387445E-06   7.0667299E-03
   2.7536232E-01   5.3855138E+05   3.5896778E+05   8.9747928E+05   1.3305812E-02   4.3425736E-04   7.9962759E-03
   2.8985507E-01   5.1351815E+05   3.3147191E+05   8.4495218E+05   1.1852683E-02   5.3383342E-05   7.2243885E-03
   3.0434783E-01   4.9693093E+05   3.0890399E+05   8.0572667E+05   1.3166439E-02   8.1486623E-05   8.1218535E-03
   3.1884058E-01   4.7658193E+05   2.8983428E+05   7.6641621E+05   1.7717939E-02   4.2185860E-05   1.1012896E-02
   3.3333333E-01   4.5744234E+05   2.6741516E+05   7.2479161E+05   1.6084307E-02   2.8893120E-04   1.0257560E-02
   3.4782609E-01   4.4706464E+05   2.4547511E+05   6.9247661E+05   1.5665138E-02   2.1472136E-04   1.0060599E-02
   3.6231884E-01   4.2460533E+05   2.2904864E+05   6.5359335E+05   1.6157449E-02   4.6888475E-04   1.0623758E-02
   3.7681159E-01   4.1142188E+05   2.1149597E+05   6.2288870E+05   1.9757420E-02   8.6681701E-04   1.3330983E-02
   3.9130435E-01   3.9172180E+05   1.9299834E+05   5.8472014E+05   1.7180091E-02   1.5988566E-04   1.1516256E-02
   4.0579710E-01   3.7748818E+05   1.8007071E+05   5.5750477E+05   1.7666987E-02   6.2422792E-04   1.2130516E-02
   4.2028986E-01   3.5916719E+05   1.6907980E+05   5.2822086E+05   1.7819654E-02   2.2787515E-04   1.2098816E-02
   4.3478261E-01   3.4752330E+05   1.5685149E+05   5.0434954E+05   1.9378335E-02   8.8849167E-04   1.3441281E-02
   4.4927536E-01   3.3716838E+05   1.4597431E+05   4.8311824E+05   2.0651781E-02   4.1459231E-04   1.4535843E-02
   4.6376812E-01   3.1746799E+05   1.3842902E+05   4.5582597E+05   1.8598102E-02   4.5489766E-04   1.2893002E-02
   4.7826087E-01   3.0867437E+05   1.2750642E+05   4.3618079E+05   1.8693563E-02   5.2655876E-04   1.3330303E-02
   4.9275362E-01   2.9714421E+05   1.1807320E+05   4.1517284E+05   2.0483097E-02   8.8106809E-04   1.4901897E-02
   5.0724638E-01   2.8549353E+05   1.1021821E+05   3.9571175E+05   2.0115273E-02   8.2308455E-04   1.4616346E-02
   5.2173913E-01   2.7244843E+05   9.9516085E+04   3.7196452E+05   1.9932395E-02   7.3180230E-04   1.4770058E-02
   5.3623188E-01   2.6014944E+05   9.4061746E+04   3.5419070E+05   1.9133423E-02   3.4270623E-04   1.4043240E-02
   5.5072464E-01   2.4740103E+05   8.7857574E+04   3.3525860E+05   2.3587479E-02   7.8564569E-04   1.7469751E-02
   5.6521739E-01   2.3412121E+05   7.8765757E+04   3.1288696E+05   2.3800170E-02   1.1290747E-03   1.8071409E-02
   5.7971014E-01   2.2536983E+05   7.3822496E+04   2.9917339E+05   2.3055075E-02   6.3676521E-04   1.7504297E-02
   5.9420290E-01   2.1543748E+05   7.0007477E+04   2.8544495E+05   2.3442486E-02   1.2712119E-03   1.7700954E-02
   6.0869565E-01   2.1023585E+05   6.2747814E+04   2.7298366E+05   2.1873279E-02   1.5520376E-03   1.6503346E-02
   6.2318841E-01   1.9986627E+05   5.9755467E+04   2.5962173E+05   2.2199008E-02   4.6119331E-04   1.7105761E-02
   6.3768116E-01   1.8512885E+05   5.3644313E+04   2.3877316E+05   2.5711134E-02   2.0665985E-03   2.0393010E-02
   6.5217391E-01   1.8012243E+05   5.2384863E+04   2.3250729E+05   2.5110509E-02   7.0701817E-04   1.9563140E-02
   6.6666667E-01   1.7024367E+05   4.7786829E+04   2.1803049E+05   2.4958248E-02   1.8843979E-03   1.9887065E-02
   6.8115942E-01   1.6271992E+05   4.2465498E+04   2.0518542E+05   2.8098084E-02   1.8759959E-03   2.2671043E-02
   6.9565217E-01   1.5337853E+05   4.1154574E+04   1.9453311E+05   2.5716672E-02   2.0744324E-03   2.0509164E-02
   7.1014493E-01   1.4454214E+05   3.7237346E+04   1.8177948E+05   2.8351095E-02   8.3451302E-04   2.2504110E-02
   7.2463768E-01   1.3859004E+05   3.5234756E+04   1.7382480E+05   2.9747803E-02   2.5343998E-03   2.4178110E-02
   7.3913043E-01   1.3169761E+05   3.1958659E+04   1.6365627E+05   2.9500860E-02   3.1830569E-03   2.4350789E-02
   7.5362319E-01   1.2176246E+05   3.0251180E+04   1.5201364E+05   2.6971397E-02   1.2853270E-03   2.1841191E-02
   7.6811594E-01   1.1613387E+05   2.7164145E+04   1.4329801E+05   3.2577431E-02   1.8825890E-03   2.6707036E-02
   7.8260870E-01   1.1200471E+05   2.5903369E+04   1.3790808E+05   2.9604716E-02   2.2630172E-03   2.4356157E-02
   7.9710145E-01   1.0104074E+05   2.3434729E+04   1.2447547E+05   3.1527881E-02   2.6078982E-03   2.6081650E-02
   8.1159420E-01   9.7098544E+04   2.0959538E+04   1.1805808E+05   3.4246404E-02   2.5551597E-03   2.8617026E-02
   8.2608696E-01   8.8256383E+04   1.9501749E+04   1.0775813E+05   3.3488863E-02   3.7760133E-03   2.8063301E-02
   8.4057971E-01   8.2318946E+04   1.7205848E+04   9.9524794E+04   3.5675193E-02   2.3044633E-03   2.9905426E-02
   8.5507246E-01   7.8059721E+04   1.5758354E+04   9.3818076E+04   3.7061943E-02   3.5055307E-03   3.1406270E-02
   8.6956522E-01   7.1833438E+04   1.4662205E+04   8.6495642E+04   3.9913031E-02   2.9735704E-03   3.3650927E-02
   8.8405797E-01   6.4867229E+04   1.3117540E+04   7.7984769E+04   3.5032625E-02   2.5753990E-03   2.9550042E-02
   8.9855072E-01   5.9433443E+04   1.1683811E+04   7.1117254E+04   4.4174589E-02   5.8111246E-03   3.7871817E-02
   9.1304348E-01   5.3823360E+04   9.2612261E+03   6.3084586E+04   3.8545102E-02   4.0276095E-03   3.3390846E-02
   9.2753623E-01   4.7619015E+04   8.2877450E+03   5.5906760E+04   4.0922433E-02   3.9527612E-03   3.5404035E-02
   9.4202899E-01   4.2339994E+04   7.4957644E+03   4.9835759E+04   4.5902995E-02   2.2520109E-03   3.8828433E-02
   9.5652174E-01   3.5280679E+04   5.9241232E+03   4.1204802E+04   5.1397438E-02   2.1816305E-03   4.3844225E-02
   9.7101449E-01   2.5830904E+04   4.8743957E+03   3.0705300E+04   5.5678791E-02   7.5112830E-03   4.8012446E-02
   9.8550725E-01   1.5500172E+04   2.1617782E+03   1.7661951E+04   5.3165062E-02   7.6506394E-03   4.7541185E-02
   1.0000000E+00   1.4005819E+03   1.7507274E+02   1.5756546E+03   9.3874769E-02   4.5727938E-02   8.3712798E-02
