   0.0000000E+00   2.4247574E+05   1.5154734E+05   3.9402308E+05   0.0000000E+00   0.0000000E+00   0.0000000E+00
   1.4492754E-02   3.0385241E+05   1.7579491E+05   4.7964732E+05   0.0000000E+00   0.0000000E+00   0.0000000E+00
   2.8985507E-02   2.9816939E+05   1.4093902E+05   4.3910841E+05   0.0000000E+00   0.0000000E+00   0.0000000E+00
   4.3478261E-02   2.8490899E+05   1.4725350E+05   4.3216249E+05   0.0000000E+00   0.0000000E+00   0.0000000E+00
   5.7971014E-02   2.9286523E+05   1.3980242E+05   4.3266765E+05   0.0000000E+00   0.0000000E+00   0.0000000E+00
   7.2463768E-02   3.0551943E+05   1.4321223E+05   4.4873166E+05   0.0000000E+00   0.0000000E+00   0.0000000E+00
   8.6956522E-02   2.9779052E+05   1.5382055E+05   4.5161106E+05   0.0000000E+00   0.0000000E+00   0.0000000E+00
   1.0144928E-01   2.9573380E+05   1.4516070E+05   4.4089450E+05   0.0000000E+00   0.0000000E+00   0.0000000E+00
   1.1594203E-01   3.0735694E+05   1.5874584E+05   4.6610278E+05   0.0000000E+00   0.0000000E+00   0.0000000E+00
   1.3043478E-01   3.1244009E+05   1.5432570E+05   4.6659741E+05   0.0000000E+00   0.0000000E+00   0.0000000E+00
   1.4492754E-01   3.1211174E+05   1.5760923E+05   4.6972097E+05   0.0000000E+00   0.0000000E+00   0.0000000E+00
   1.5942029E-01   3.1204974E+05   1.5850474E+05   4.7055448E+05   0.0000000E+00   0.0000000E+00   0.0000000E+00
   1.7391304E-01   3.2380614E+05   1.5969301E+05   4.8349915E+05   0.0000000E+00   0.0000000E+00   0.0000000E+00
   1.8840580E-01   3.2984861E+05   1.6262195E+05   4.9241227E+05   0.0000000E+00   0.0000000E+00   0.0000000E+00
   2.0289855E-01   3.3010257E+05   1.6069430E+05   4.9074275E+05   0.0000000E+00   0.0000000E+00   0.0000000E+00
   2.1739130E-01   3.2825153E+05   1.6695465E+05   4.9520618E+05   0.0000000E+00   0.0000000E+00   0.0000000E+00
   2.3188406E-01   3.3525112E+05   1.7082226E+05   5.0602603E+05   0.0000000E+00   0.0000000E+00   0.0000000E+00
   2.4637681E-01   3.3705911E+05   1.6826212E+05   5.0527665E+05   0.0000000E+00   0.0000000E+00   0.0000000E+00
   2.6086957E-01   3.4220231E+05   1.7070124E+05   5.1286145E+05   0.0000000E+00   0.0000000E+00   0.0000000E+00
   2.7536232E-01   3.4580709E+05   1.7794848E+05   5.2375557E+05   0.0000000E+00   0.0000000E+00   0.0000000E+00
   2.8985507E-01   3.4208023E+05   1.6969513E+05   5.1173747E+05   0.0000000E+00   0.0000000E+00   0.0000000E+00
   3.0434783E-01   3.4744031E+05   1.7413511E+05   5.2157542E+05   0.0000000E+00   0.0000000E+00   0.0000000E+00
   3.1884058E-01   3.5069431E+05   1.7648376E+05   5.2710919E+05   0.0000000E+00   0.0000000E+00   0.0000000E+00
   3.3333333E-01   3.4552793E+05   1.7572902E+05   5.2122400E+05   0.0000000E+00   0.0000000E+00   0.0000000E+00
   3.4782609E-01   3.5237913E+05   1.8173051E+05   5.3407807E+05   0.0000000E+00   0.0000000E+00   0.0000000E+00
   3.6231884E-01   3.5607562E+05   1.7888648E+05   5.3490148E+05   0.0000000E+00   0.0000000E+00   0.0000000E+00
   3.7681159E-01   3.5549508E+05   1.8086592E+05   5.3633185E+05   0.0000000E+00   0.0000000E+00   0.0000000E+00
   3.9130435E-01   3.5826913E+05   1.7941521E+05   5.3765627E+05   0.0000000E+00   0.0000000E+00   0.0000000E+00
   4.0579710E-01   3.6268525E+05   1.7980009E+05   5.4248534E+05   0.0000000E+00   0.0000000E+00   0.0000000E+00
   4.2028986E-01   3.5932396E+05   1.8070713E+05   5.3997884E+05   0.0000000E+00   0.0000000E+00   0.0000000E+00
   4.3478261E-01   3.5813161E+05   1.8215990E+05   5.4021574E+05   0.0000000E+00   0.0000000E+00   0.0000000E+00
   4.4927536E-01   3.5779837E+05   1.7926583E+05   5.3706421E+05   0.0000000E+00   0.0000000E+00   0.0000000E+00
   4.6376812E-01   3.5833841E+05   1.8005718E+05   5.3832456E+05   0.0000000E+00   0.0000000E+00   0.0000000E+00
   4.7826087E-01   3.5859315E+05   1.7735631E+05   5.3588057E+05   0.0000000E+00   0.0000000E+00   0.0000000E+00
   4.9275362E-01   3.4974005E+05   1.7735496E+05   5.2705044E+05   0.0000000E+00   0.0000000E+00   0.0000000E+00
   5.0724638E-01   3.4455370E+05   1.7709389E+05   5.2162593E+05   0.0000000E+00   0.0000000E+00   0.0000000E+00
   5.2173913E-01   3.4293899E+05   1.7187994E+05   5.1475579E+05   0.0000000E+00   0.0000000E+00   0.0000000E+00
   5.3623188E-01   3.3770481E+05   1.7606114E+05   5.1372499E+05   0.0000000E+00   0.0000000E+00   0.0000000E+00
   5.5072464E-01   3.3027349E+05   1.6624344E+05   4.9643717E+05   0.0000000E+00   0.0000000E+00   0.0000000E+00
   5.6521739E-01   3.1902657E+05   1.5996016E+05   4.7892844E+05   0.0000000E+00   0.0000000E+00   0.0000000E+00
   5.7971014E-01   3.1637401E+05   1.5660523E+05   4.7290346E+05   0.0000000E+00   0.0000000E+00   0.0000000E+00
   5.9420290E-01   3.0350126E+05   1.5134404E+05   4.5482682E+05   0.0000000E+00   0.0000000E+00   0.0000000E+00
   6.0869565E-01   3.0111013E+05   1.4842618E+05   4.4948218E+05   0.0000000E+00   0.0000000E+00   0.0000000E+00
   6.2318841E-01   2.8406315E+05   1.4405808E+05   4.2808598E+05   0.0000000E+00   0.0000000E+00   0.0000000E+00
   6.3768116E-01   2.7483454E+05   1.3558320E+05   4.1040052E+05   0.0000000E+00   0.0000000E+00   0.0000000E+00
   6.5217391E-01   2.6232844E+05   1.3105477E+05   3.9336637E+05   0.0000000E+00   0.0000000E+00   0.0000000E+00
   6.6666667E-01   2.5181567E+05   1.2573487E+05   3.7750112E+05   0.0000000E+00   0.0000000E+00   0.0000000E+00
   6.8115942E-01   2.4333021E+05   1.2006096E+05   3.6334280E+05   0.0000000E+00   0.0000000E+00   0.0000000E+00
   6.9565217E-01   2.3177271E+05   1.1639151E+05   3.4814843E+05   0.0000000E+00   0.0000000E+00   0.0000000E+00
   7.1014493E-01   2.2268180E+05   1.1206771E+05   3.3471858E+05   0.0000000E+00   0.0000000E+00   0.0000000E+00
   7.2463768E-01   2.0625593E+05   1.0712881E+05   3.1333927E+05   0.0000000E+00   0.0000000E+00   0.0000000E+00
   7.3913043E-01   1.9935904E+05   9.8550342E+04   2.9789452E+05   0.0000000E+00   0.0000000E+00   0.0000000E+00
   7.5362319E-01   1.8742325E+05   9.3128753E+04   2.8053744E+05   0.0000000E+00   0.0000000E+00   0.0000000E+00
   7.6811594E-01   1.7405069E+05   8.7611517E+04   2.6163361E+05   0.0000000E+00   0.0000000E+00   0.0000000E+00
   7.8260870E-01   1.6145404E+05   8.0446378E+04   2.4188639E+05   0.0000000E+00   0.0000000E+00   0.0000000E+00
   7.9710145E-01   1.5423386E+05   7.6545182E+04   2.3076526E+05   0.0000000E+00   0.0000000E+00   0.0000000E+00
   8.1159420E-01   1.4074959E+05   7.0212422E+04   2.1096201E+05   0.0000000E+00   0.0000000E+00   0.0000000E+00
   8.2608696E-01   1.2999837E+05   6.6986582E+04   1.9697166E+05   0.0000000E+00   0.0000000E+00   0.0000000E+00
   8.4057971E-01   1.2063691E+05   6.0017971E+04   1.8065488E+05   0.0000000E+00   0.0000000E+00   0.0000000E+00
   8.5507246E-01   1.0985898E+05   5.6033986E+04   1.6588012E+05   0.0000000E+00   0.0000000E+00   0.0000000E+00
   8.6956522E-01   9.9149845E+04   5.0440005E+04   1.4958985E+05   0.0000000E+00   0.0000000E+00   0.0000000E+00
   8.8405797E-01   9.0369416E+04   4.5923812E+04   1.3629323E+05   0.0000000E+00   0.0000000E+00   0.0000000E+00
   8.9855072E-01   7.8670178E+04   3.9182320E+04   1.1782805E+05   0.0000000E+00   0.0000000E+00   0.0000000E+00
   9.1304348E-01   6.9278783E+04   3.5120494E+04   1.0439928E+05   0.0000000E+00   0.0000000E+00   0.0000000E+00
   9.2753623E-01   5.9363933E+04   2.9895080E+04   8.9259013E+04   0.0000000E+00   0.0000000E+00   0.0000000E+00
   9.4202899E-01   4.8331943E+04   2.5308405E+04   7.3640348E+04   0.0000000E+00   0.0000000E+00   0.0000000E+00
   9.5652174E-01   3.8059047E+04   1.9379690E+04   5.7438737E+04   0.0000000E+00   0.0000000E+00   0.0000000E+00
   9.7101449E-01   2.7549949E+04   1.3401761E+04   4.0951709E+04   0.0000000E+00   0.0000000E+00   0.0000000E+00
   9.8550725E-01   9.3602767E+03   4.4907042E+03   1.3850981E+04   0.0000000E+00   0.0000000E+00   0.0000000E+00
   1.0000000E+00   0.0000000E+00   0.0000000E+00   0.0000000E+00   0.0000000E+00   0.0000000E+00   0.0000000E+00
