   0.0000000E+00   3.4552793E+05   8.6381982E+06   8.9837261E+06   3.3835765E-02   1.8334460E-06   1.3013744E-03
   1.4492754E-02   3.7204871E+05   9.0587421E+06   9.4307908E+06   2.3061606E-03   2.9889781E-05   1.1315184E-04
   2.8985507E-02   3.7242758E+05   9.1871784E+06   9.5596060E+06   5.9650001E-03   1.1273643E-05   2.3709067E-04
   4.3478261E-02   3.7735287E+05   7.9799776E+06   8.3575830E+06   5.0959799E-03   2.8137395E-05   2.5600609E-04
   5.7971014E-02   3.4761170E+05   6.6563379E+06   7.0041390E+06   1.8773875E-03   1.7089650E-05   8.6764506E-05
   7.2463768E-02   3.5143827E+05   5.3465900E+06   5.6981799E+06   2.1283926E-03   1.6162188E-05   1.1689546E-04
   8.6956522E-02   3.3555106E+05   4.1688147E+06   4.5044920E+06   6.8143387E-04   1.8919848E-05   5.1492600E-05
   1.0144928E-01   3.2734225E+05   3.1892055E+06   3.5168724E+06   1.5825618E-03   3.2086557E-05   1.6988785E-04
   1.1594203E-01   3.1758639E+05   2.3667905E+06   2.6844716E+06   4.9596649E-03   3.1931245E-05   6.0276445E-04
   1.3043478E-01   3.1892295E+05   1.7158526E+06   2.0346914E+06   7.8183723E-04   8.5582347E-05   1.4465556E-04
   1.4492754E-01   3.1582465E+05   1.2585249E+06   1.5744253E+06   1.5893263E-03   1.1200512E-04   2.3511651E-04
   1.5942029E-01   3.1948934E+05   8.9502479E+05   1.2145141E+06   1.7476617E-03   1.3076445E-04   5.2355735E-04
   1.7391304E-01   3.2620564E+05   6.4773858E+05   9.7394422E+05   7.3031665E-04   1.8566076E-04   3.3118156E-04
   1.8840580E-01   3.1352812E+05   4.7241968E+05   7.8594780E+05   4.7524348E-04   3.8722666E-04   3.4629612E-04
   2.0289855E-01   3.1797879E+05   3.4839650E+05   6.6637529E+05   1.7216923E-03   2.3656010E-04   8.0864761E-04
   2.1739130E-01   3.1698651E+05   2.6576351E+05   5.8285106E+05   7.1870181E-04   3.2027652E-04   3.0991250E-04
   2.3188406E-01   3.1403450E+05   2.0340494E+05   5.1748680E+05   1.6311968E-04   4.9272108E-04   2.6350029E-04
   2.4637681E-01   3.1223209E+05   1.6242309E+05   4.7465517E+05   9.8267793E-04   2.3922055E-04   7.2423119E-04
   2.6086957E-01   3.2772112E+05   1.2843637E+05   4.5615748E+05   8.9978162E-04   3.6769220E-04   5.9600487E-04
   2.7536232E-01   3.2271607E+05   1.0125755E+05   4.2397362E+05   4.3332744E-04   1.5517956E-04   3.4980376E-04
   2.8985507E-01   3.2200020E+05   8.2024996E+04   4.0402520E+05   7.6228754E-04   4.9424136E-04   6.0457389E-04
   3.0434783E-01   3.2312057E+05   6.6283919E+04   3.8940449E+05   8.8736243E-04   3.9408425E-04   7.8373920E-04
   3.1884058E-01   3.3323193E+05   5.6830251E+04   3.9006218E+05   5.7978773E-04   2.9352982E-04   5.3794397E-04
   3.3333333E-01   3.3347003E+05   4.3553387E+04   3.7702342E+05   4.3307340E-04   4.9421005E-04   4.1754626E-04
   3.4782609E-01   3.4240226E+05   3.6466078E+04   3.7886834E+05   3.5869926E-04   4.4330477E-04   3.2029548E-04
   3.6231884E-01   3.3922356E+05   2.9824516E+04   3.6904807E+05   2.2938621E-04   2.3152999E-04   2.1714532E-04
   3.7681159E-01   3.4477019E+05   2.1537208E+04   3.6630740E+05   1.4735287E-04   1.4225817E-03   2.1232510E-04
   3.9130435E-01   3.5279659E+05   1.9392446E+04   3.7218903E+05   3.5919649E-04   4.7732391E-04   3.1946816E-04
   4.0579710E-01   3.5518907E+05   1.3233330E+04   3.6842240E+05   1.9639034E-04   1.2781691E-03   1.4806798E-04
   4.2028986E-01   3.6068266E+05   1.0712829E+04   3.7139549E+05   1.7128327E-04   3.2800681E-03   9.9565875E-05
   4.3478261E-01   3.6507753E+05   7.5773668E+03   3.7268016E+05   1.0838955E-04   9.7223770E-04   8.6856957E-05
   4.4927536E-01   3.6796671E+05   6.1841091E+03   3.7415082E+05   1.3795437E-04   6.2412832E-05   1.3503674E-04
   4.6376812E-01   3.7801589E+05   4.5227408E+03   3.8256231E+05   1.4736307E-04   2.9964728E-05   1.4531217E-04
   4.7826087E-01   3.8745602E+05   3.7427600E+03   3.9119878E+05   1.4498758E-04   3.2091697E-03   1.6802544E-04
   4.9275362E-01   3.8756003E+05   2.3846419E+03   3.8994467E+05   1.1002248E-04   3.5828104E-06   1.0933126E-04
   5.0724638E-01   3.9170657E+05   1.7536192E+03   3.9348184E+05   5.4767669E-05   7.4707819E-06   5.4507036E-05
   5.2173913E-01   4.0151625E+05   1.5996663E+03   4.0313696E+05   6.7892697E-05   9.8263505E-06   6.7629686E-05
   5.3623188E-01   4.0186667E+05   1.2492416E+03   4.0311592E+05   1.2514580E-04   3.1594306E-06   1.2475655E-04
   5.5072464E-01   4.0734329E+05   7.9761756E+02   4.0814091E+05   1.3704126E-04   8.6157277E-06   1.3679012E-04
   5.6521739E-01   4.1232533E+05   3.6915377E+02   4.1269448E+05   4.5681002E-05   6.9141342E-06   4.5640552E-05
   5.7971014E-01   4.0527547E+05   5.4935910E+02   4.0584377E+05   7.4256436E-05   4.1887013E-06   7.4156612E-05
   5.9420290E-01   4.0474228E+05   3.3266489E+02   4.0507494E+05   3.5262474E-05   1.7570571E-05   3.5219132E-05
   6.0869565E-01   3.9773959E+05   3.2474429E+02   3.9808238E+05   5.3973940E-05   2.5258294E-06   5.3929582E-05
   6.2318841E-01   3.8563511E+05   1.9383962E+02   3.8584657E+05   4.7500303E-05   1.8695130E-06   4.7475308E-05
   6.3768116E-01   3.7666402E+05   1.5499159E+02   3.7681901E+05   8.2754817E-05   1.5707761E-06   8.2720734E-05
   6.5217391E-01   3.5750017E+05   1.3470874E+02   3.5766855E+05   3.0416094E-05   8.1352783E-06   3.0404254E-05
   6.6666667E-01   3.4009199E+05   1.3178029E+02   3.4030613E+05   3.2573196E-05   3.8935668E-02   4.6341169E-05
   6.8115942E-01   3.1802370E+05   1.1285440E+02   3.1813655E+05   9.0107759E-05   5.1448837E-02   8.5208923E-05
   6.9565217E-01   2.8986585E+05   1.1050327E+02   2.8997636E+05   2.3375874E-05   1.9167015E-05   2.3369484E-05
   7.1014493E-01   2.5815625E+05   6.1856056E+01   2.5821811E+05   1.9824034E-05   7.0285602E-06   1.9819190E-05
   7.2463768E-01   2.3126124E+05   6.0618935E+01   2.3132185E+05   5.3961678E-05   4.6311806E-06   5.3948700E-05
   7.3913043E-01   1.9965619E+05   5.9430328E+01   1.9973048E+05   1.2591807E-05   1.5497854E-04   1.2544884E-05
   7.5362319E-01   1.7155450E+05   5.8287437E+01   1.7161279E+05   3.7643707E-05   7.2564733E-06   3.7631727E-05
   7.6811594E-01   1.4311215E+05   0.0000000E+00   1.4311215E+05   5.6773205E-05   0.0000000E+00   5.6773205E-05
   7.8260870E-01   1.1610210E+05   2.8064322E+01   1.1613016E+05   5.7353209E-05   4.1147897E-06   5.7338904E-05
   7.9710145E-01   9.2127004E+04   0.0000000E+00   9.2127004E+04   3.3191151E-05   0.0000000E+00   3.3191151E-05
   8.1159420E-01   7.6585529E+04   4.0593037E+01   7.6626122E+04   6.5746347E-05   5.3646346E-06   6.5713154E-05
   8.2608696E-01   5.8691359E+04   1.3293626E+01   5.8704653E+04   8.0568970E-05   2.6062262E-07   8.0550722E-05
   8.4057971E-01   4.7227898E+04   2.6128851E+01   4.7254027E+04   1.1905006E-04   4.2015514E-06   1.1898195E-04
   8.5507246E-01   3.6833709E+04   2.5685989E+01   3.6859395E+04   1.6872577E-04   9.1378960E-05   1.6861731E-04
   8.6956522E-01   2.7872081E+04   0.0000000E+00   2.7872081E+04   1.8598953E-04   0.0000000E+00   1.8598953E-04
   8.8405797E-01   2.2893585E+04   0.0000000E+00   2.2893585E+04   5.4314496E-05   0.0000000E+00   5.4314496E-05
   8.9855072E-01   1.7000189E+04   0.0000000E+00   1.7000189E+04   2.6636762E-04   0.0000000E+00   2.6636762E-04
   9.1304348E-01   1.3543040E+04   0.0000000E+00   1.3543040E+04   1.8870140E-05   0.0000000E+00   1.8870140E-05
   9.2753623E-01   1.0063690E+04   0.0000000E+00   1.0063690E+04   4.1489539E-06   0.0000000E+00   4.1489539E-06
   9.4202899E-01   7.0877524E+03   0.0000000E+00   7.0877524E+03   1.8705095E-04   0.0000000E+00   1.8705095E-04
   9.5652174E-01   4.9367693E+03   2.2961718E+01   4.9597310E+03   1.2280511E-03   1.7159767E-07   1.2223649E-03
   9.7101449E-01   3.1101133E+03   0.0000000E+00   3.1101133E+03   6.3036823E-04   0.0000000E+00   6.3036823E-04
   9.8550725E-01   1.2146073E+03   0.0000000E+00   1.2146073E+03   7.0154894E-05   0.0000000E+00   7.0154894E-05
   1.0000000E+00   2.1884092E+01   0.0000000E+00   2.1884092E+01   1.1995550E-05   0.0000000E+00   1.1995550E-05
