   0.0000000E+00   4.2609049E+07   2.5726676E+07   6.8335725E+07   7.4216946E-04   1.7873666E-03   3.8295995E-04
   1.4492754E-02   4.2463564E+07   2.5800934E+07   6.8264498E+07   1.0010583E-03   1.5020098E-04   6.7858745E-04
   2.8985507E-02   4.0126704E+07   2.3728903E+07   6.3854091E+07   6.3031526E-04   2.7701704E-04   4.2811836E-04
   4.3478261E-02   3.3896340E+07   1.8667096E+07   5.2563436E+07   5.5407203E-04   2.8436057E-04   4.3863474E-04
   5.7971014E-02   2.5099459E+07   1.2368157E+07   3.7467238E+07   1.0650261E-03   2.4121408E-04   6.5567965E-04
   7.2463768E-02   1.5316586E+07   6.5610904E+06   2.1877677E+07   5.7585809E-04   6.0927962E-04   5.8570670E-04
   8.6956522E-02   8.8311685E+06   3.4530061E+06   1.2284175E+07   1.0458488E-03   2.7288318E-04   8.2342201E-04
   1.0144928E-01   4.6263072E+06   1.7511295E+06   6.3774367E+06   3.3752311E-03   1.1055801E-03   2.6508529E-03
   1.1594203E-01   1.4055068E+06   5.4197116E+05   1.9474780E+06   1.5941682E-02   2.5310989E-03   1.2196452E-02
   1.3043478E-01   4.7821604E+04   1.5407313E+04   6.3228917E+04   9.3261945E-02   1.1645521E-02   7.3173671E-02
   1.4492754E-01   2.2807874E+04   6.2892145E+03   2.9097089E+04   1.1764934E-01   3.1663434E-02   9.8514718E-02
   1.5942029E-01   1.4603652E+04   4.4086498E+03   1.9012302E+04   1.4405913E-01   3.4904561E-02   1.1862116E-01
   1.7391304E-01   1.0292590E+04   2.6520784E+03   1.2944668E+04   1.3077404E-01   2.7248433E-02   1.0955396E-01
   1.8840580E-01   8.9762653E+03   2.5063598E+03   1.1482625E+04   1.5715017E-01   2.3205600E-02   1.2786908E-01
   2.0289855E-01   6.4407618E+03   1.4613493E+03   7.9021111E+03   1.6455881E-01   1.8447148E-02   1.3703695E-01
   2.1739130E-01   5.2031252E+03   1.2123787E+03   6.4155039E+03   1.4645045E-01   4.0295198E-02   1.2634663E-01
   2.3188406E-01   4.3096274E+03   9.4717086E+02   5.2567982E+03   1.5514997E-01   3.7083717E-02   1.3386102E-01
   2.4637681E-01   3.3875287E+03   4.4572746E+02   3.8332562E+03   1.5704634E-01   6.4022409E-06   1.3878577E-01
   2.6086957E-01   2.2311136E+03   4.6306131E+02   2.6941749E+03   1.5287570E-01   9.2953495E-02   1.4228564E-01
   2.7536232E-01   2.1535674E+03   4.7857054E+02   2.6321380E+03   1.6047737E-01   6.1491692E-02   1.4242366E-01
   2.8985507E-01   1.7427944E+03   3.4098151E+02   2.0837759E+03   1.0634714E-01   3.1035277E-02   9.3514826E-02
   3.0434783E-01   1.7319696E+03   2.5257889E+02   1.9845485E+03   1.0604710E-01   3.9657829E-02   9.6564143E-02
   3.1884058E-01   1.4810308E+03   2.0665546E+02   1.6876863E+03   1.6405198E-01   4.9613564E-05   1.4397005E-01
   3.3333333E-01   1.5813635E+03   5.6006624E+02   2.1414298E+03   1.8070038E-01   1.2356959E-01   1.6556856E-01
   3.4782609E-01   1.1050327E+03   4.1044070E+02   1.5154734E+03   1.9980323E-01   8.3327487E-02   1.6695598E-01
   3.6231884E-01   8.4866509E+02   3.6371361E+02   1.2123787E+03   1.6838372E-01   3.4678166E-02   1.2827099E-01
   3.7681159E-01   7.8688040E+02   1.1657487E+02   9.0345528E+02   1.2571596E-01   3.9618382E-06   1.0949455E-01
   3.9130435E-01   8.4192965E+02   1.1225729E+02   9.5418694E+02   1.3211340E-01   1.1363627E-05   1.1657189E-01
   4.0579710E-01   8.3892276E+02   5.4124049E+01   8.9304681E+02   1.4201567E-01   7.8482248E-05   1.3340400E-01
   4.2028986E-01   6.0096358E+02   1.3064426E+02   7.3160783E+02   1.8964054E-01   9.7452178E-02   1.7317057E-01
   4.3478261E-01   6.8196302E+02   5.0515779E+01   7.3247879E+02   1.3862057E-01   3.7291699E-06   1.2906027E-01
   4.4927536E-01   6.8440733E+02   2.4443119E+01   7.0885045E+02   1.5455369E-01   3.9048329E-05   1.4922292E-01
   4.6376812E-01   4.4990616E+02   0.0000000E+00   4.4990616E+02   8.7192634E-02   0.0000000E+00   8.7192634E-02
   4.7826087E-01   3.6738748E+02   4.5923435E+01   4.1331092E+02   1.4297071E-01   1.2087357E-05   1.2708642E-01
   4.9275362E-01   2.8972285E+02   0.0000000E+00   2.8972285E+02   1.5289234E-01   0.0000000E+00   1.5289234E-01
   5.0724638E-01   2.3814581E+02   2.1649620E+01   2.5979543E+02   1.3195399E-01   6.5144191E-06   1.2095730E-01
   5.2173913E-01   4.2096482E+02   8.4192965E+01   5.0515779E+02   1.5379160E-01   1.0650404E-01   1.4587216E-01
   5.3623188E-01   2.2527307E+02   2.0479370E+01   2.4575244E+02   1.4905827E-01   4.0127250E-07   1.3663678E-01
   5.5072464E-01   5.9821317E+01   5.9821317E+01   1.1964263E+02   6.0472569E-05   2.4082283E-01   1.2038120E-01
   5.6521739E-01   1.1657487E+02   5.8287437E+01   1.7486231E+02   1.5616485E-01   1.1219363E-01   1.3906156E-01
   5.7971014E-01   1.7049075E+02   0.0000000E+00   1.7049075E+02   7.9573331E-02   0.0000000E+00   7.9573331E-02
   5.9420290E-01   5.5444148E+01   0.0000000E+00   5.5444148E+01   4.5401963E-02   0.0000000E+00   4.5401963E-02
   6.0869565E-01   1.0824810E+02   1.8041350E+01   1.2628945E+02   2.0514579E-01   4.0174529E-01   2.3193479E-01
   6.2318841E-01   1.2335248E+02   0.0000000E+00   1.2335248E+02   1.8316612E-01   0.0000000E+00   1.8316612E-01
   6.3768116E-01   1.3777031E+02   0.0000000E+00   1.3777031E+02   1.1000702E-01   0.0000000E+00   1.1000702E-01
   6.5217391E-01   1.6838593E+01   3.3677186E+01   5.0515779E+01   2.7056824E-06   3.3575068E-01   2.2383289E-01
   6.6666667E-01   6.5890146E+01   1.6472537E+01   8.2362683E+01   2.2037943E-01   6.0495308E-08   1.7630353E-01
   6.8115942E-01   3.2244114E+01   0.0000000E+00   3.2244114E+01   1.5661384E-05   0.0000000E+00   1.5661384E-05
   6.9565217E-01   3.1572362E+01   1.5786181E+01   4.7358543E+01   1.9202185E-01   3.1388328E-06   1.2801352E-01
   7.1014493E-01   9.2784084E+01   0.0000000E+00   9.2784084E+01   2.2146972E-01   0.0000000E+00   2.2146972E-01
   7.2463768E-01   1.5154734E+01   0.0000000E+00   1.5154734E+01   9.4108074E-07   0.0000000E+00   9.4108074E-07
   7.3913043E-01   1.4857582E+01   0.0000000E+00   1.4857582E+01   1.1946540E-05   0.0000000E+00   1.1946540E-05
   7.5362319E-01   0.0000000E+00   0.0000000E+00   0.0000000E+00   0.0000000E+00   0.0000000E+00   0.0000000E+00
   7.6811594E-01   2.8593837E+01   0.0000000E+00   2.8593837E+01   5.9369093E-06   0.0000000E+00   5.9369093E-06
   7.8260870E-01   1.4032161E+01   0.0000000E+00   1.4032161E+01   4.6935043E-01   0.0000000E+00   4.6935043E-01
   7.9710145E-01   1.3777031E+01   0.0000000E+00   1.3777031E+01   3.5962239E-07   0.0000000E+00   3.5962239E-07
   8.1159420E-01   1.3531012E+01   0.0000000E+00   1.3531012E+01   6.2305761E-06   0.0000000E+00   6.2305761E-06
   8.2608696E-01   0.0000000E+00   0.0000000E+00   0.0000000E+00   0.0000000E+00   0.0000000E+00   0.0000000E+00
   8.4057971E-01   1.3064426E+01   0.0000000E+00   1.3064426E+01   2.3980676E-05   0.0000000E+00   2.3980676E-05
   8.5507246E-01   1.2842995E+01   0.0000000E+00   1.2842995E+01   1.5459049E-05   0.0000000E+00   1.5459049E-05
   8.6956522E-01   0.0000000E+00   0.0000000E+00   0.0000000E+00   0.0000000E+00   0.0000000E+00   0.0000000E+00
   8.8405797E-01   1.2421913E+01   0.0000000E+00   1.2421913E+01   4.4748636E-01   0.0000000E+00   4.4748636E-01
   8.9855072E-01   0.0000000E+00   0.0000000E+00   0.0000000E+00   0.0000000E+00   0.0000000E+00   0.0000000E+00
   9.1304348E-01   0.0000000E+00   0.0000000E+00   0.0000000E+00   0.0000000E+00   0.0000000E+00   0.0000000E+00
   9.2753623E-01   0.0000000E+00   0.0000000E+00   0.0000000E+00   0.0000000E+00   0.0000000E+00   0.0000000E+00
   9.4202899E-01   0.0000000E+00   0.0000000E+00   0.0000000E+00   0.0000000E+00   0.0000000E+00   0.0000000E+00
   9.5652174E-01   0.0000000E+00   0.0000000E+00   0.0000000E+00   0.0000000E+00   0.0000000E+00   0.0000000E+00
   9.7101449E-01   0.0000000E+00   0.0000000E+00   0.0000000E+00   0.0000000E+00   0.0000000E+00   0.0000000E+00
   9.8550725E-01   0.0000000E+00   0.0000000E+00   0.0000000E+00   0.0000000E+00   0.0000000E+00   0.0000000E+00
   1.0000000E+00   0.0000000E+00   0.0000000E+00   0.0000000E+00   0.0000000E+00   0.0000000E+00   0.0000000E+00
