   0.0000000E+00   1.1214503E+06   8.0016994E+05   1.9216202E+06   7.0715708E-03   5.7183157E-04   3.9423821E-03
   1.4492754E-02   1.2813327E+06   8.4032998E+05   2.1216627E+06   2.5129955E-03   9.2487833E-04   1.4327313E-03
   2.8985507E-02   1.3590007E+06   8.1418807E+05   2.1728099E+06   2.7424618E-03   5.9711922E-04   1.9825707E-03
   4.3478261E-02   1.3639260E+06   8.8099518E+05   2.2449212E+06   1.3994143E-03   1.9437542E-04   9.2641427E-04
   5.7971014E-02   1.4199985E+06   9.1401988E+05   2.3336396E+06   1.7729489E-03   1.5125847E-04   1.1181497E-03
   7.2463768E-02   1.4465193E+06   9.1064795E+05   2.3571673E+06   1.1947285E-03   3.7201746E-04   6.5320184E-04
   8.6956522E-02   1.4208826E+06   9.0385357E+05   2.3246099E+06   2.1298616E-03   3.0744319E-05   1.3016088E-03
   1.0144928E-01   1.3848179E+06   8.8276324E+05   2.2675812E+06   5.3577274E-04   2.9937754E-04   2.2796862E-04
   1.1594203E-01   1.3069063E+06   8.3900394E+05   2.1457209E+06   2.2824227E-03   9.5091323E-05   1.3781782E-03
   1.3043478E-01   1.2347740E+06   7.8291038E+05   2.0176002E+06   1.3595408E-03   2.0963438E-04   9.1321587E-04
   1.4492754E-01   1.1557000E+06   7.2242615E+05   1.8779746E+06   2.5788394E-03   2.7121924E-04   1.4746491E-03
   1.5942029E-01   1.0761239E+06   6.5861095E+05   1.7346659E+06   3.8532310E-03   2.7271373E-04   2.4831839E-03
   1.7391304E-01   1.0060849E+06   6.2147037E+05   1.6274290E+06   4.9702959E-03   3.0618370E-04   3.1870494E-03
   1.8840580E-01   9.6343305E+05   5.7051744E+05   1.5338339E+06   4.5677317E-03   3.8706201E-04   3.0018331E-03
   2.0289855E-01   8.9142308E+05   5.2554451E+05   1.4169135E+06   6.4922901E-03   6.9900707E-04   3.9232672E-03
   2.1739130E-01   8.3209591E+05   4.7505039E+05   1.3070453E+06   6.6639746E-03   4.4069872E-04   4.4044868E-03
   2.3188406E-01   7.7724840E+05   4.3891897E+05   1.2160727E+06   4.2507276E-03   5.7308979E-04   2.8893704E-03
   2.4637681E-01   7.3059188E+05   4.1408081E+05   1.1446281E+06   7.7087072E-03   4.7816067E-04   5.0922419E-03
   2.6086957E-01   6.8718298E+05   3.7912092E+05   1.0663039E+06   7.9438749E-03   7.9039861E-04   5.2803086E-03
   2.7536232E-01   6.4794463E+05   3.5466065E+05   1.0024856E+06   9.8708287E-03   5.4609643E-04   6.4828088E-03
   2.8985507E-01   5.9592202E+05   3.1298314E+05   9.0882938E+05   8.7473976E-03   2.0968540E-04   5.8024977E-03
   3.0434783E-01   5.7017881E+05   3.0056888E+05   8.7060337E+05   1.0727104E-02   9.5022355E-04   7.3532891E-03
   3.1884058E-01   5.4019737E+05   2.7175193E+05   8.1194930E+05   1.1096442E-02   4.6261959E-04   7.5373983E-03
   3.3333333E-01   4.9371487E+05   2.5611500E+05   7.4982987E+05   1.2124761E-02   1.7713469E-04   8.0426992E-03
   3.4782609E-01   4.7244882E+05   2.3786617E+05   7.1031500E+05   1.3711114E-02   8.9964002E-04   9.4056071E-03
   3.6231884E-01   4.3484993E+05   2.2159252E+05   6.5644244E+05   1.3343893E-02   1.0051132E-03   9.1720555E-03
   3.7681159E-01   4.1605573E+05   2.0284028E+05   6.1889601E+05   1.3599473E-02   6.7897645E-04   9.3182711E-03
   3.9130435E-01   3.8540733E+05   1.9142674E+05   5.7686213E+05   1.3928857E-02   3.1879872E-04   9.4117352E-03
   4.0579710E-01   3.6904483E+05   1.7752688E+05   5.4657171E+05   1.4991685E-02   9.8414613E-04   1.0437032E-02
   4.2028986E-01   3.4978693E+05   1.6578756E+05   5.1554836E+05   1.7261656E-02   5.4198833E-04   1.1848818E-02
   4.3478261E-01   3.2693812E+05   1.5397209E+05   4.8091022E+05   1.7308137E-02   1.6282398E-03   1.2210677E-02
   4.4927536E-01   3.0756776E+05   1.4448328E+05   4.5205104E+05   1.9251358E-02   1.1958590E-03   1.3454668E-02
   4.6376812E-01   2.9144447E+05   1.3307751E+05   4.2449830E+05   1.6090903E-02   1.4100215E-03   1.1487599E-02
   4.7826087E-01   2.7730866E+05   1.2298296E+05   4.0029162E+05   1.9006370E-02   1.3232753E-04   1.3143504E-02
   4.9275362E-01   2.5749675E+05   1.1874180E+05   3.7621626E+05   2.1345732E-02   1.4650487E-03   1.5042941E-02
   5.0724638E-01   2.4332007E+05   1.0762026E+05   3.5094033E+05   1.8647185E-02   7.4979430E-04   1.3143903E-02
   5.2173913E-01   2.3049929E+05   1.0254703E+05   3.3302527E+05   1.9127715E-02   1.2911318E-03   1.3620016E-02
   5.3623188E-01   2.1792097E+05   9.5392905E+04   3.1329340E+05   1.9406762E-02   1.2464946E-03   1.3696864E-02
   5.5072464E-01   2.0363176E+05   9.0449832E+04   2.9406165E+05   2.1710109E-02   1.7227709E-03   1.5557513E-02
   5.6521739E-01   1.9166852E+05   8.0009222E+04   2.7167774E+05   2.2042197E-02   1.1009520E-03   1.5823169E-02
   5.7971014E-01   1.8094752E+05   7.6228310E+04   2.5715689E+05   2.1316055E-02   1.8633775E-03   1.5474319E-02
   5.9420290E-01   1.7244978E+05   7.1578395E+04   2.4400969E+05   2.5009271E-02   1.9326772E-03   1.8200541E-02
   6.0869565E-01   1.6500618E+05   6.7817433E+04   2.3280558E+05   2.1458946E-02   2.6046863E-04   1.5176979E-02
   6.2318841E-01   1.5482499E+05   6.2504466E+04   2.1732945E+05   2.2362342E-02   1.5916762E-03   1.6374687E-02
   6.3768116E-01   1.4548544E+05   5.9310117E+04   2.0479556E+05   2.4334720E-02   1.2711354E-03   1.7620464E-02
   6.5217391E-01   1.3784072E+05   5.3412017E+04   1.9123590E+05   2.4867329E-02   5.7470074E-04   1.8056752E-02
   6.6666667E-01   1.2970475E+05   5.1081336E+04   1.8078609E+05   2.9491850E-02   1.3603074E-03   2.1302216E-02
   6.8115942E-01   1.2247927E+05   4.8237195E+04   1.7071646E+05   2.9762491E-02   1.7089899E-03   2.1619511E-02
   6.9565217E-01   1.1476554E+05   4.5795711E+04   1.6054546E+05   2.9737042E-02   1.0840287E-03   2.1507476E-02
   7.1014493E-01   1.0523262E+05   4.4010584E+04   1.4924320E+05   2.6834813E-02   9.6646636E-04   1.9170568E-02
   7.2463768E-01   1.0215806E+05   3.8129310E+04   1.4027221E+05   2.8538201E-02   2.1379444E-03   2.1316560E-02
   7.3913043E-01   9.6277132E+04   3.6519937E+04   1.3279707E+05   2.8182399E-02   1.3575023E-03   2.0802179E-02
   7.5362319E-01   8.9675222E+04   3.4506163E+04   1.2418139E+05   3.2657011E-02   1.4474404E-03   2.3895769E-02
   7.6811594E-01   8.2321657E+04   3.0423843E+04   1.1273120E+05   3.4888966E-02   1.9541949E-03   2.5825433E-02
   7.8260870E-01   7.9927188E+04   2.9341248E+04   1.0926844E+05   3.6884940E-02   2.3520816E-03   2.7551333E-02
   7.9710145E-01   7.3541789E+04   2.6810102E+04   1.0035189E+05   3.7320380E-02   1.9334716E-03   2.7335902E-02
   8.1159420E-01   7.0604822E+04   2.5478896E+04   9.6083718E+04   3.8393019E-02   1.0620139E-03   2.8460497E-02
   8.2608696E-01   6.5816743E+04   2.2293411E+04   8.8096860E+04   3.5706587E-02   1.9386803E-03   2.7157736E-02
   8.4057971E-01   5.9194912E+04   2.1882913E+04   8.1077825E+04   4.2786659E-02   7.6769573E-04   3.1372957E-02
   8.5507246E-01   5.5494580E+04   1.9880956E+04   7.5375536E+04   3.8358579E-02   1.6558079E-03   2.8542402E-02
   8.6956522E-01   5.2094397E+04   1.7655265E+04   6.9749662E+04   4.2817744E-02   2.9623693E-03   3.2589151E-02
   8.8405797E-01   4.8681476E+04   1.6434191E+04   6.5115667E+04   4.4713522E-02   2.2099474E-03   3.3331027E-02
   8.9855072E-01   4.2665464E+04   1.4690314E+04   5.7355778E+04   5.2899927E-02   4.1581204E-03   4.0151530E-02
   9.1304348E-01   3.9041481E+04   1.3494930E+04   5.2536410E+04   4.8298791E-02   2.9912867E-03   3.6647399E-02
   9.2753623E-01   3.5258435E+04   1.1437088E+04   4.6695523E+04   4.8545936E-02   1.9933420E-03   3.7079346E-02
   9.4202899E-01   3.0589247E+04   9.8972068E+03   4.0486454E+04   5.8122043E-02   2.7137721E-03   4.4555789E-02
   9.5652174E-01   2.6141916E+04   8.1399289E+03   3.4281845E+04   5.6843703E-02   7.2197021E-03   4.4779665E-02
   9.7101449E-01   2.0153534E+04   5.9601079E+03   2.6113642E+04   6.3744798E-02   4.4587582E-03   5.0198042E-02
   9.8550725E-01   1.3282678E+04   3.6438220E+03   1.6926500E+04   7.3445418E-02   3.4337211E-03   5.8365921E-02
   1.0000000E+00   9.4101595E+02   2.1884092E+02   1.1598569E+03   1.1378344E-01   8.3184354E-06   9.2314172E-02
