   0.0000000E+00   1.1335741E+06   1.1153884E+06   2.2489625E+06   1.0147259E-02   9.7242510E-07   5.1143650E-03
   1.4492754E-02   1.2275334E+06   1.0502230E+06   2.2777565E+06   4.1656983E-03   4.6373138E-04   2.3517806E-03
   2.8985507E-02   1.1919198E+06   1.0881099E+06   2.2800297E+06   3.6685012E-03   3.4292910E-04   1.8501608E-03
   4.3478261E-02   1.2573377E+06   1.2189457E+06   2.4760309E+06   1.8496008E-03   5.8190956E-05   9.1870464E-04
   5.7971014E-02   1.2724293E+06   1.2305644E+06   2.5029937E+06   7.5820726E-04   5.8994987E-05   4.1444594E-04
   7.2463768E-02   1.2989122E+06   1.2737554E+06   2.5726676E+06   1.0922329E-03   3.2087129E-04   5.0479447E-04
   8.6956522E-02   1.2649151E+06   1.2414253E+06   2.5063404E+06   8.9237919E-04   1.0450706E-04   4.7082661E-04
   1.0144928E-01   1.2274252E+06   1.2001467E+06   2.4274636E+06   1.5757202E-03   1.1164083E-04   7.7265734E-04
   1.1594203E-01   1.1716503E+06   1.1387835E+06   2.3103391E+06   2.0159031E-03   7.2716463E-05   1.0189994E-03
   1.3043478E-01   1.1071375E+06   1.0504756E+06   2.1572763E+06   1.9080333E-03   3.7772468E-05   9.9514274E-04
   1.4492754E-01   1.0534813E+06   9.7005450E+05   2.0235358E+06   1.4755220E-03   7.7791688E-05   7.3255988E-04
   1.5942029E-01   9.9911026E+05   8.6843513E+05   1.8674076E+06   2.4099572E-03   1.4621642E-04   1.2690421E-03
   1.7391304E-01   9.3416304E+05   7.9126653E+05   1.7253033E+06   3.4183494E-03   1.8237986E-04   1.7803960E-03
   1.8840580E-01   8.6824967E+05   7.2964214E+05   1.5973672E+06   3.8283593E-03   1.3718253E-04   2.1422479E-03
   2.0289855E-01   8.3280674E+05   6.5831081E+05   1.4910093E+06   5.1517899E-03   1.8868440E-04   2.9499129E-03
   2.1739130E-01   7.8804615E+05   5.9866250E+05   1.3866581E+06   5.1676215E-03   2.9447290E-04   2.8677581E-03
   2.3188406E-01   7.4561290E+05   5.5030627E+05   1.2959192E+06   4.3424471E-03   1.0243303E-04   2.5416684E-03
   2.4637681E-01   7.0826094E+05   4.9386603E+05   1.2020824E+06   3.9091643E-03   1.5862447E-05   2.2967849E-03
   2.6086957E-01   6.6735554E+05   4.4681206E+05   1.1139992E+06   5.1847256E-03   1.3889785E-04   3.0652692E-03
   2.7536232E-01   6.3873214E+05   4.1252780E+05   1.0511802E+06   6.0344415E-03   1.2405745E-04   3.6639910E-03
   2.8985507E-01   6.1634302E+05   3.6935875E+05   9.8558810E+05   6.4679086E-03   9.0785949E-05   4.0889789E-03
   3.0434783E-01   5.7775618E+05   3.3084227E+05   9.0838195E+05   4.4343832E-03   1.8528264E-04   2.8375090E-03
   3.1884058E-01   5.4997906E+05   3.0306023E+05   8.5297041E+05   5.5372083E-03   1.9338738E-04   3.5818289E-03
   3.3333333E-01   5.2613282E+05   2.7351000E+05   7.9957693E+05   5.6509427E-03   5.2824315E-04   3.8737561E-03
   3.4782609E-01   4.9287614E+05   2.4051825E+05   7.3339439E+05   5.4212281E-03   1.1243508E-04   3.6156056E-03
   3.6231884E-01   4.7525245E+05   2.1989519E+05   6.9505671E+05   4.8213569E-03   1.8798369E-04   3.3394781E-03
   3.7681159E-01   4.5563290E+05   1.9867273E+05   6.5424734E+05   4.7845355E-03   7.7042815E-05   3.3139569E-03
   3.9130435E-01   4.2879477E+05   1.8530872E+05   6.1404736E+05   5.1270818E-03   8.1612451E-05   3.6047115E-03
   4.0579710E-01   4.0365716E+05   1.6421236E+05   5.6786952E+05   5.3380856E-03   2.4381100E-04   3.7848542E-03
   4.2028986E-01   3.8192542E+05   1.4689640E+05   5.2879569E+05   5.8593535E-03   2.7416199E-04   4.3072460E-03
   4.3478261E-01   3.6482496E+05   1.3429620E+05   4.9912115E+05   6.8973391E-03   1.1144126E-04   5.0502822E-03
   4.4927536E-01   3.4921884E+05   1.2033347E+05   4.6950343E+05   5.5013560E-03   1.4103705E-04   4.1294019E-03
   4.6376812E-01   3.3354622E+05   1.0987182E+05   4.4341804E+05   5.2399990E-03   1.5720216E-04   3.9380942E-03
   4.7826087E-01   3.1620581E+05   9.7656185E+04   4.1386200E+05   5.2968734E-03   2.1999414E-04   4.0532440E-03
   4.9275362E-01   2.9709964E+05   9.0594106E+04   3.8767146E+05   5.4892883E-03   4.1927831E-04   4.3045430E-03
   5.0724638E-01   2.8291723E+05   8.1164424E+04   3.6406000E+05   6.3764868E-03   1.2041523E-04   4.9284378E-03
   5.2173913E-01   2.6769153E+05   7.5163269E+04   3.4283375E+05   5.7406228E-03   3.5573743E-04   4.4839494E-03
   5.3623188E-01   2.5122043E+05   6.5656860E+04   3.1687729E+05   4.9218020E-03   3.0545506E-04   3.9244526E-03
   5.5072464E-01   2.3685254E+05   6.2014765E+04   2.9886730E+05   5.3304917E-03   1.5938183E-04   4.2574858E-03
   5.6521739E-01   2.2158941E+05   5.4013025E+04   2.7560243E+05   4.9289897E-03   1.5747171E-04   3.9530019E-03
   5.7971014E-01   2.0957102E+05   5.0332659E+04   2.5990368E+05   4.2827763E-03   4.1347727E-04   3.4924307E-03
   5.9420290E-01   1.9946956E+05   4.5556608E+04   2.4502617E+05   5.5260066E-03   5.4966291E-04   4.5776714E-03
   6.0869565E-01   1.8548312E+05   4.2090469E+04   2.2757358E+05   5.5357020E-03   2.5616525E-04   4.4848518E-03
   6.2318841E-01   1.7047313E+05   3.6494713E+04   2.0696785E+05   5.4880510E-03   5.1488633E-04   4.4584903E-03
   6.3768116E-01   1.6058851E+05   3.2599899E+04   1.9317119E+05   4.6855266E-03   9.9899400E-04   4.0540039E-03
   6.5217391E-01   1.4954354E+05   2.9804310E+04   1.7934785E+05   5.4747550E-03   6.1424812E-04   4.4787061E-03
   6.6666667E-01   1.3869876E+05   2.7937422E+04   1.6665265E+05   4.8836325E-03   1.4841294E-04   4.0665221E-03
   6.8115942E-01   1.2489758E+05   2.5376118E+04   1.5027369E+05   5.7568701E-03   1.7316235E-04   4.7799740E-03
   6.9565217E-01   1.2128523E+05   2.2621597E+04   1.4390683E+05   6.3881991E-03   4.8370119E-04   5.3975150E-03
   7.1014493E-01   1.0902130E+05   1.9886722E+04   1.2890802E+05   4.2576461E-03   6.7495951E-04   3.5528726E-03
   7.2463768E-01   1.0137001E+05   1.8064443E+04   1.1943446E+05   7.6528765E-03   6.0940301E-04   6.5545465E-03
   7.3913043E-01   9.2027863E+04   1.6982216E+04   1.0901008E+05   4.6810297E-03   3.9971061E-04   3.8898417E-03
   7.5362319E-01   8.3015882E+04   1.5752180E+04   9.8768062E+04   6.5255075E-03   3.3317922E-04   5.4676133E-03
   7.6811594E-01   7.6159685E+04   1.3396213E+04   8.9555898E+04   6.4965393E-03   5.9095750E-04   5.6122821E-03
   7.8260870E-01   6.9908225E+04   1.2165883E+04   8.2074109E+04   7.4591226E-03   4.0175440E-04   6.2939646E-03
   7.9710145E-01   6.1858867E+04   1.0732307E+04   7.2591174E+04   6.8064763E-03   7.8572243E-04   5.8320229E-03
   8.1159420E-01   5.6843782E+04   9.8505769E+03   6.6694359E+04   5.2505807E-03   1.4483234E-03   4.2767651E-03
   8.2608696E-01   5.0874707E+04   8.8269677E+03   5.9701675E+04   6.9505007E-03   1.4625339E-03   5.9893489E-03
   8.4057971E-01   4.4562756E+04   8.4265545E+03   5.2989310E+04   7.9911244E-03   9.6403007E-04   6.7116519E-03
   8.5507246E-01   4.0160044E+04   7.0508041E+03   4.7210848E+04   6.5780528E-03   1.0341967E-03   5.5803834E-03
   8.6956522E-01   3.6181927E+04   6.4407618E+03   4.2622688E+04   5.5810012E-03   1.2779991E-03   4.8924721E-03
   8.8405797E-01   3.1874628E+04   5.3290006E+03   3.7203629E+04   7.6571935E-03   7.8188624E-04   6.6081231E-03
   8.9855072E-01   2.7804048E+04   5.1452765E+03   3.2949324E+04   7.3809439E-03   4.5956933E-04   6.1566790E-03
   9.1304348E-01   2.4115271E+04   4.2337034E+03   2.8348974E+04   8.0924827E-03   1.4024677E-03   6.9620967E-03
   9.2753623E-01   2.0044503E+04   3.3269376E+03   2.3371441E+04   7.9143794E-03   1.0448364E-03   6.9276827E-03
   9.4202899E-01   1.7707723E+04   2.7977970E+03   2.0505520E+04   8.6042080E-03   1.1144975E-06   7.4303087E-03
   9.5652174E-01   1.3868877E+04   2.1584015E+03   1.6027279E+04   6.8024118E-03   8.1169868E-04   5.9674064E-03
   9.7101449E-01   9.3642683E+03   1.6398779E+03   1.1004146E+04   9.4000850E-03   8.6870294E-04   8.1249548E-03
   9.8550725E-01   5.1370090E+03   9.8060041E+02   6.1176094E+03   9.1424357E-03   2.4601938E-06   7.6772328E-03
   1.0000000E+00   3.2826138E+02   2.1884092E+01   3.5014547E+02   2.7752876E-02   2.0082527E-05   2.6019122E-02
