   0.0000000E+00   7.1421229E+07   3.6019771E+07   1.0744100E+08   2.8329663E-03   5.7829310E-04   1.7044785E-03
   1.4492754E-02   7.8451510E+07   3.9762990E+07   1.1821374E+08   3.8977261E-04   4.3690003E-04   3.9461630E-04
   2.8985507E-02   6.6072745E+07   3.3544245E+07   9.9616232E+07   1.8546769E-04   1.7611469E-04   1.2170737E-04
   4.3478261E-02   4.0804626E+07   2.0412669E+07   6.1216031E+07   3.5987038E-04   3.6210500E-04   1.7609588E-04
   5.7971014E-02   2.4651448E+07   1.2264537E+07   3.6915984E+07   3.1929744E-04   2.4257221E-04   1.4086912E-04
   7.2463768E-02   6.9360185E+06   3.3966305E+06   1.0332497E+07   1.1007084E-03   1.3893429E-03   7.8601316E-04
   8.6956522E-02   2.7270943E+06   1.2897941E+06   4.0168885E+06   2.3392356E-03   8.7513800E-04   1.4631280E-03
   1.0144928E-01   1.3388125E+06   6.3097816E+05   1.9697906E+06   3.2007673E-03   2.6293540E-03   3.0008442E-03
   1.1594203E-01   3.9108685E+05   1.9057078E+05   5.8165762E+05   8.7391581E-03   5.1126224E-03   7.3692818E-03
   1.3043478E-01   1.7175365E+04   6.0618935E+03   2.3237258E+04   9.5059691E-02   5.0178665E-02   8.2922662E-02
   1.4492754E-01   8.8655192E+03   3.2582677E+03   1.2123787E+04   1.2256727E-01   6.0727822E-02   1.0593270E-01
   1.5942029E-01   6.5440895E+03   2.8242913E+03   9.3683808E+03   1.7556538E-01   4.3914783E-02   1.3559537E-01
   1.7391304E-01   4.8621437E+03   1.5154734E+03   6.3776171E+03   1.4937092E-01   5.6382497E-02   1.2383291E-01
   1.8840580E-01   4.0218332E+03   1.6903357E+03   5.7121688E+03   1.6961294E-01   5.5466090E-02   1.3542100E-01
   2.0289855E-01   4.3299239E+03   1.1366050E+03   5.4665289E+03   1.6741658E-01   8.9791692E-02   1.5125560E-01
   2.1739130E-01   2.9804310E+03   9.0928402E+02   3.8897150E+03   1.7625226E-01   8.8555075E-02   1.5571036E-01
   2.3188406E-01   2.3679271E+03   5.6830251E+02   2.9362297E+03   1.7299437E-01   1.3726710E-01   1.6330465E-01
   2.4637681E-01   1.8720553E+03   2.6743648E+02   2.1394918E+03   1.8792937E-01   1.0910962E-01   1.7674417E-01
   2.6086957E-01   2.4836925E+03   1.0103156E+03   3.4940080E+03   1.9138397E-01   4.1970095E-02   1.4816349E-01
   2.7536232E-01   1.2363072E+03   7.1785581E+02   1.9541630E+03   2.3929204E-01   8.0253358E-02   1.8033806E-01
   2.8985507E-01   1.1366050E+03   4.5464201E+02   1.5912470E+03   2.0957007E-01   1.2003217E-01   1.8382107E-01
   3.0434783E-01   9.7423288E+02   4.6907509E+02   1.4433080E+03   1.6783392E-01   5.0864564E-02   1.2939886E-01
   3.1884058E-01   1.2743753E+03   2.7554061E+02   1.5499159E+03   2.3485358E-01   1.5719428E-01   2.2097110E-01
   3.3333333E-01   1.1530776E+03   3.2945073E+02   1.4825283E+03   1.3199902E-01   5.5626828E-02   1.1455577E-01
   3.4782609E-01   7.2616432E+02   3.4729598E+02   1.0734603E+03   2.1228332E-01   1.0730541E-01   1.7820720E-01
   3.6231884E-01   4.8495148E+02   2.7278521E+02   7.5773668E+02   2.5661814E-01   6.4566902E-02   1.8701557E-01
   3.7681159E-01   6.1201809E+02   2.0400603E+02   8.1602412E+02   2.8666920E-01   1.7603057E-01   2.5886769E-01
   3.9130435E-01   6.1741508E+02   3.0870754E+02   9.2612261E+02   2.0586193E-01   3.7002253E-02   1.4936314E-01
   4.0579710E-01   5.1417846E+02   1.3531012E+02   6.4948859E+02   2.7422588E-01   1.0202695E-01   2.3831958E-01
   4.2028986E-01   3.6580392E+02   1.3064426E+02   4.9644817E+02   2.4821820E-01   8.4815691E-02   2.0518554E-01
   4.3478261E-01   4.0412623E+02   1.0103156E+02   5.0515779E+02   2.7803849E-01   8.2588022E-02   2.3855595E-01
   4.4927536E-01   3.6664678E+02   4.8886238E+01   4.1553302E+02   2.5041909E-01   1.8904272E-05   2.2096023E-01
   4.6376812E-01   2.3679271E+02   2.3679271E+01   2.6047199E+02   3.2187202E-01   1.2353770E-06   2.9261104E-01
   4.7826087E-01   2.2961718E+02   9.1846871E+01   3.2146405E+02   2.0879593E-01   1.6240640E-06   1.4913950E-01
   4.9275362E-01   1.7829098E+02   4.4572746E+01   2.2286373E+02   6.6751484E-02   1.4150793E-05   5.3398387E-02
   5.0724638E-01   2.5979543E+02   2.1649620E+01   2.8144505E+02   2.3315744E-01   6.8541676E-06   2.1522277E-01
   5.2173913E-01   2.5257889E+02   4.2096482E+01   2.9467538E+02   2.8447193E-01   3.5824903E-06   2.4383259E-01
   5.3623188E-01   1.0239685E+02   0.0000000E+00   1.0239685E+02   1.5199479E-01   0.0000000E+00   1.5199479E-01
   5.5072464E-01   1.5952351E+02   1.9940439E+01   1.7946395E+02   2.9993741E-01   1.2900489E-05   2.6660963E-01
   5.6521739E-01   2.3314975E+02   1.9429146E+01   2.5257889E+02   2.4074757E-01   5.2721778E-06   2.2222893E-01
   5.7971014E-01   1.5154734E+02   0.0000000E+00   1.5154734E+02   2.3088955E-01   0.0000000E+00   2.3088955E-01
   5.9420290E-01   5.5444148E+01   0.0000000E+00   5.5444148E+01   3.8994246E-01   0.0000000E+00   3.8994246E-01
   6.0869565E-01   1.2628945E+02   3.6082699E+01   1.6237215E+02   3.0825840E-01   1.8610079E-01   2.8094973E-01
   6.2318841E-01   1.2335248E+02   0.0000000E+00   1.2335248E+02   1.2170339E-01   0.0000000E+00   1.2170339E-01
   6.3768116E-01   6.8885153E+01   0.0000000E+00   6.8885153E+01   7.1639063E-02   0.0000000E+00   7.1639063E-02
   6.5217391E-01   1.6838593E+01   1.6838593E+01   3.3677186E+01   3.2833453E-06   9.1634484E-06   6.2115870E-06
   6.6666667E-01   6.5890146E+01   0.0000000E+00   6.5890146E+01   1.7184965E-01   0.0000000E+00   1.7184965E-01
   6.8115942E-01   6.4488228E+01   1.6122057E+01   8.0610286E+01   7.5699244E-02   3.8772946E-07   6.0559473E-02
   6.9565217E-01   9.4717086E+01   1.5786181E+01   1.1050327E+02   1.4131051E-01   6.3069719E-06   1.2112419E-01
   7.1014493E-01   4.6392042E+01   3.0928028E+01   7.7320070E+01   3.5573886E-01   9.7785005E-05   2.1340421E-01
   7.2463768E-01   1.0608314E+02   0.0000000E+00   1.0608314E+02   2.2098287E-01   0.0000000E+00   2.2098287E-01
   7.3913043E-01   2.9715164E+01   1.4857582E+01   4.4572746E+01   1.6957154E-05   4.0518572E-06   9.9562295E-06
   7.5362319E-01   2.9143719E+01   0.0000000E+00   2.9143719E+01   2.1372027E-01   0.0000000E+00   2.1372027E-01
   7.6811594E-01   4.2890756E+01   0.0000000E+00   4.2890756E+01   4.0337210E-01   0.0000000E+00   4.0337210E-01
   7.8260870E-01   4.2096482E+01   0.0000000E+00   4.2096482E+01   1.0613563E-01   0.0000000E+00   1.0613563E-01
   7.9710145E-01   2.7554061E+01   1.3777031E+01   4.1331092E+01   1.2840439E-05   7.5297392E-06   6.0760488E-06
   8.1159420E-01   6.7655061E+01   0.0000000E+00   6.7655061E+01   7.8732992E-02   0.0000000E+00   7.8732992E-02
   8.2608696E-01   5.3174504E+01   0.0000000E+00   5.3174504E+01   1.9887106E-07   0.0000000E+00   1.9887106E-07
   8.4057971E-01   3.9193277E+01   0.0000000E+00   3.9193277E+01   4.9845993E-05   0.0000000E+00   4.9845993E-05
   8.5507246E-01   2.5685989E+01   0.0000000E+00   2.5685989E+01   1.4652209E-05   0.0000000E+00   1.4652209E-05
   8.6956522E-01   0.0000000E+00   1.2628945E+01   1.2628945E+01   0.0000000E+00   5.4460239E-06   5.4460239E-06
   8.8405797E-01   1.2421913E+01   1.2421913E+01   2.4843826E+01   3.7333562E-01   3.1831184E-06   1.8666628E-01
   8.9855072E-01   1.2221559E+01   0.0000000E+00   1.2221559E+01   2.9006729E-06   0.0000000E+00   2.9006729E-06
   9.1304348E-01   2.4055133E+01   0.0000000E+00   2.4055133E+01   4.0950109E-06   0.0000000E+00   4.0950109E-06
   9.2753623E-01   1.1839636E+01   0.0000000E+00   1.1839636E+01   1.0706919E-05   0.0000000E+00   1.0706919E-05
   9.4202899E-01   4.6629950E+01   0.0000000E+00   4.6629950E+01   1.3130581E-05   0.0000000E+00   1.3130581E-05
   9.5652174E-01   1.1480859E+01   1.1480859E+01   2.2961718E+01   1.0944822E-05   2.5602883E-05   7.3959218E-06
   9.7101449E-01   2.2619005E+01   0.0000000E+00   2.2619005E+01   4.2147173E-01   0.0000000E+00   4.2147173E-01
   9.8550725E-01   0.0000000E+00   0.0000000E+00   0.0000000E+00   0.0000000E+00   0.0000000E+00   0.0000000E+00
   1.0000000E+00   0.0000000E+00   0.0000000E+00   0.0000000E+00   0.0000000E+00   0.0000000E+00   0.0000000E+00
