   0.0000000E+00   2.0367962E+06   1.0668933E+06   3.1036895E+06   1.2866159E-02   1.4420834E-06   8.4438966E-03
   1.4492754E-02   2.2951844E+06   1.1570639E+06   3.4522483E+06   2.3343285E-03   1.3042987E-05   1.5515609E-03
   2.8985507E-02   2.3963423E+06   1.1616103E+06   3.5579526E+06   2.0863687E-03   1.2741537E-05   1.4011466E-03
   4.3478261E-02   2.4919434E+06   1.2449614E+06   3.7366522E+06   2.3179226E-03   1.0938745E-06   1.5454397E-03
   5.7971014E-02   2.5283779E+06   1.2845531E+06   3.8127416E+06   2.1742106E-03   6.6878697E-06   1.4361537E-03
   7.2463768E-02   2.4931052E+06   1.2895163E+06   3.7815607E+06   3.2936690E-03   7.9837783E-07   2.1511137E-03
   8.6956522E-02   2.4602447E+06   1.2419304E+06   3.7016700E+06   1.7329910E-03   7.4381022E-06   1.1577905E-03
   1.0144928E-01   2.2761328E+06   1.1882394E+06   3.4640474E+06   1.6123868E-03   5.2076505E-06   1.0576720E-03
   1.1594203E-01   2.1212838E+06   1.1285541E+06   3.2492696E+06   8.2005604E-04   1.7154331E-06   5.2662870E-04
   1.3043478E-01   1.9603490E+06   1.0269858E+06   2.9869980E+06   1.6226678E-03   1.1326190E-05   1.0584745E-03
   1.4492754E-01   1.7613589E+06   9.2701506E+05   2.6879193E+06   1.2350551E-03   9.4646786E-07   7.9705349E-04
   1.5942029E-01   1.6635076E+06   8.4460086E+05   2.5078329E+06   2.3604862E-03   1.4070920E-06   1.5751416E-03
   1.7391304E-01   1.5202724E+06   7.6588235E+05   2.2860284E+06   2.6771122E-04   1.3373214E-06   1.7832342E-04
   1.8840580E-01   1.4062427E+06   7.0038185E+05   2.1062165E+06   2.1652759E-03   8.7664567E-06   1.4519055E-03
   2.0289855E-01   1.2738636E+06   6.5176180E+05   1.9253007E+06   3.7831377E-03   2.3456922E-06   2.5084277E-03
   2.1739130E-01   1.1859084E+06   5.8502324E+05   1.7706791E+06   4.7958678E-03   4.5165642E-06   3.2118333E-03
   2.3188406E-01   1.0817638E+06   5.2823719E+05   1.6098116E+06   3.9288548E-03   1.1654491E-05   2.6398248E-03
   2.4637681E-01   9.9530942E+05   4.8847272E+05   1.4836930E+06   4.9779707E-03   9.5790528E-06   3.3355256E-03
   2.6086957E-01   8.9737072E+05   4.4003453E+05   1.3372369E+06   5.8373432E-03   1.0686965E-06   3.9185690E-03
   2.7536232E-01   8.2748834E+05   4.0191949E+05   1.2293281E+06   4.4467018E-03   1.4905897E-05   2.9919031E-03
   2.8985507E-01   7.5224309E+05   3.6325897E+05   1.1153505E+06   4.1545156E-03   2.1101790E-05   2.8183303E-03
   3.0434783E-01   6.8730326E+05   3.2950721E+05   1.0166301E+06   8.5114210E-03   5.7234432E-06   5.7565962E-03
   3.1884058E-01   6.3419116E+05   3.0254359E+05   9.3666587E+05   4.3046128E-03   1.3367323E-05   2.9075268E-03
   3.3333333E-01   5.6639170E+05   2.7423479E+05   8.4046176E+05   4.4080169E-03   1.1004388E-05   2.9750463E-03
   3.4782609E-01   5.1008308E+05   2.4452794E+05   7.5451630E+05   6.9965028E-03   1.7279491E-05   4.7125960E-03
   3.6231884E-01   4.6840251E+05   2.2541151E+05   6.9381402E+05   6.6264056E-03   4.4209942E-06   4.4722114E-03
   3.7681159E-01   4.1940725E+05   2.0444319E+05   6.2382130E+05   7.6435131E-03   3.9057767E-05   5.1351933E-03
   3.9130435E-01   3.7782996E+05   1.8219358E+05   5.5996741E+05   5.0887746E-03   2.0587976E-06   3.4331077E-03
   4.0579710E-01   3.4225342E+05   1.6629614E+05   5.0849544E+05   5.9622466E-03   9.0891739E-07   4.0336505E-03
   4.2028986E-01   3.0630852E+05   1.4969219E+05   4.5594845E+05   2.4372776E-03   2.9963448E-06   1.6456478E-03
   4.3478261E-01   2.7892287E+05   1.3944881E+05   4.1832117E+05   3.8583207E-03   2.2564414E-05   2.5766018E-03
   4.4927536E-01   2.4858652E+05   1.2424437E+05   3.7283089E+05   6.3957270E-03   2.6710552E-05   4.2723597E-03
   4.6376812E-01   2.2978365E+05   1.1484447E+05   3.4462812E+05   9.7497305E-03   9.4086193E-05   6.5288875E-03
   4.7826087E-01   2.0631103E+05   1.0234038E+05   3.0865141E+05   6.3695121E-03   2.7115497E-05   4.2665223E-03
   4.9275362E-01   1.8214653E+05   9.0839257E+04   2.7298578E+05   5.6033631E-03   4.8585586E-05   3.7260056E-03
   5.0724638E-01   1.6865054E+05   8.2679897E+04   2.5133043E+05   1.1350724E-02   1.2579927E-04   7.6569875E-03
   5.2173913E-01   1.5013710E+05   7.3858278E+04   2.2399538E+05   9.0789319E-03   7.2521672E-06   6.0872452E-03
   5.3623188E-01   1.3741657E+05   6.8442054E+04   2.0585863E+05   2.8679280E-03   2.2891699E-05   1.9071456E-03
   5.5072464E-01   1.2582417E+05   6.0419530E+04   1.8624370E+05   3.1769712E-03   2.0745889E-06   2.1469987E-03
   5.6521739E-01   1.1299991E+05   5.7335409E+04   1.7033532E+05   6.9755236E-03   3.7615106E-05   4.6149350E-03
   5.7971014E-01   1.0081687E+05   5.1260887E+04   1.5207775E+05   1.7317752E-02   1.1660708E-04   1.1514606E-02
   5.9420290E-01   8.8766080E+04   4.6092568E+04   1.3485865E+05   2.0505102E-03   1.8083683E-05   1.3447387E-03
   6.0869565E-01   8.1961851E+04   4.1621394E+04   1.2358324E+05   7.3853613E-03   3.1061893E-06   4.8972133E-03
   6.2318841E-01   7.2813209E+04   3.7446290E+04   1.1025950E+05   2.3754199E-03   9.9797165E-07   1.5683838E-03
   6.3768116E-01   6.8075753E+04   3.5338084E+04   1.0341384E+05   7.0710359E-03   2.0997841E-05   4.6494892E-03
   6.5217391E-01   6.1713443E+04   3.1269267E+04   9.2982710E+04   1.3098303E-02   1.5080853E-05   8.6889582E-03
   6.6666667E-01   5.6714944E+04   2.8332763E+04   8.5047707E+04   8.4278696E-03   3.3740681E-06   5.6192193E-03
   6.8115942E-01   4.9768790E+04   2.4973066E+04   7.4741857E+04   6.4094285E-03   1.1162655E-05   4.2713251E-03
   6.9565217E-01   4.6095648E+04   2.3174114E+04   6.9269762E+04   1.6983453E-02   8.4642235E-06   1.1300532E-02
   7.1014493E-01   4.2618822E+04   2.1092915E+04   6.3711738E+04   5.6258443E-03   4.0594489E-06   3.7622763E-03
   7.2463768E-01   3.7689823E+04   1.9276821E+04   5.6966644E+04   8.8613733E-03   3.4946671E-05   5.8693256E-03
   7.3913043E-01   3.3667281E+04   1.7650807E+04   5.1318088E+04   2.1058085E-03   8.9968524E-06   1.3787489E-03
   7.5362319E-01   3.0600905E+04   1.6131048E+04   4.6731953E+04   6.3072797E-03   1.8227433E-04   4.0781921E-03
   7.6811594E-01   2.7207036E+04   1.3310431E+04   4.0517467E+04   1.0937794E-02   8.1849450E-06   7.3419999E-03
   7.8260870E-01   2.4836925E+04   1.2488623E+04   3.7325548E+04   1.2922480E-02   1.9441106E-05   8.6003285E-03
   7.9710145E-01   2.3172966E+04   1.0704753E+04   3.3877718E+04   1.3156667E-02   3.0625219E-06   8.9984761E-03
   8.1159420E-01   2.0134146E+04   1.0026480E+04   3.0160626E+04   8.4735668E-03   3.2141761E-05   5.6660617E-03
   8.2608696E-01   1.8783894E+04   9.6112916E+03   2.8395185E+04   6.0035457E-03   4.6026338E-04   3.9688853E-03
   8.4057971E-01   1.5990857E+04   8.7662296E+03   2.4757086E+04   8.4255056E-03   3.0805570E-06   5.4416027E-03
   8.5507246E-01   1.3664946E+04   7.1150190E+03   2.0779965E+04   8.2786765E-03   3.0162717E-06   5.4449466E-03
   8.6956522E-01   1.2351108E+04   6.3902460E+03   1.8741354E+04   1.0480663E-02   5.8764097E-06   6.9088269E-03
   8.8405797E-01   1.0794642E+04   5.8507210E+03   1.6645363E+04   1.0994112E-02   1.2109296E-05   7.1334014E-03
   8.9855072E-01   9.2883852E+03   4.9741747E+03   1.4262560E+04   1.4788800E-02   5.9036485E-06   9.6295207E-03
   9.1304348E-01   7.7938630E+03   4.1495104E+03   1.1943373E+04   3.6099289E-03   2.2690343E-06   2.3559735E-03
   9.2753623E-01   6.9261869E+03   3.4216547E+03   1.0347842E+04   9.0628497E-03   3.4259891E-05   6.0695547E-03
   9.4202899E-01   6.0502360E+03   2.7861395E+03   8.8363755E+03   1.7909407E-02   5.6460755E-06   1.2262425E-02
   9.5652174E-01   4.2364369E+03   2.4913464E+03   6.7277833E+03   1.5598318E-02   1.5353425E-06   9.8227092E-03
   9.7101449E-01   3.3249938E+03   1.8434489E+03   5.1684428E+03   7.1938950E-03   7.1774585E-06   4.6305768E-03
   9.8550725E-01   2.1729214E+03   1.1366050E+03   3.3095264E+03   3.5672142E-02   3.8020972E-06   2.3421042E-02
   1.0000000E+00   2.8449320E+02   2.1884092E+01   3.0637729E+02   3.2090473E-02   3.1205125E-06   2.9798322E-02
