   0.0000000E+00   4.1057204E+07   2.0925656E+07   6.1982861E+07   3.6314800E-03   2.0932501E-03   2.8142668E-03
   1.4492754E-02   4.2462048E+07   2.0989306E+07   6.3451354E+07   6.8907107E-04   9.3314656E-04   5.9530245E-04
   2.8985507E-02   4.2475688E+07   2.1390528E+07   6.3865836E+07   4.8119546E-04   5.1384581E-04   4.1074954E-04
   4.3478261E-02   3.6512047E+07   1.8267011E+07   5.4778806E+07   6.1090817E-04   3.7209180E-04   5.3127278E-04
   5.7971014E-02   2.5443472E+07   1.2718610E+07   3.8161135E+07   6.5106117E-04   6.5365733E-04   2.5801440E-04
   7.2463768E-02   1.4061320E+07   7.0017901E+06   2.1062807E+07   8.3556276E-04   4.9153032E-04   7.1823646E-04
   8.6956522E-02   7.7905434E+06   3.9337900E+06   1.1724333E+07   1.1202157E-03   1.5185837E-03   1.1731100E-03
   1.0144928E-01   4.3871872E+06   2.1784930E+06   6.5655719E+06   5.6778590E-03   5.2264100E-03   5.5074665E-03
   1.1594203E-01   1.5626425E+06   7.6919745E+05   2.3318399E+06   1.8440267E-02   1.9382286E-02   1.8738226E-02
   1.3043478E-01   3.4855887E+04   1.7764716E+04   5.2620603E+04   8.2409145E-02   8.4476335E-02   8.2890500E-02
   1.4492754E-01   1.5760923E+04   7.9562352E+03   2.3717158E+04   9.9088982E-02   9.3204160E-02   9.7109242E-02
   1.5942029E-01   1.0677199E+04   5.4419271E+03   1.6119126E+04   1.1921026E-01   1.1334674E-01   1.1694060E-01
   1.7391304E-01   8.3351035E+03   3.0940915E+03   1.1429195E+04   1.5406434E-01   1.5623214E-01   1.5458148E-01
   1.8840580E-01   4.4881327E+03   2.3314975E+03   6.8196302E+03   1.4645958E-01   1.6333664E-01   1.4913438E-01
   2.0289855E-01   3.5721872E+03   1.5695974E+03   5.1417846E+03   2.1125267E-01   1.7884541E-01   2.0117608E-01
   2.1739130E-01   2.8793994E+03   1.2123787E+03   4.0917781E+03   1.8076882E-01   1.6534842E-01   1.7603510E-01
   2.3188406E-01   1.4207563E+03   6.6301960E+02   2.0837759E+03   1.4757850E-01   2.3047967E-01   1.7316902E-01
   2.4637681E-01   1.2034641E+03   7.5773668E+02   1.9612008E+03   1.8696704E-01   1.3626819E-01   1.6734212E-01
   2.6086957E-01   7.9983317E+02   6.3144724E+02   1.4312804E+03   1.9992083E-01   1.5605110E-01   1.7930465E-01
   2.7536232E-01   7.9761756E+02   2.3928527E+02   1.0369028E+03   1.6030097E-01   1.9611575E-01   1.6795593E-01
   2.8985507E-01   6.8196302E+02   2.2732101E+02   9.0928402E+02   2.3632632E-01   1.0498786E-01   2.0348202E-01
   3.0434783E-01   5.4124049E+02   2.5257889E+02   7.9381938E+02   1.5421995E-01   1.8259754E-01   1.6158542E-01
   3.1884058E-01   4.4775350E+02   3.7886834E+02   8.2662184E+02   1.5933319E-01   1.8392509E-01   1.6941795E-01
   3.3333333E-01   3.2945073E+02   2.3061551E+02   5.6006624E+02   1.9871743E-01   2.8105415E-01   2.3069378E-01
   3.4782609E-01   2.5257889E+02   2.2100653E+02   4.7358543E+02   3.0840210E-01   1.1971565E-01   2.1924778E-01
   3.6231884E-01   1.8185680E+02   9.0928402E+01   2.7278521E+02   2.4514198E-01   8.1754863E-02   1.8980108E-01
   3.7681159E-01   1.1657487E+02   1.1657487E+02   2.3314975E+02   1.0626108E-01   3.8107566E-01   2.4351625E-01
   3.9130435E-01   1.6838593E+02   2.8064322E+01   1.9645025E+02   1.8518222E-01   3.4707741E-01   2.0022770E-01
   4.0579710E-01   1.0824810E+02   8.1186073E+01   1.8943417E+02   3.5524934E-01   2.0101721E-01   2.8877900E-01
   4.2028986E-01   1.0451540E+02   7.8386554E+01   1.8290196E+02   1.3353161E-01   2.9296640E-01   1.9916671E-01
   4.3478261E-01   2.7783678E+02   0.0000000E+00   2.7783678E+02   3.3437214E-01   0.0000000E+00   3.3437214E-01
   4.4927536E-01   7.3329357E+01   4.8886238E+01   1.2221559E+02   1.1543060E-01   3.3497401E-02   7.4399196E-02
   4.6376812E-01   7.1037814E+01   2.3679271E+01   9.4717086E+01   2.1534130E-01   2.2795797E-01   2.1839319E-01
   4.7826087E-01   9.1846871E+01   0.0000000E+00   9.1846871E+01   2.4203418E-01   0.0000000E+00   2.4203418E-01
   4.9275362E-01   6.6859119E+01   2.2286373E+01   8.9145492E+01   1.8582279E-01   2.0740662E-01   1.5459725E-01
   5.0724638E-01   4.3299239E+01   2.1649620E+01   6.4948859E+01   3.4745422E-01   9.7372916E-07   2.3163646E-01
   5.2173913E-01   1.0524121E+02   2.1048241E+01   1.2628945E+02   3.1441282E-01   4.4241336E-01   3.3574622E-01
   5.3623188E-01   6.1438110E+01   4.0958740E+01   1.0239685E+02   2.2023530E-01   1.9833441E-01   2.0708094E-01
   5.5072464E-01   5.9821317E+01   0.0000000E+00   5.9821317E+01   2.1455942E-01   0.0000000E+00   2.1455942E-01
   5.6521739E-01   7.7716583E+01   0.0000000E+00   7.7716583E+01   2.7609720E-01   0.0000000E+00   2.7609720E-01
   5.7971014E-01   3.7886834E+01   0.0000000E+00   3.7886834E+01   2.3660084E-01   0.0000000E+00   2.3660084E-01
   5.9420290E-01   3.6962765E+01   5.5444148E+01   9.2406913E+01   2.0680445E-01   1.1648407E-01   1.5220085E-01
   6.0869565E-01   3.6082699E+01   1.8041350E+01   5.4124049E+01   1.6605247E-01   6.8553282E-02   1.1949676E-01
   6.2318841E-01   1.7621783E+01   0.0000000E+00   1.7621783E+01   3.6815976E-01   0.0000000E+00   3.6815976E-01
   6.3768116E-01   6.8885153E+01   3.4442577E+01   1.0332773E+02   3.0187012E-01   2.5943302E-01   2.8311722E-01
   6.5217391E-01   0.0000000E+00   1.6838593E+01   1.6838593E+01   0.0000000E+00   4.5795994E-01   4.5795994E-01
   6.6666667E-01   1.6472537E+01   0.0000000E+00   1.6472537E+01   3.4043965E-01   0.0000000E+00   3.4043965E-01
   6.8115942E-01   1.6122057E+01   0.0000000E+00   1.6122057E+01   1.8097718E-01   0.0000000E+00   1.8097718E-01
   6.9565217E-01   3.1572362E+01   0.0000000E+00   3.1572362E+01   1.8642633E-01   0.0000000E+00   1.8642633E-01
   7.1014493E-01   1.5464014E+01   0.0000000E+00   1.5464014E+01   4.1953755E-06   0.0000000E+00   4.1953755E-06
   7.2463768E-01   0.0000000E+00   3.0309467E+01   3.0309467E+01   0.0000000E+00   4.6044402E-01   4.6044402E-01
   7.3913043E-01   2.9715164E+01   1.4857582E+01   4.4572746E+01   2.3509167E-01   7.4378696E-06   1.5672543E-01
   7.5362319E-01   2.9143719E+01   0.0000000E+00   2.9143719E+01   2.3174063E-01   0.0000000E+00   2.3174063E-01
   7.6811594E-01   4.2890756E+01   0.0000000E+00   4.2890756E+01   2.9490770E-01   0.0000000E+00   2.9490770E-01
   7.8260870E-01   2.8064322E+01   0.0000000E+00   2.8064322E+01   4.8053513E-01   0.0000000E+00   4.8053513E-01
   7.9710145E-01   2.7554061E+01   1.3777031E+01   4.1331092E+01   3.0815661E-01   3.9125821E-01   3.3384539E-01
   8.1159420E-01   1.3531012E+01   1.3531012E+01   2.7062024E+01   4.5644517E-01   2.4236085E-01   3.3938914E-01
   8.2608696E-01   1.3293626E+01   0.0000000E+00   1.3293626E+01   3.6472598E-01   0.0000000E+00   3.6472598E-01
   8.4057971E-01   1.3064426E+01   0.0000000E+00   1.3064426E+01   3.7274545E-01   0.0000000E+00   3.7274545E-01
   8.5507246E-01   5.1371979E+01   0.0000000E+00   5.1371979E+01   2.7240569E-01   0.0000000E+00   2.7240569E-01
   8.6956522E-01   1.2628945E+01   0.0000000E+00   1.2628945E+01   2.7026564E-01   0.0000000E+00   2.7026564E-01
   8.8405797E-01   1.2421913E+01   0.0000000E+00   1.2421913E+01   1.9594653E-05   0.0000000E+00   1.9594653E-05
   8.9855072E-01   0.0000000E+00   0.0000000E+00   0.0000000E+00   0.0000000E+00   0.0000000E+00   0.0000000E+00
   9.1304348E-01   0.0000000E+00   0.0000000E+00   0.0000000E+00   0.0000000E+00   0.0000000E+00   0.0000000E+00
   9.2753623E-01   1.1839636E+01   0.0000000E+00   1.1839636E+01   4.1131727E-01   0.0000000E+00   4.1131727E-01
   9.4202899E-01   0.0000000E+00   0.0000000E+00   0.0000000E+00   0.0000000E+00   0.0000000E+00   0.0000000E+00
   9.5652174E-01   1.1480859E+01   0.0000000E+00   1.1480859E+01   3.1579121E-01   0.0000000E+00   3.1579121E-01
   9.7101449E-01   0.0000000E+00   0.0000000E+00   0.0000000E+00   0.0000000E+00   0.0000000E+00   0.0000000E+00
   9.8550725E-01   0.0000000E+00   0.0000000E+00   0.0000000E+00   0.0000000E+00   0.0000000E+00   0.0000000E+00
   1.0000000E+00   0.0000000E+00   0.0000000E+00   0.0000000E+00   0.0000000E+00   0.0000000E+00   0.0000000E+00
