   0.0000000E+00   1.0687118E+07   6.3468025E+06   1.7033921E+07   4.1731408E-03   1.4381500E-03   2.9783026E-03
   1.4492754E-02   1.1345591E+07   6.5210819E+06   1.7866673E+07   2.3620729E-04   3.2406210E-04   2.2470064E-04
   2.8985507E-02   1.1491835E+07   6.7082429E+06   1.8198941E+07   1.1754304E-03   1.9919717E-04   6.6911699E-04
   4.3478261E-02   1.0327446E+07   5.9651558E+06   1.6291844E+07   1.1940090E-03   2.2337763E-04   7.0348218E-04
   5.7971014E-02   8.8505539E+06   5.0198161E+06   1.3869233E+07   2.3636711E-04   1.0542884E-04   1.7871116E-04
   7.2463768E-02   7.3001868E+06   4.0713192E+06   1.1370900E+07   4.0525277E-04   1.0169561E-04   2.9761615E-04
   8.6956522E-02   5.9737434E+06   3.2892087E+06   9.2625732E+06   6.9462778E-04   2.3076945E-04   4.8188746E-04
   1.0144928E-01   4.7832669E+06   2.5789027E+06   7.3615201E+06   1.2917282E-03   3.8476482E-04   9.7086695E-04
   1.1594203E-01   3.7791170E+06   1.9984358E+06   5.7771739E+06   8.4582352E-04   1.1013511E-04   5.3329809E-04
   1.3043478E-01   2.9782419E+06   1.5669995E+06   4.5449888E+06   1.0757036E-03   1.9161927E-04   6.3775512E-04
   1.4492754E-01   2.3279944E+06   1.2135911E+06   3.5413582E+06   1.7561401E-03   3.7117989E-04   1.0505663E-03
   1.5942029E-01   1.8656166E+06   9.2636754E+05   2.7918464E+06   1.2251026E-03   2.7322788E-04   9.0846081E-04
   1.7391304E-01   1.4665994E+06   7.3715150E+05   2.2036877E+06   8.1813854E-04   8.9341872E-04   8.4334302E-04
   1.8840580E-01   1.1663316E+06   5.8864483E+05   1.7549182E+06   2.3868685E-03   5.2650649E-05   1.5703005E-03
   2.0289855E-01   9.4500589E+05   4.6102865E+05   1.4059804E+06   4.9221868E-04   8.1250494E-04   3.8316216E-04
   2.1739130E-01   7.7395225E+05   3.7235181E+05   1.1462535E+06   1.1854034E-03   5.8471660E-04   6.0976162E-04
   2.3188406E-01   6.2863730E+05   3.0352090E+05   9.3215820E+05   2.2007997E-03   6.5184471E-04   1.6891666E-03
   2.4637681E-01   5.2720644E+05   2.5241546E+05   7.7962190E+05   2.7598349E-03   9.2886525E-04   1.7405394E-03
   2.6086957E-01   4.4668578E+05   2.0867226E+05   6.5535804E+05   8.3290860E-04   6.9982347E-05   5.7827946E-04
   2.7536232E-01   3.7799096E+05   1.7739015E+05   5.5538111E+05   3.5901891E-03   6.1216899E-04   2.4255825E-03
   2.8985507E-01   3.2745591E+05   1.4942567E+05   4.7688158E+05   2.2988040E-03   1.1501994E-03   1.6726220E-03
   3.0434783E-01   2.7888318E+05   1.3090803E+05   4.0979122E+05   3.2533410E-03   1.8881415E-03   2.7553852E-03
   3.1884058E-01   2.4092582E+05   1.0563538E+05   3.4656121E+05   6.6736941E-03   7.3332515E-04   4.4187756E-03
   3.3333333E-01   2.1598790E+05   9.2608601E+04   3.0856356E+05   7.0308733E-03   3.4840334E-04   5.0253888E-03
   3.4782609E-01   1.8753983E+05   8.3003739E+04   2.7054357E+05   4.2174983E-03   7.1743235E-04   2.7809493E-03
   3.6231884E-01   1.6106451E+05   7.1833438E+04   2.3289795E+05   5.9468616E-03   3.1078584E-04   4.2084395E-03
   3.7681159E-01   1.4691349E+05   6.2425845E+04   2.0933933E+05   3.5371310E-03   4.6445959E-04   2.5034420E-03
   3.9130435E-01   1.2971329E+05   5.2760925E+04   1.8247422E+05   4.8742422E-03   8.8567026E-04   3.2550584E-03
   4.0579710E-01   1.1658320E+05   4.6492558E+04   1.6307576E+05   8.0308751E-03   9.2210623E-04   5.9958836E-03
   4.2028986E-01   1.0668410E+05   4.2459383E+04   1.4914348E+05   2.2079062E-03   4.7024615E-04   1.5627068E-03
   4.3478261E-01   9.4136154E+04   3.7735287E+04   1.3187144E+05   1.7332718E-03   4.5757017E-04   1.3540610E-03
   4.4927536E-01   8.7286377E+04   3.3462630E+04   1.2074901E+05   1.8639700E-03   7.0982496E-04   1.5055760E-03
   4.6376812E-01   7.7810086E+04   2.9741165E+04   1.0755125E+05   4.3137798E-03   7.6332694E-04   2.9585683E-03
   4.7826087E-01   7.6164018E+04   2.6727439E+04   1.0289146E+05   7.2794746E-03   5.0796323E-04   5.3092565E-03
   4.9275362E-01   6.8552884E+04   2.4938451E+04   9.3491335E+04   1.1346299E-02   1.4699180E-03   8.5795569E-03
   5.0724638E-01   6.4862260E+04   2.3446538E+04   8.8308798E+04   5.3212493E-03   8.0953903E-04   3.7090469E-03
   5.2173913E-01   6.0345308E+04   2.2395329E+04   8.2740636E+04   8.0184231E-03   4.8922258E-04   5.9800827E-03
   5.3623188E-01   5.7301277E+04   2.0397452E+04   7.7698729E+04   8.7716786E-03   1.3342471E-03   6.8184747E-03
   5.5072464E-01   5.4517160E+04   1.9481809E+04   7.3998969E+04   3.6988270E-03   9.0291744E-04   2.9505780E-03
   5.6521739E-01   5.2361548E+04   1.7835956E+04   7.0197504E+04   1.1206481E-02   5.2212058E-04   8.4906601E-03
   5.7971014E-01   4.9233941E+04   1.5552545E+04   6.4786486E+04   6.1071714E-03   2.0178706E-03   5.0897195E-03
   5.9420290E-01   4.8254890E+04   1.5043845E+04   6.3298735E+04   5.9105471E-03   1.1594045E-03   4.6772596E-03
   6.0869565E-01   4.6312144E+04   1.3765550E+04   6.0077694E+04   2.4050575E-03   1.1983775E-03   1.6668138E-03
   6.2318841E-01   4.2345145E+04   1.2546710E+04   5.4891855E+04   7.7493631E-03   1.0690557E-04   5.9603349E-03
   6.3768116E-01   3.8248481E+04   1.2950409E+04   5.1198890E+04   5.0242515E-03   1.3158931E-03   4.0834574E-03
   6.5217391E-01   3.6910196E+04   1.1837531E+04   4.8747727E+04   9.9664175E-03   4.7444448E-04   7.4793131E-03
   6.6666667E-01   3.7985669E+04   1.0822457E+04   4.8808126E+04   1.0901433E-02   1.2544132E-03   8.7582123E-03
   6.8115942E-01   3.4033663E+04   1.0559947E+04   4.4593610E+04   8.7011038E-03   1.4163019E-03   6.7664548E-03
   6.9565217E-01   3.4066578E+04   9.9610802E+03   4.4027659E+04   1.1969571E-02   1.1685343E-05   9.2635235E-03
   7.1014493E-01   3.1345556E+04   9.3402644E+03   4.0685821E+04   1.4837821E-02   6.6894096E-04   1.1462872E-02
   7.2463768E-01   2.8854613E+04   8.5775793E+03   3.7432192E+04   1.1661980E-02   8.1037059E-04   9.1620490E-03
   7.3913043E-01   2.8808852E+04   8.3796763E+03   3.7188528E+04   7.8197866E-03   1.1776534E-03   5.8188978E-03
   7.5362319E-01   2.6418781E+04   7.9270915E+03   3.4345872E+04   1.8459976E-02   4.1179597E-04   1.4281227E-02
   7.6811594E-01   2.5720157E+04   6.8911147E+03   3.2611271E+04   1.4499054E-02   6.8855605E-04   1.1578809E-02
   7.8260870E-01   2.4500153E+04   7.2686593E+03   3.1768812E+04   1.3707169E-02   7.9964124E-04   1.0390531E-02
   7.9710145E-01   2.3255628E+04   6.4338733E+03   2.9689501E+04   1.2637359E-02   7.8926116E-04   9.7287276E-03
   8.1159420E-01   2.1987895E+04   6.2513276E+03   2.8239222E+04   2.5381596E-02   1.3190773E-03   2.0032450E-02
   8.2608696E-01   2.0312661E+04   5.6763783E+03   2.5989039E+04   1.6997769E-02   1.9626513E-06   1.3285168E-02
   8.4057971E-01   1.8120358E+04   5.6438319E+03   2.3764190E+04   2.1393817E-02   5.3752535E-04   1.6214332E-02
   8.5507246E-01   1.7800391E+04   4.8289660E+03   2.2629357E+04   1.7069403E-02   4.6660947E-05   1.3429829E-02
   8.6956522E-01   1.6101905E+04   4.4453885E+03   2.0547293E+04   1.9958648E-02   5.3848178E-04   1.5716588E-02
   8.8405797E-01   1.4856608E+04   3.9625902E+03   1.8819198E+04   2.2201222E-02   1.2415017E-06   1.7526736E-02
   8.9855072E-01   1.2417104E+04   3.6298031E+03   1.6046908E+04   3.0214098E-02   3.4895304E-04   2.3431355E-02
   9.1304348E-01   1.0776700E+04   3.0189192E+03   1.3795619E+04   1.9472632E-02   9.1510933E-04   1.5170778E-02
   9.2753623E-01   1.0134728E+04   2.9362297E+03   1.3070958E+04   3.5848453E-02   4.2640115E-04   2.7821921E-02
   9.4202899E-01   8.5449383E+03   2.2732101E+03   1.0818148E+04   3.3297959E-02   2.4428101E-05   2.6303292E-02
   9.5652174E-01   6.5900130E+03   1.8943417E+03   8.4843547E+03   3.0223955E-02   1.6863244E-05   2.3475473E-02
   9.7101449E-01   5.4511803E+03   1.2440453E+03   6.6952256E+03   3.7893311E-02   4.8723486E-06   3.0851455E-02
   9.8550725E-01   2.9640876E+03   8.2459580E+02   3.7886834E+03   4.1150819E-02   4.5963773E-06   3.2195464E-02
   1.0000000E+00   0.0000000E+00   0.0000000E+00   0.0000000E+00   0.0000000E+00   0.0000000E+00   0.0000000E+00
