   0.0000000E+00   1.1396360E+06   6.1831313E+05   1.7579491E+06   1.4312820E-02   2.5449787E-06   9.2788089E-03
   1.4492754E-02   1.1525175E+06   6.7438565E+05   1.8269031E+06   5.1798336E-03   7.1226918E-06   3.2689929E-03
   2.8985507E-02   1.1131152E+06   7.0999927E+05   1.8231145E+06   4.8096860E-03   3.2949579E-06   2.9360530E-03
   4.3478261E-02   1.1487288E+06   7.4384484E+05   1.8925737E+06   3.4248472E-03   2.5765493E-07   2.0788008E-03
   5.7971014E-02   1.1144412E+06   7.4485516E+05   1.8592964E+06   2.4905789E-03   2.1627822E-06   1.4934126E-03
   7.2463768E-02   1.1256936E+06   7.3742934E+05   1.8631230E+06   2.4932563E-03   1.4596704E-06   1.5061511E-03
   8.6956522E-02   1.0930352E+06   7.3652006E+05   1.8295552E+06   4.0053375E-03   8.5490051E-06   2.3915909E-03
   1.0144928E-01   1.0897336E+06   6.9690125E+05   1.7865266E+06   3.3867221E-03   1.5601955E-05   2.0656968E-03
   1.1594203E-01   1.0309008E+06   6.7391206E+05   1.7047181E+06   5.5462914E-03   9.1497782E-06   3.3574805E-03
   1.3043478E-01   1.0022331E+06   6.3590946E+05   1.6380583E+06   3.7683722E-03   1.2825691E-05   2.3057609E-03
   1.4492754E-01   9.8816441E+05   5.9179235E+05   1.5799568E+06   4.9031810E-03   1.8508257E-05   3.0607633E-03
   1.5942029E-01   9.4717086E+05   5.4343497E+05   1.4906058E+06   8.5782113E-03   3.9612065E-05   5.4502416E-03
   1.7391304E-01   9.2001862E+05   5.1406120E+05   1.4338904E+06   9.3239418E-03   9.8905870E-06   5.9659748E-03
   1.8840580E-01   8.7769223E+05   4.8839044E+05   1.3660827E+06   1.1015419E-02   1.3923629E-05   7.0816218E-03
   2.0289855E-01   8.4438929E+05   4.5188168E+05   1.2962168E+06   1.3201342E-02   7.8915665E-06   8.6155382E-03
   2.1739130E-01   8.1315249E+05   4.4585226E+05   1.2589542E+06   1.0274454E-02   1.3712253E-05   6.6391362E-03
   2.3188406E-01   7.7596972E+05   4.0780441E+05   1.1837741E+06   1.8240960E-02   2.1037302E-05   1.1962379E-02
   2.4637681E-01   7.4507802E+05   3.8546511E+05   1.1304540E+06   1.3298688E-02   3.2947386E-05   8.7579561E-03
   2.6086957E-01   7.0966250E+05   3.6000912E+05   1.0695453E+06   1.6979278E-02   2.5533503E-06   1.1285514E-02
   2.7536232E-01   6.6832376E+05   3.4421186E+05   1.0125356E+06   1.6978512E-02   6.8085479E-06   1.1205129E-02
   2.8985507E-01   6.2395827E+05   3.2631930E+05   9.5020180E+05   1.9380722E-02   9.6812053E-06   1.2712318E-02
   3.0434783E-01   5.9745733E+05   3.0533180E+05   9.0278914E+05   1.7797504E-02   1.0477111E-05   1.1778253E-02
   3.1884058E-01   5.6947356E+05   2.8494344E+05   8.5434811E+05   1.8085592E-02   2.5529727E-05   1.2032684E-02
   3.3333333E-01   5.3311717E+05   2.6843646E+05   8.0148774E+05   2.0414733E-02   1.5763196E-05   1.3583081E-02
   3.4782609E-01   5.0402118E+05   2.5169487E+05   7.5568448E+05   2.0881454E-02   1.7606852E-05   1.3933208E-02
   3.6231884E-01   4.7631328E+05   2.3632292E+05   7.1263620E+05   2.1011776E-02   8.7012394E-06   1.4041295E-02
   3.7681159E-01   4.6015017E+05   2.2402777E+05   6.8414879E+05   1.9560710E-02   3.9058650E-06   1.3145929E-02
   3.9130435E-01   4.2363094E+05   2.1379400E+05   6.3739687E+05   2.2291111E-02   1.5240327E-05   1.4831616E-02
   4.0579710E-01   4.0969199E+05   1.9774221E+05   6.0740714E+05   2.0818295E-02   7.8095132E-05   1.4065758E-02
   4.2028986E-01   3.8354541E+05   1.8666451E+05   5.7020992E+05   2.2541397E-02   8.5146416E-06   1.5161500E-02
   4.3478261E-01   3.5815687E+05   1.7074333E+05   5.2890021E+05   2.2817913E-02   3.1652593E-06   1.5452683E-02
   4.4927536E-01   3.3457741E+05   1.6188678E+05   4.9643974E+05   2.5310852E-02   5.6966154E-06   1.7042346E-02
   4.6376812E-01   3.1510006E+05   1.5417574E+05   4.6925212E+05   2.4245356E-02   4.7751902E-05   1.6272234E-02
   4.7826087E-01   2.9533361E+05   1.4204119E+05   4.3737480E+05   2.6972070E-02   6.1152230E-06   1.8211886E-02
   4.9275362E-01   2.8241292E+05   1.3534514E+05   4.1773578E+05   2.8176389E-02   3.4295872E-05   1.9052123E-02
   5.0724638E-01   2.6416866E+05   1.2296984E+05   3.8713850E+05   2.5670771E-02   2.9902715E-05   1.7526070E-02
   5.2173913E-01   2.4714845E+05   1.1774386E+05   3.6487126E+05   2.7592064E-02   8.5708832E-07   1.8689515E-02
   5.3623188E-01   2.3178551E+05   1.1093675E+05   3.4272225E+05   2.9021773E-02   5.2267734E-06   1.9626523E-02
   5.5072464E-01   2.2295405E+05   1.0400933E+05   3.2696338E+05   2.6132324E-02   1.4737029E-05   1.7818868E-02
   5.6521739E-01   2.0705641E+05   9.4406219E+04   3.0144320E+05   2.3635483E-02   1.8420176E-05   1.6249768E-02
   5.7971014E-01   1.9513614E+05   8.9469759E+04   2.8460590E+05   3.0886472E-02   1.3566928E-05   2.1174574E-02
   5.9420290E-01   1.8209706E+05   8.5254618E+04   2.6733320E+05   3.1019113E-02   4.5455497E-06   2.1115529E-02
   6.0869565E-01   1.6982322E+05   7.8696367E+04   2.4851959E+05   3.0272128E-02   5.9957463E-05   2.0697344E-02
   6.2318841E-01   1.5975909E+05   7.1967363E+04   2.3172645E+05   3.0200929E-02   3.3345859E-06   2.0820997E-02
   6.3768116E-01   1.4877471E+05   6.6904705E+04   2.1566219E+05   3.3045277E-02   4.9710552E-05   2.2806647E-02
   6.5217391E-01   1.4110741E+05   6.2235440E+04   2.0334285E+05   3.2390632E-02   1.4204099E-05   2.2478425E-02
   6.6666667E-01   1.3207680E+05   5.9762363E+04   1.9183916E+05   2.9412202E-02   1.1720992E-04   2.0282971E-02
   6.8115942E-01   1.2542960E+05   5.3557474E+04   1.7897096E+05   3.3905435E-02   1.3450497E-06   2.3761812E-02
   6.9565217E-01   1.1746497E+05   4.9884332E+04   1.6733352E+05   3.2464208E-02   6.2499986E-06   2.2787428E-02
   7.1014493E-01   1.1245431E+05   4.7536379E+04   1.5999069E+05   3.5988648E-02   1.4914316E-04   2.5337068E-02
   7.2463768E-01   1.0259755E+05   4.3751716E+04   1.4634926E+05   3.9400871E-02   1.5845636E-05   2.7619437E-02
   7.3913043E-01   9.8446339E+04   4.3146418E+04   1.4159276E+05   4.2845966E-02   3.4202563E-06   2.9788860E-02
   7.5362319E-01   9.0112378E+04   3.8221987E+04   1.2833436E+05   3.8843490E-02   4.5438512E-05   2.7283217E-02
   7.6811594E-01   8.3122285E+04   3.5670812E+04   1.1877880E+05   3.7911293E-02   3.0710845E-07   2.6515212E-02
   7.8260870E-01   7.9253644E+04   3.2316066E+04   1.1156971E+05   4.1482066E-02   1.0301291E-05   2.9469803E-02
   7.9710145E-01   7.1819661E+04   3.1535623E+04   1.0335528E+05   4.4166902E-02   1.4747240E-06   3.0690332E-02
   8.1159420E-01   6.8047460E+04   2.7197335E+04   9.5244795E+04   4.4298071E-02   1.4052368E-05   3.1651981E-02
   8.2608696E-01   6.4141746E+04   2.6108682E+04   9.0250427E+04   4.7045882E-02   2.4306503E-06   3.3435238E-02
   8.4057971E-01   5.7679439E+04   2.4378218E+04   8.2057657E+04   4.8859992E-02   1.4276000E-06   3.4343987E-02
   8.5507246E-01   5.2001285E+04   2.1229470E+04   7.3230755E+04   4.6064771E-02   6.9711371E-06   3.2708784E-02
   8.6956522E-01   4.9644382E+04   1.8766612E+04   6.8410994E+04   5.1523934E-02   1.1460727E-05   3.7392945E-02
   8.8405797E-01   4.6780924E+04   1.8098727E+04   6.4879651E+04   5.5788520E-02   1.0124572E-06   4.0225573E-02
   8.9855072E-01   4.1345536E+04   1.6352447E+04   5.7697982E+04   5.2703229E-02   1.1217657E-05   3.7766858E-02
   9.1304348E-01   3.7008822E+04   1.4000087E+04   5.1008909E+04   6.0185148E-02   2.2521514E-05   4.3667928E-02
   9.2753623E-01   3.2582677E+04   1.2005391E+04   4.4588068E+04   5.7073360E-02   2.8886682E-06   4.1707065E-02
   9.4202899E-01   2.8607474E+04   1.0934723E+04   3.9542197E+04   6.3703986E-02   1.0476351E-05   4.6086126E-02
   9.5652174E-01   2.4729770E+04   9.0928402E+03   3.3822610E+04   6.7834329E-02   3.7586282E-06   4.9596799E-02
   9.7101449E-01   1.9802939E+04   7.0910582E+03   2.6893998E+04   7.9797363E-02   1.5917079E-06   5.8757017E-02
   9.8550725E-01   1.1722632E+04   4.2566973E+03   1.5979329E+04   8.1143842E-02   7.3045401E-06   5.9530064E-02
   1.0000000E+00   1.1160887E+03   5.0333412E+02   1.6194228E+03   1.0524289E-01   9.5912489E-07   7.2532532E-02
