   0.0000000E+00   3.2128035E+05   1.7579491E+05   4.9707526E+05   0.0000000E+00   0.0000000E+00   0.0000000E+00
   1.4492754E-02   2.8718220E+05   1.4775865E+05   4.3494086E+05   0.0000000E+00   0.0000000E+00   0.0000000E+00
   2.8985507E-02   2.8793994E+05   1.5836697E+05   4.4630691E+05   0.0000000E+00   0.0000000E+00   0.0000000E+00
   4.3478261E-02   2.9905341E+05   1.4018129E+05   4.3923470E+05   0.0000000E+00   0.0000000E+00   0.0000000E+00
   5.7971014E-02   2.9930599E+05   1.5419942E+05   4.5350541E+05   0.0000000E+00   0.0000000E+00   0.0000000E+00
   7.2463768E-02   3.0824728E+05   1.4897103E+05   4.5721832E+05   0.0000000E+00   0.0000000E+00   0.0000000E+00
   8.6956522E-02   3.1900714E+05   1.5091589E+05   4.6992303E+05   0.0000000E+00   0.0000000E+00   0.0000000E+00
   1.0144928E-01   2.9638329E+05   1.5403704E+05   4.5042033E+05   0.0000000E+00   0.0000000E+00   0.0000000E+00
   1.1594203E-01   3.1038789E+05   1.5599904E+05   4.6638693E+05   0.0000000E+00   0.0000000E+00   0.0000000E+00
   1.3043478E-01   3.1732328E+05   1.5946148E+05   4.7678476E+05   0.0000000E+00   0.0000000E+00   0.0000000E+00
   1.4492754E-01   3.2067416E+05   1.5124424E+05   4.7199418E+05   0.0000000E+00   0.0000000E+00   0.0000000E+00
   1.5942029E-01   3.1005207E+05   1.5705815E+05   4.6711022E+05   0.0000000E+00   0.0000000E+00   0.0000000E+00
   1.7391304E-01   3.2513218E+05   1.6335540E+05   4.8848758E+05   0.0000000E+00   0.0000000E+00   0.0000000E+00
   1.8840580E-01   3.2541876E+05   1.6419571E+05   4.8961447E+05   0.0000000E+00   0.0000000E+00   0.0000000E+00
   2.0289855E-01   3.2902009E+05   1.6827167E+05   4.9729176E+05   0.0000000E+00   0.0000000E+00   0.0000000E+00
   2.1739130E-01   3.2597832E+05   1.6432783E+05   4.9030615E+05   0.0000000E+00   0.0000000E+00   0.0000000E+00
   2.3188406E-01   3.3605622E+05   1.6812283E+05   5.0422640E+05   0.0000000E+00   0.0000000E+00   0.0000000E+00
   2.4637681E-01   3.3233440E+05   1.6589976E+05   4.9823416E+05   0.0000000E+00   0.0000000E+00   0.0000000E+00
   2.6086957E-01   3.3580364E+05   1.7074333E+05   5.0654697E+05   0.0000000E+00   0.0000000E+00   0.0000000E+00
   2.7536232E-01   3.4588686E+05   1.6865623E+05   5.1454309E+05   0.0000000E+00   0.0000000E+00   0.0000000E+00
   2.8985507E-01   3.4768748E+05   1.7249876E+05   5.2022412E+05   0.0000000E+00   0.0000000E+00   0.0000000E+00
   3.0434783E-01   3.4513102E+05   1.7543408E+05   5.2056510E+05   0.0000000E+00   0.0000000E+00   0.0000000E+00
   3.1884058E-01   3.4745671E+05   1.7696596E+05   5.2442267E+05   0.0000000E+00   0.0000000E+00   0.0000000E+00
   3.3333333E-01   3.5343475E+05   1.7665148E+05   5.3015212E+05   0.0000000E+00   0.0000000E+00   0.0000000E+00
   3.4782609E-01   3.5310529E+05   1.7554233E+05   5.2864763E+05   0.0000000E+00   0.0000000E+00   0.0000000E+00
   3.6231884E-01   3.5116549E+05   1.8170526E+05   5.3287075E+05   0.0000000E+00   0.0000000E+00   0.0000000E+00
   3.7681159E-01   3.6077009E+05   1.7920473E+05   5.4003311E+05   0.0000000E+00   0.0000000E+00   0.0000000E+00
   3.9130435E-01   3.6326458E+05   1.8415808E+05   5.4739459E+05   0.0000000E+00   0.0000000E+00   0.0000000E+00
   4.0579710E-01   3.5656923E+05   1.8153206E+05   5.3815542E+05   0.0000000E+00   0.0000000E+00   0.0000000E+00
   4.2028986E-01   3.5647592E+05   1.8122971E+05   5.3762724E+05   0.0000000E+00   0.0000000E+00   0.0000000E+00
   4.3478261E-01   3.6144040E+05   1.8162948E+05   5.4309514E+05   0.0000000E+00   0.0000000E+00   0.0000000E+00
   4.4927536E-01   3.5726062E+05   1.7794591E+05   5.3525542E+05   0.0000000E+00   0.0000000E+00   0.0000000E+00
   4.6376812E-01   3.5606520E+05   1.7761821E+05   5.3363606E+05   0.0000000E+00   0.0000000E+00   0.0000000E+00
   4.7826087E-01   3.5689398E+05   1.7793035E+05   5.3482433E+05   0.0000000E+00   0.0000000E+00   0.0000000E+00
   4.9275362E-01   3.5555680E+05   1.7610692E+05   5.3166372E+05   0.0000000E+00   0.0000000E+00   0.0000000E+00
   5.0724638E-01   3.4955476E+05   1.7711554E+05   5.2662700E+05   0.0000000E+00   0.0000000E+00   0.0000000E+00
   5.2173913E-01   3.4485438E+05   1.7084857E+05   5.1572401E+05   0.0000000E+00   0.0000000E+00   0.0000000E+00
   5.3623188E-01   3.3997802E+05   1.7073651E+05   5.1073500E+05   0.0000000E+00   0.0000000E+00   0.0000000E+00
   5.5072464E-01   3.3166932E+05   1.6745981E+05   4.9912913E+05   0.0000000E+00   0.0000000E+00   0.0000000E+00
   5.6521739E-01   3.1935687E+05   1.6516717E+05   4.8458232E+05   0.0000000E+00   0.0000000E+00   0.0000000E+00
   5.7971014E-01   3.1913975E+05   1.5662417E+05   4.7580181E+05   0.0000000E+00   0.0000000E+00   0.0000000E+00
   5.9420290E-01   3.0564510E+05   1.5267470E+05   4.5830132E+05   0.0000000E+00   0.0000000E+00   0.0000000E+00
   6.0869565E-01   2.9627504E+05   1.4986949E+05   4.4614453E+05   0.0000000E+00   0.0000000E+00   0.0000000E+00
   6.2318841E-01   2.8519094E+05   1.4137957E+05   4.2658813E+05   0.0000000E+00   0.0000000E+00   0.0000000E+00
   6.3768116E-01   2.7399070E+05   1.3658204E+05   4.1058996E+05   0.0000000E+00   0.0000000E+00   0.0000000E+00
   6.5217391E-01   2.6172225E+05   1.3413623E+05   3.9582481E+05   0.0000000E+00   0.0000000E+00   0.0000000E+00
   6.6666667E-01   2.5237573E+05   1.2324752E+05   3.7560678E+05   0.0000000E+00   0.0000000E+00   0.0000000E+00
   6.8115942E-01   2.3728444E+05   1.2118950E+05   3.5850618E+05   0.0000000E+00   0.0000000E+00   0.0000000E+00
   6.9565217E-01   2.3134648E+05   1.1602843E+05   3.4740648E+05   0.0000000E+00   0.0000000E+00   0.0000000E+00
   7.1014493E-01   2.1963539E+05   1.1186668E+05   3.3150207E+05   0.0000000E+00   0.0000000E+00   0.0000000E+00
   7.2463768E-01   2.1048410E+05   1.0518901E+05   3.1570341E+05   0.0000000E+00   0.0000000E+00   0.0000000E+00
   7.3913043E-01   2.0074079E+05   9.9025784E+04   2.9978143E+05   0.0000000E+00   0.0000000E+00   0.0000000E+00
   7.5362319E-01   1.8751069E+05   9.2851888E+04   2.8037714E+05   0.0000000E+00   0.0000000E+00   0.0000000E+00
   7.6811594E-01   1.7379334E+05   8.8426441E+04   2.6224838E+05   0.0000000E+00   0.0000000E+00   0.0000000E+00
   7.8260870E-01   1.6058405E+05   8.0193799E+04   2.4077785E+05   0.0000000E+00   0.0000000E+00   0.0000000E+00
   7.9710145E-01   1.4938434E+05   7.4023986E+04   2.2342211E+05   0.0000000E+00   0.0000000E+00   0.0000000E+00
   8.1159420E-01   1.4212975E+05   7.0307139E+04   2.1245042E+05   0.0000000E+00   0.0000000E+00   0.0000000E+00
   8.2608696E-01   1.2889500E+05   6.5524283E+04   1.9441928E+05   0.0000000E+00   0.0000000E+00   0.0000000E+00
   8.4057971E-01   1.1791951E+05   5.9835069E+04   1.7774151E+05   0.0000000E+00   0.0000000E+00   0.0000000E+00
   8.5507246E-01   1.1005162E+05   5.4223123E+04   1.6428759E+05   0.0000000E+00   0.0000000E+00   0.0000000E+00
   8.6956522E-01   1.0052640E+05   4.9808558E+04   1.5033496E+05   0.0000000E+00   0.0000000E+00   0.0000000E+00
   8.8405797E-01   8.9984337E+04   4.5575998E+04   1.3557276E+05   0.0000000E+00   0.0000000E+00   0.0000000E+00
   8.9855072E-01   8.1224484E+04   3.9830062E+04   1.2105455E+05   0.0000000E+00   0.0000000E+00   0.0000000E+00
   9.1304348E-01   6.8833763E+04   3.4025985E+04   1.0285975E+05   0.0000000E+00   0.0000000E+00   0.0000000E+00
   9.2753623E-01   5.8570678E+04   3.0226590E+04   8.8785428E+04   0.0000000E+00   0.0000000E+00   0.0000000E+00
   9.4202899E-01   5.0197141E+04   2.5180173E+04   7.5377314E+04   0.0000000E+00   0.0000000E+00   0.0000000E+00
   9.5652174E-01   3.9654886E+04   1.8989341E+04   5.8644227E+04   0.0000000E+00   0.0000000E+00   0.0000000E+00
   9.7101449E-01   2.7945781E+04   1.3164261E+04   4.1110042E+04   0.0000000E+00   0.0000000E+00   0.0000000E+00
   9.8550725E-01   9.0036947E+03   4.5464201E+03   1.3550115E+04   0.0000000E+00   0.0000000E+00   0.0000000E+00
   1.0000000E+00   0.0000000E+00   0.0000000E+00   0.0000000E+00   0.0000000E+00   0.0000000E+00   0.0000000E+00
