   0.0000000E+00   7.3639882E+07   3.7189716E+07   1.1082960E+08   7.4347681E-04   4.0409365E-04   4.1564102E-04
   1.4492754E-02   7.9655553E+07   4.0660908E+07   1.2031646E+08   4.3409414E-04   2.7153922E-04   3.6216497E-04
   2.8985507E-02   6.6946794E+07   3.3802255E+07   1.0074791E+08   1.7560145E-04   4.1798961E-04   1.4904418E-04
   4.3478261E-02   4.0796290E+07   2.0480360E+07   6.1275892E+07   1.6540560E-04   4.0561943E-04   3.5223937E-05
   5.7971014E-02   2.4481715E+07   1.2281586E+07   3.6763111E+07   6.8531779E-04   1.0608257E-04   4.3394431E-04
   7.2463768E-02   6.8219034E+06   3.2297768E+06   1.0051680E+07   1.8544949E-03   1.1401057E-03   1.6242723E-03
   8.6956522E-02   2.5673382E+06   1.2021492E+06   3.7694874E+06   3.5387533E-04   1.5437347E-03   3.3942037E-04
   1.0144928E-01   1.2242860E+06   5.6819426E+05   1.7924803E+06   5.5897426E-03   1.3480203E-03   4.0446513E-03
   1.1594203E-01   3.6286115E+05   1.7409000E+05   5.3695116E+05   1.2557000E-02   2.8132783E-03   9.0676397E-03
   1.3043478E-01   1.5744084E+04   5.7251216E+03   2.1469206E+04   9.5170050E-02   4.4813562E-02   8.1650823E-02
   1.4492754E-01   7.2742722E+03   3.3340414E+03   1.0608314E+04   1.1478496E-01   3.2295902E-02   8.8149515E-02
   1.5942029E-01   7.5084817E+03   1.7910140E+03   9.2994957E+03   1.5947729E-01   6.6547393E-02   1.3902952E-01
   1.7391304E-01   7.1353538E+03   1.2628945E+03   8.3982482E+03   1.9848262E-01   6.4243072E-02   1.7784102E-01
   1.8840580E-01   4.7212824E+03   1.1657487E+03   5.8870312E+03   1.6906713E-01   8.8935361E-02   1.5302679E-01
   2.0289855E-01   4.1134277E+03   1.0824810E+03   5.1959087E+03   2.2619341E-01   7.3042667E-02   1.9425292E-01
   2.1739130E-01   3.3845572E+03   6.0618935E+02   3.9907465E+03   1.9068356E-01   4.3617946E-02   1.6771228E-01
   2.3188406E-01   3.4571736E+03   8.5245377E+02   4.3096274E+03   1.6393090E-01   4.2928890E-02   1.3904791E-01
   2.4637681E-01   2.8526558E+03   8.9145492E+02   3.7441107E+03   2.0489874E-01   4.1311759E-02   1.6594909E-01
   2.6086957E-01   1.8101487E+03   7.5773668E+02   2.5678854E+03   1.8910012E-01   4.9046040E-02   1.4768652E-01
   2.7536232E-01   2.2732101E+03   3.1904702E+02   2.5922571E+03   2.0105002E-01   2.6852121E-02   1.7954046E-01
   2.8985507E-01   2.6899652E+03   4.5464201E+02   3.1446072E+03   2.1598622E-01   1.2026934E-01   2.0189711E-01
   3.0434783E-01   1.6958869E+03   6.4948859E+02   2.3453755E+03   1.9300471E-01   6.1147964E-02   1.5648563E-01
   3.1884058E-01   1.8943417E+03   1.7221288E+02   2.0665546E+03   2.1704582E-01   6.6811207E-02   2.0449362E-01
   3.3333333E-01   1.2848579E+03   3.2945073E+02   1.6143086E+03   2.0913292E-01   2.7050201E-02   1.7054223E-01
   3.4782609E-01   8.5245377E+02   3.7886834E+02   1.2313221E+03   2.0801828E-01   3.2017070E-02   1.5381863E-01
   3.6231884E-01   6.9711775E+02   3.6371361E+02   1.0608314E+03   2.8262955E-01   2.4847236E-02   1.9424541E-01
   3.7681159E-01   9.3259900E+02   1.1657487E+02   1.0491739E+03   1.8734209E-01   7.5961284E-06   1.6652712E-01
   3.9130435E-01   5.8935075E+02   1.6838593E+02   7.5773668E+02   2.0072422E-01   1.2459503E-01   1.8313817E-01
   4.0579710E-01   7.5773668E+02   1.0824810E+02   8.6598478E+02   2.1004632E-01   4.8697862E-02   1.8986386E-01
   4.2028986E-01   3.9193277E+02   1.0451540E+02   4.9644817E+02   3.2011164E-01   4.2562544E-06   2.5272059E-01
   4.3478261E-01   3.5361045E+02   7.5773668E+01   4.2938412E+02   2.2084801E-01   6.5544708E-02   1.9343649E-01
   4.4927536E-01   2.6887431E+02   0.0000000E+00   2.6887431E+02   5.4100543E-02   0.0000000E+00   5.4100543E-02
   4.6376812E-01   4.4990616E+02   9.4717086E+01   5.4462324E+02   1.7622337E-01   1.7599911E-05   1.4557277E-01
   4.7826087E-01   1.3777031E+02   9.1846871E+01   2.2961718E+02   2.6362566E-01   2.1943903E-06   1.5817457E-01
   4.9275362E-01   3.1200922E+02   4.4572746E+01   3.5658197E+02   2.3601800E-01   4.2018665E-06   2.0651523E-01
   5.0724638E-01   4.1134277E+02   4.3299239E+01   4.5464201E+02   1.8462526E-01   5.5362458E-06   1.6704138E-01
   5.2173913E-01   1.2628945E+02   0.0000000E+00   1.2628945E+02   2.3654917E-01   0.0000000E+00   2.3654917E-01
   5.3623188E-01   1.4335559E+02   1.0239685E+02   2.4575244E+02   1.7281252E-01   6.5622408E-02   1.2767009E-01
   5.5072464E-01   2.5922571E+02   3.9880878E+01   2.9910659E+02   6.2599202E-02   2.6347591E-05   5.4249193E-02
   5.6521739E-01   1.5543317E+02   3.8858291E+01   1.9429146E+02   5.3221497E-02   1.1250068E-06   4.2577415E-02
   5.7971014E-01   1.5154734E+02   3.7886834E+01   1.8943417E+02   1.0488621E-01   2.5691925E-06   8.3908452E-02
   5.9420290E-01   1.4785106E+02   1.8481383E+01   1.6633244E+02   9.2463260E-02   4.1152888E-01   1.2759735E-01
   6.0869565E-01   1.2628945E+02   0.0000000E+00   1.2628945E+02   1.3455490E-05   0.0000000E+00   1.3455490E-05
   6.2318841E-01   1.4097427E+02   1.7621783E+01   1.5859605E+02   1.6958760E-01   7.5779338E-06   1.5074537E-01
   6.3768116E-01   3.4442577E+01   1.7221288E+01   5.1663865E+01   3.9231208E-01   3.3030601E-05   2.6155169E-01
   6.5217391E-01   1.3470874E+02   0.0000000E+00   1.3470874E+02   9.5938928E-02   0.0000000E+00   9.5938928E-02
   6.6666667E-01   1.1530776E+02   0.0000000E+00   1.1530776E+02   3.2144779E-06   0.0000000E+00   3.2144779E-06
   6.8115942E-01   6.4488228E+01   1.6122057E+01   8.0610286E+01   5.2365501E-05   6.3239533E-06   4.0641560E-05
   6.9565217E-01   9.4717086E+01   0.0000000E+00   9.4717086E+01   1.7885954E-01   0.0000000E+00   1.7885954E-01
   7.1014493E-01   1.0824810E+02   1.5464014E+01   1.2371211E+02   1.5690446E-01   7.2411185E-06   1.3729230E-01
   7.2463768E-01   9.0928402E+01   0.0000000E+00   9.0928402E+01   1.0843835E-04   0.0000000E+00   1.0843835E-04
   7.3913043E-01   2.9715164E+01   0.0000000E+00   2.9715164E+01   1.5424741E-05   0.0000000E+00   1.5424741E-05
   7.5362319E-01   4.3715578E+01   0.0000000E+00   4.3715578E+01   1.0170447E-05   0.0000000E+00   1.0170447E-05
   7.6811594E-01   4.2890756E+01   0.0000000E+00   4.2890756E+01   5.5575120E-06   0.0000000E+00   5.5575120E-06
   7.8260870E-01   4.2096482E+01   0.0000000E+00   4.2096482E+01   1.1076478E-01   0.0000000E+00   1.1076478E-01
   7.9710145E-01   4.1331092E+01   0.0000000E+00   4.1331092E+01   1.0431135E-01   0.0000000E+00   1.0431135E-01
   8.1159420E-01   0.0000000E+00   0.0000000E+00   0.0000000E+00   0.0000000E+00   0.0000000E+00   0.0000000E+00
   8.2608696E-01   1.3293626E+01   1.3293626E+01   2.6587252E+01   4.1523440E-01   4.1909707E-06   2.0761513E-01
   8.4057971E-01   2.6128851E+01   0.0000000E+00   2.6128851E+01   1.6358373E-01   0.0000000E+00   1.6358373E-01
   8.5507246E-01   1.2842995E+01   1.2842995E+01   2.5685989E+01   5.1097020E-06   3.7321670E-06   7.0337918E-07
   8.6956522E-01   2.5257889E+01   0.0000000E+00   2.5257889E+01   2.1428722E-01   0.0000000E+00   2.1428722E-01
   8.8405797E-01   0.0000000E+00   0.0000000E+00   0.0000000E+00   0.0000000E+00   0.0000000E+00   0.0000000E+00
   8.9855072E-01   0.0000000E+00   0.0000000E+00   0.0000000E+00   0.0000000E+00   0.0000000E+00   0.0000000E+00
   9.1304348E-01   0.0000000E+00   0.0000000E+00   0.0000000E+00   0.0000000E+00   0.0000000E+00   0.0000000E+00
   9.2753623E-01   1.1839636E+01   0.0000000E+00   1.1839636E+01   4.0450468E-01   0.0000000E+00   4.0450468E-01
   9.4202899E-01   0.0000000E+00   0.0000000E+00   0.0000000E+00   0.0000000E+00   0.0000000E+00   0.0000000E+00
   9.5652174E-01   1.1480859E+01   0.0000000E+00   1.1480859E+01   4.2527735E-01   0.0000000E+00   4.2527735E-01
   9.7101449E-01   1.1309503E+01   0.0000000E+00   1.1309503E+01   7.9543264E-05   0.0000000E+00   7.9543264E-05
   9.8550725E-01   0.0000000E+00   0.0000000E+00   0.0000000E+00   0.0000000E+00   0.0000000E+00   0.0000000E+00
   1.0000000E+00   0.0000000E+00   0.0000000E+00   0.0000000E+00   0.0000000E+00   0.0000000E+00   0.0000000E+00
