   0.0000000E+00   4.4433679E+06   2.4550669E+06   6.8984348E+06   1.2634160E-02   2.1880183E-06   8.1373146E-03
   1.4492754E-02   4.6540187E+06   2.5247786E+06   7.1787973E+06   7.0072789E-04   1.4102455E-04   4.1167299E-04
   2.8985507E-02   4.8999043E+06   2.6232844E+06   7.5231887E+06   1.9384647E-03   1.8555776E-04   1.2934163E-03
   4.3478261E-02   4.4961569E+06   2.3914170E+06   6.8875739E+06   2.0491250E-03   3.2093638E-05   1.3387738E-03
   5.7971014E-02   4.0332429E+06   2.1318922E+06   6.1651351E+06   1.9360366E-03   2.9895665E-05   1.2768834E-03
   7.2463768E-02   3.6419856E+06   1.9173769E+06   5.5592110E+06   1.4410313E-03   4.5478174E-05   9.3735506E-04
   8.6956522E-02   3.2861777E+06   1.6538866E+06   4.9400643E+06   2.1194200E-03   5.2869850E-05   1.4090527E-03
   1.0144928E-01   2.8983428E+06   1.4689267E+06   4.3672695E+06   5.5650799E-04   1.1512105E-04   3.5329911E-04
   1.1594203E-01   2.5423960E+06   1.2861633E+06   3.8285593E+06   1.4195304E-03   1.8067270E-04   9.1740733E-04
   1.3043478E-01   2.2790194E+06   1.1192613E+06   3.3981964E+06   8.6257470E-04   7.0977468E-05   5.7983421E-04
   1.4492754E-01   2.0099723E+06   9.8687626E+05   2.9968486E+06   1.4116126E-03   5.7380589E-05   9.4218838E-04
   1.5942029E-01   1.7875008E+06   8.7911232E+05   2.6665443E+06   1.1222434E-03   2.4183684E-05   7.5373357E-04
   1.7391304E-01   1.5637791E+06   7.6569292E+05   2.3294720E+06   9.8705873E-04   1.4491621E-04   6.2802164E-04
   1.8840580E-01   1.3572230E+06   6.7549311E+05   2.0327161E+06   2.9946431E-03   1.0944443E-04   2.0158854E-03
   2.0289855E-01   1.2108632E+06   5.9146761E+05   1.8023308E+06   1.6073971E-03   6.1109159E-05   1.0976790E-03
   2.1739130E-01   1.0671963E+06   5.2607132E+05   1.5932677E+06   3.2751009E-03   3.8367853E-05   2.2062523E-03
   2.3188406E-01   9.3665726E+05   4.5772032E+05   1.3943302E+06   3.7818228E-04   7.1863369E-05   2.6207485E-04
   2.4637681E-01   8.3061312E+05   4.0253647E+05   1.2331496E+06   2.1458972E-03   1.7592010E-04   1.3975862E-03
   2.6086957E-01   7.4072971E+05   3.5478915E+05   1.0955189E+06   1.3092760E-03   1.4734924E-04   9.2469153E-04
   2.7536232E-01   6.4686784E+05   3.1677381E+05   9.6364166E+05   1.2051015E-03   1.2768965E-04   8.0360558E-04
   2.8985507E-01   5.8387400E+05   2.7816514E+05   8.6203914E+05   1.1916491E-03   4.0025746E-05   8.0093772E-04
   3.0434783E-01   5.0829698E+05   2.5344488E+05   7.6174186E+05   4.0516721E-03   5.1850359E-05   2.6873795E-03
   3.1884058E-01   4.6108277E+05   2.2862982E+05   6.8971260E+05   2.6428163E-03   6.8488634E-05   1.7829888E-03
   3.3333333E-01   4.0433488E+05   1.9885646E+05   6.0319135E+05   6.6687077E-04   6.9618960E-05   4.4339849E-04
   3.4782609E-01   3.6001964E+05   1.7847856E+05   5.3849820E+05   2.2439975E-03   3.0118663E-05   1.5073060E-03
   3.6231884E-01   3.2234119E+05   1.5682118E+05   4.7916237E+05   2.2064493E-03   1.3667171E-04   1.4653488E-03
   3.7681159E-01   2.8861025E+05   1.4216306E+05   4.3077330E+05   3.6150083E-03   4.2356117E-05   2.4243407E-03
   3.9130435E-01   2.5793918E+05   1.2654203E+05   3.8448121E+05   3.9456080E-03   1.3169279E-04   2.6475447E-03
   4.0579710E-01   2.3676565E+05   1.1333576E+05   3.5010141E+05   4.8667321E-03   8.4135298E-05   3.2641284E-03
   4.2028986E-01   2.1600721E+05   1.0509024E+05   3.2109745E+05   6.3634318E-03   8.6168948E-05   4.3088914E-03
   4.3478261E-01   1.9380379E+05   9.5979980E+04   2.8978377E+05   2.8497725E-03   8.3314986E-06   1.9048996E-03
   4.4927536E-01   1.8043910E+05   8.7213048E+04   2.6765215E+05   1.2098830E-03   1.0322999E-04   8.0771424E-04
   4.6376812E-01   1.6127952E+05   7.7596972E+04   2.3887649E+05   4.2492296E-03   2.4850343E-04   2.7891646E-03
   4.7826087E-01   1.4991705E+05   7.4395965E+04   2.2431302E+05   6.4505957E-03   1.8895138E-04   4.2973418E-03
   4.9275362E-01   1.3942355E+05   7.0358080E+04   2.0978163E+05   2.1283923E-03   1.3761379E-04   1.4447066E-03
   5.0724638E-01   1.3225753E+05   6.4840611E+04   1.9709814E+05   2.9152917E-03   1.1364463E-04   1.9935042E-03
   5.2173913E-01   1.2159569E+05   5.8998220E+04   1.8059391E+05   1.3878163E-03   1.9837313E-04   9.7268797E-04
   5.3623188E-01   1.1284133E+05   5.7076004E+04   1.6991733E+05   3.8207849E-03   8.6213608E-05   2.5539836E-03
   5.5072464E-01   1.0510605E+05   5.1486214E+04   1.5659227E+05   7.3028772E-03   7.7644343E-05   4.9257034E-03
   5.6521739E-01   9.9496655E+04   5.0651783E+04   1.5014844E+05   4.7517369E-03   2.8950277E-04   3.1986526E-03
   5.7971014E-01   9.1951347E+04   4.7718468E+04   1.3966981E+05   1.6024982E-03   7.4702316E-05   1.0714844E-03
   5.9420290E-01   8.6714647E+04   4.4262911E+04   1.3097756E+05   4.9889783E-03   4.3721999E-05   3.3058606E-03
   6.0869565E-01   8.2376802E+04   4.2054386E+04   1.2443119E+05   5.6304918E-03   3.0301647E-05   3.7377716E-03
   6.2318841E-01   7.7518225E+04   3.7569642E+04   1.1508787E+05   9.7036833E-03   2.5772251E-04   6.4598426E-03
   6.3768116E-01   7.3293803E+04   3.7611294E+04   1.1090510E+05   3.7137081E-03   1.1017704E-05   2.4545143E-03
   6.5217391E-01   7.0520027E+04   3.4603309E+04   1.0512334E+05   2.2695688E-03   7.7398618E-05   1.5293904E-03
   6.6666667E-01   6.3583991E+04   3.4114623E+04   9.7698615E+04   4.3337982E-03   2.1792493E-05   2.8158868E-03
   6.8115942E-01   6.1699113E+04   3.0277223E+04   9.1976336E+04   4.2908381E-03   6.0412168E-05   2.8823620E-03
   6.9565217E-01   5.7793208E+04   2.9172862E+04   8.6966071E+04   9.7170658E-03   1.3412370E-05   6.4551575E-03
   7.1014493E-01   5.4928178E+04   2.7850689E+04   8.2778867E+04   6.5950216E-03   1.0510935E-04   4.4026134E-03
   7.2463768E-01   5.0828977E+04   2.6672331E+04   7.7501308E+04   5.0003342E-03   1.7584899E-04   3.2917242E-03
   7.3913043E-01   4.8673439E+04   2.5837335E+04   7.4510774E+04   4.6662458E-03   1.4741997E-04   3.0801492E-03
   7.5362319E-01   4.5609920E+04   2.3693843E+04   6.9303763E+04   9.7899355E-03   3.2882124E-04   6.5032588E-03
   7.6811594E-01   4.4277557E+04   2.2632022E+04   6.6909579E+04   1.1312366E-02   7.8114827E-05   7.4825895E-03
   7.8260870E-01   4.0875684E+04   2.0360665E+04   6.1236350E+04   5.2541624E-03   1.5908040E-04   3.4672791E-03
   7.9710145E-01   3.8203706E+04   1.9659823E+04   5.7863529E+04   4.4036428E-03   1.2204155E-04   2.8714452E-03
   8.1159420E-01   3.7507966E+04   1.9214037E+04   5.6722003E+04   1.7202231E-02   2.0670622E-04   1.1310240E-02
   8.2608696E-01   3.4816007E+04   1.7959689E+04   5.2775695E+04   8.2666743E-03   5.0808299E-05   5.4705224E-03
   8.4057971E-01   3.1824941E+04   1.7101333E+04   4.8926274E+04   1.9397139E-02   1.5434460E-04   1.2648351E-02
   8.5507246E-01   3.0694757E+04   1.5527181E+04   4.6221938E+04   1.2223004E-02   1.8267585E-05   8.1227116E-03
   8.6956522E-01   2.8730849E+04   1.5495715E+04   4.4226564E+04   1.0433631E-02   8.3790580E-05   6.8070711E-03
   8.8405797E-01   2.5924532E+04   1.3639260E+04   3.9563792E+04   1.2888317E-02   1.8433424E-04   8.5018038E-03
   8.9855072E-01   2.3990921E+04   1.2429326E+04   3.6420247E+04   1.3522076E-02   6.6965591E-05   8.8974058E-03
   9.1304348E-01   2.1673675E+04   1.0572231E+04   3.2245906E+04   1.3282280E-02   1.2499131E-04   8.8914674E-03
   9.2753623E-01   2.0316815E+04   1.0726710E+04   3.1043525E+04   1.4843821E-02   3.2468429E-06   9.7152854E-03
   9.4202899E-01   1.7043247E+04   9.3842774E+03   2.6427524E+04   1.7757625E-02   5.0592873E-05   1.1451697E-02
   9.5652174E-01   1.4982521E+04   8.2317758E+03   2.3214297E+04   2.6712883E-02   2.4188799E-04   1.7279544E-02
   9.7101449E-01   1.1863668E+04   6.9214157E+03   1.8785084E+04   2.1322679E-02   7.4808276E-06   1.3468985E-02
   9.8550725E-01   6.6747687E+03   4.1341222E+03   1.0808891E+04   4.3998397E-02   1.4537410E-05   2.7174873E-02
   1.0000000E+00   6.5652276E+01   0.0000000E+00   6.5652276E+01   2.7250599E-01   0.0000000E+00   2.7250599E-01
