   0.0000000E+00   4.1220876E+05   8.5472698E+06   8.9594786E+06   7.9516444E-03   3.2836162E-06   3.6298313E-04
   1.4492754E-02   3.6068266E+05   8.5412079E+06   8.9018906E+06   2.2150691E-03   2.0490454E-06   8.7866885E-05
   2.8985507E-02   3.7053324E+05   8.1475637E+06   8.5180969E+06   4.9459187E-03   2.2996745E-05   2.3671645E-04
   4.3478261E-02   3.7305903E+05   7.5705472E+06   7.9433537E+06   1.9180485E-03   1.1892640E-05   9.9222139E-05
   5.7971014E-02   3.6030379E+05   6.5686299E+06   6.9289337E+06   1.8023590E-03   1.7175529E-05   1.0680527E-04
   7.2463768E-02   3.7371573E+05   5.5063209E+06   5.8798851E+06   3.2298893E-03   1.6218798E-05   1.9157879E-04
   8.6956522E-02   3.5954606E+05   4.4548603E+06   4.8142800E+06   3.1378684E-03   1.4204025E-05   2.4404209E-04
   1.0144928E-01   3.6631156E+05   3.4521401E+06   3.8184516E+06   1.6058732E-03   6.0274265E-05   1.7565940E-04
   1.1594203E-01   3.6418719E+05   2.5932591E+06   2.9573516E+06   1.2258353E-03   3.7574980E-05   1.1826467E-04
   1.3043478E-01   3.6127201E+05   1.8806183E+06   2.2418903E+06   1.2111116E-03   4.1274844E-05   2.2704387E-04
   1.4492754E-01   3.5939451E+05   1.3329346E+06   1.6922533E+06   8.9459985E-04   1.3735091E-04   2.5243896E-04
   1.5942029E-01   3.7638848E+05   9.5405937E+05   1.3304478E+06   1.0855649E-03   6.6871559E-05   3.5219109E-04
   1.7391304E-01   3.6131411E+05   6.7274389E+05   1.0340580E+06   5.5086229E-04   2.6833422E-04   3.0600133E-04
   1.8840580E-01   3.7082468E+05   4.6355999E+05   8.3438466E+05   4.2175755E-04   2.6070370E-04   1.6727282E-04
   2.0289855E-01   3.7080386E+05   3.3345827E+05   7.0426212E+05   5.6377485E-04   2.0192226E-04   3.9226980E-04
   2.1739130E-01   3.7977763E+05   2.3636333E+05   6.1614096E+05   5.7837948E-04   8.9320803E-05   3.6098122E-04
   2.3188406E-01   3.8393571E+05   1.7063283E+05   5.5452118E+05   1.9486294E-04   3.6277469E-04   1.5987431E-04
   2.4637681E-01   3.9134871E+05   1.2703233E+05   5.1838104E+05   2.8128205E-04   2.3640457E-04   1.6518484E-04
   2.6086957E-01   3.8943456E+05   9.9221409E+04   4.8865597E+05   4.4862222E-04   2.9772190E-04   4.1571286E-04
   2.7536232E-01   3.9880878E+05   7.7767712E+04   4.7657649E+05   2.1244306E-04   1.3033743E-03   1.1451821E-04
   2.8985507E-01   4.1273917E+05   6.2967918E+04   4.7570709E+05   9.9810004E-05   1.4308082E-04   9.1153595E-05
   3.0434783E-01   4.2411605E+05   4.7629163E+04   4.7178129E+05   2.2267828E-04   1.6353796E-04   2.1634010E-04
   3.1884058E-01   4.2788013E+05   4.1365534E+04   4.6924566E+05   2.8880910E-04   2.9220738E-04   2.5348987E-04
   3.3333333E-01   4.4199110E+05   3.2714458E+04   4.7470556E+05   2.4276260E-04   1.1030287E-03   3.0200533E-04
   3.4782609E-01   4.5202150E+05   2.8667705E+04   4.8068921E+05   8.8278737E-05   1.6756532E-04   8.9416764E-05
   3.6231884E-01   4.6731137E+05   2.1095389E+04   4.8840676E+05   3.3972933E-04   5.7387512E-06   3.2480824E-04
   3.7681159E-01   4.7125393E+05   1.7515375E+04   4.8876930E+05   1.3695934E-04   8.0969726E-04   1.1378061E-04
   3.9130435E-01   4.8756146E+05   1.2207980E+04   4.9979750E+05   1.8841349E-04   6.6082669E-04   1.8922736E-04
   4.0579710E-01   4.9174405E+05   8.9034060E+03   5.0064745E+05   1.2220750E-04   7.6815207E-04   1.2886815E-04
   4.2028986E-01   5.0444360E+05   6.7151148E+03   5.1115872E+05   8.0546012E-05   8.1270447E-06   7.9384255E-05
   4.3478261E-01   5.0702687E+05   4.3190991E+03   5.1137123E+05   9.4603568E-05   1.1836156E-05   9.3700532E-05
   4.4927536E-01   5.1477208E+05   3.5442522E+03   5.1831634E+05   7.4872589E-05   4.2737413E-06   7.4339773E-05
   4.6376812E-01   5.2305143E+05   2.9125504E+03   5.2596398E+05   3.2887603E-05   3.5790720E-06   3.2696223E-05
   4.7826087E-01   5.2005994E+05   1.9747077E+03   5.2203465E+05   4.0059983E-05   5.4243334E-03   3.7747556E-05
   4.9275362E-01   5.2216972E+05   1.4263279E+03   5.2359605E+05   3.8107738E-05   9.7933520E-03   6.0607535E-05
   5.0724638E-01   5.1573724E+05   1.1257802E+03   5.1684137E+05   3.9255081E-05   4.1721405E-06   3.9175207E-05
   5.2173913E-01   5.0397909E+05   8.2088141E+02   5.0479997E+05   2.5095094E-05   2.6048920E-05   2.5016842E-05
   5.3623188E-01   4.9883649E+05   4.3006677E+02   4.9926656E+05   8.0282873E-05   8.5141664E-06   8.0206495E-05
   5.5072464E-01   4.7613780E+05   6.5803449E+02   4.7679584E+05   3.4840015E-05   2.0484526E-05   3.4811351E-05
   5.6521739E-01   4.5186364E+05   3.1086633E+02   4.5217451E+05   3.2332348E-05   3.5109254E-05   3.2286027E-05
   5.7971014E-01   4.2321488E+05   3.4098151E+02   4.2355586E+05   5.4888839E-06   1.1062692E-06   5.4847485E-06
   5.9420290E-01   3.9572336E+05   2.0329521E+02   3.9592666E+05   4.5132060E-05   4.4276321E-02   4.1325722E-05
   6.0869565E-01   3.6120586E+05   1.2628945E+02   3.6133215E+05   3.2246288E-05   8.9034609E-02   3.6604144E-05
   6.2318841E-01   3.2521001E+05   5.2865350E+01   3.2526288E+05   1.1293732E-05   1.4457348E-05   1.1289632E-05
   6.3768116E-01   2.9071257E+05   3.4442577E+01   2.9074701E+05   2.6586912E-05   3.2933170E-01   6.5584740E-05
   6.5217391E-01   2.5592977E+05   6.7354372E+01   2.5599713E+05   5.5643651E-05   1.7159448E-01   7.9762653E-05
   6.6666667E-01   2.1860703E+05   4.9417610E+01   2.1865645E+05   5.3480679E-05   1.3069880E-05   5.3471450E-05
   6.8115942E-01   1.8633874E+05   3.2244114E+01   1.8637098E+05   3.2876733E-05   1.0972640E-04   3.2872254E-05
   6.9565217E-01   1.5844590E+05   6.3144724E+01   1.5850904E+05   7.0373989E-05   3.5299888E-06   7.0346590E-05
   7.1014493E-01   1.3059360E+05   3.0928028E+01   1.3062453E+05   8.8475588E-05   6.1694584E-06   8.8456085E-05
   7.2463768E-01   1.0443127E+05   1.5154734E+01   1.0444642E+05   1.9902963E-06   5.5051016E-06   1.9899852E-06
   7.3913043E-01   8.6159118E+04   2.9715164E+01   8.6188833E+04   6.0581848E-05   1.9210363E-06   6.0560578E-05
   7.5362319E-01   7.0178074E+04   2.9143719E+01   7.0207218E+04   1.9657251E-04   6.8510830E-06   1.9649358E-04
   7.6811594E-01   5.5257590E+04   4.2890756E+01   5.5300481E+04   9.4365745E-05   2.3339412E-01   2.0768176E-04
   7.8260870E-01   4.4075017E+04   0.0000000E+00   4.4075017E+04   8.7563822E-05   0.0000000E+00   8.7563822E-05
   7.9710145E-01   3.5627401E+04   2.7554061E+01   3.5654955E+04   1.6862561E-04   3.9522430E-06   1.6849758E-04
   8.1159420E-01   2.9619386E+04   1.3531012E+01   2.9632917E+04   1.4172490E-04   2.0591167E-05   1.4165495E-04
   8.2608696E-01   2.3197377E+04   1.3293626E+01   2.3210671E+04   5.7883626E-06   0.0000000E+00   5.7850474E-06
   8.4057971E-01   1.7989714E+04   1.3064426E+01   1.8002778E+04   6.1535337E-04   2.1146395E-05   6.1492132E-04
   8.5507246E-01   1.3652103E+04   0.0000000E+00   1.3652103E+04   4.2804419E-06   0.0000000E+00   4.2804419E-06
   8.6956522E-01   1.1580742E+04   1.2628945E+01   1.1593371E+04   5.1876045E-04   1.3411388E-05   5.1820913E-04
   8.8405797E-01   8.9065115E+03   0.0000000E+00   8.9065115E+03   3.7497957E-06   0.0000000E+00   3.7497957E-06
   8.9855072E-01   6.2696600E+03   0.0000000E+00   6.2696600E+03   4.4341009E-04   0.0000000E+00   4.4341009E-04
   9.1304348E-01   5.8814800E+03   3.6082699E+01   5.9175627E+03   1.1706575E-03   8.4794082E-06   1.1635418E-03
   9.2753623E-01   4.3333067E+03   0.0000000E+00   4.3333067E+03   3.1480605E-04   0.0000000E+00   3.1480605E-04
   9.4202899E-01   2.9376868E+03   1.1657487E+01   2.9493443E+03   5.3628720E-06   3.1116936E-06   5.3523693E-06
   9.5652174E-01   2.3306143E+03   0.0000000E+00   2.3306143E+03   6.2428497E-06   0.0000000E+00   6.2428497E-06
   9.7101449E-01   1.1988073E+03   0.0000000E+00   1.1988073E+03   2.0353529E-06   0.0000000E+00   2.0353529E-06
   9.8550725E-01   5.5715933E+02   0.0000000E+00   5.5715933E+02   1.2080078E-04   0.0000000E+00   1.2080078E-04
   1.0000000E+00   0.0000000E+00   0.0000000E+00   0.0000000E+00   0.0000000E+00   0.0000000E+00   0.0000000E+00
