   0.0000000E+00   4.3306167E+07   2.1604588E+07   6.4910755E+07   1.2998782E-03   1.1086588E-03   9.9469978E-04
   1.4492754E-02   4.4057842E+07   2.2328985E+07   6.6386826E+07   7.2830295E-04   6.5388047E-04   6.2506794E-04
   2.8985507E-02   4.3373227E+07   2.1847443E+07   6.5220670E+07   4.2672092E-04   5.9251721E-04   4.5476707E-04
   4.3478261E-02   3.6770435E+07   1.8454172E+07   5.5224102E+07   1.6598131E-04   1.0286913E-03   3.0169070E-04
   5.7971014E-02   2.5003985E+07   1.2546604E+07   3.7550210E+07   2.8272024E-04   9.5244333E-04   2.5082758E-04
   7.2463768E-02   1.3782018E+07   6.9037389E+06   2.0685757E+07   8.8502645E-04   7.3223243E-04   8.3254139E-04
   8.6956522E-02   7.7564453E+06   3.8168460E+06   1.1573291E+07   2.6745790E-03   2.3220486E-03   2.5231093E-03
   1.0144928E-01   4.2500368E+06   2.1125699E+06   6.3626067E+06   4.7064260E-03   4.1556439E-03   4.5172245E-03
   1.1594203E-01   1.4947303E+06   7.5300083E+05   2.2476364E+06   1.8221177E-02   1.6600464E-02   1.7651848E-02
   1.3043478E-01   3.3929765E+04   1.8354066E+04   5.2283831E+04   8.6553894E-02   8.2559058E-02   8.5090482E-02
   1.4492754E-01   1.8640322E+04   6.4407618E+03   2.5081084E+04   1.1620823E-01   1.5104783E-01   1.2515340E-01
   1.5942029E-01   1.0401658E+04   4.5464201E+03   1.4948078E+04   1.3021913E-01   1.2806365E-01   1.2948274E-01
   1.7391304E-01   4.6727096E+03   3.7255387E+03   8.3982482E+03   1.4912529E-01   1.1822374E-01   1.3447266E-01
   1.8840580E-01   4.6629950E+03   1.7486231E+03   6.4116181E+03   1.4874414E-01   1.9301510E-01   1.6042898E-01
   2.0289855E-01   3.6263113E+03   1.5695974E+03   5.1959087E+03   1.5441316E-01   2.0881539E-01   1.7084699E-01
   2.1739130E-01   2.1721785E+03   9.0928402E+02   3.0814625E+03   1.8149148E-01   1.7821290E-01   1.8041014E-01
   2.3188406E-01   1.3733977E+03   7.1037814E+02   2.0837759E+03   1.6150049E-01   2.3368660E-01   1.8606046E-01
   2.4637681E-01   1.2480369E+03   5.7944570E+02   1.8274826E+03   2.0489645E-01   1.9838155E-01   2.0267828E-01
   2.6086957E-01   5.8935075E+02   5.0515779E+02   1.0945085E+03   2.2761810E-01   2.7485829E-01   2.4819565E-01
   2.7536232E-01   5.9821317E+02   5.5833229E+02   1.1565455E+03   2.4570118E-01   2.2187617E-01   2.3408361E-01
   2.8985507E-01   8.3351035E+02   5.3041568E+02   1.3639260E+03   1.9321488E-01   1.7584022E-01   1.8520100E-01
   3.0434783E-01   4.6907509E+02   3.6082699E+02   8.2990208E+02   2.6944708E-01   2.6019894E-01   2.6422920E-01
   3.1884058E-01   6.1996638E+02   2.0665546E+02   8.2662184E+02   2.3031661E-01   2.0378835E-01   2.2299968E-01
   3.3333333E-01   2.9650566E+02   1.9767044E+02   4.9417610E+02   1.7348787E-01   2.1042924E-01   1.8826032E-01
   3.4782609E-01   3.7886834E+02   1.5786181E+02   5.3673015E+02   2.4822242E-01   2.1029190E-01   2.3607204E-01
   3.6231884E-01   2.4247574E+02   2.4247574E+02   4.8495148E+02   2.5845722E-01   1.9872508E-01   2.2791127E-01
   3.7681159E-01   1.7486231E+02   2.9143719E+01   2.0400603E+02   1.3636550E-01   3.0279471E-01   1.5336778E-01
   3.9130435E-01   1.9645025E+02   8.4192965E+01   2.8064322E+02   1.6611502E-01   3.1746360E-01   2.0952514E-01
   4.0579710E-01   2.1649620E+02   1.6237215E+02   3.7886834E+02   2.4747372E-01   1.5562214E-01   2.0744036E-01
   4.2028986E-01   2.0903081E+02   1.3064426E+02   3.3967507E+02   1.7826770E-01   2.5669654E-01   2.0818551E-01
   4.3478261E-01   2.7783678E+02   5.0515779E+01   3.2835256E+02   2.1804147E-01   2.5726612E-01   2.2405516E-01
   4.4927536E-01   9.7772475E+01   1.2221559E+02   2.1998807E+02   2.2979250E-01   2.5565532E-01   2.3286539E-01
   4.6376812E-01   7.1037814E+01   7.1037814E+01   1.4207563E+02   1.5128731E-01   1.7492370E-01   1.6239868E-01
   4.7826087E-01   1.6073202E+02   0.0000000E+00   1.6073202E+02   3.2605379E-01   0.0000000E+00   3.2605379E-01
   4.9275362E-01   8.9145492E+01   4.4572746E+01   1.3371824E+02   2.4677309E-01   2.0727351E-01   2.3356612E-01
   5.0724638E-01   6.4948859E+01   2.1649620E+01   8.6598478E+01   1.8314100E-01   3.1743823E-01   2.1573391E-01
   5.2173913E-01   1.4733769E+02   2.1048241E+01   1.6838593E+02   2.2336226E-01   1.7453385E-01   2.1244347E-01
   5.3623188E-01   1.4335559E+02   1.0239685E+02   2.4575244E+02   2.7124080E-01   2.9468825E-01   2.8073162E-01
   5.5072464E-01   5.9821317E+01   1.9940439E+01   7.9761756E+01   2.2219215E-01   4.9107833E-01   2.8240641E-01
   5.6521739E-01   7.7716583E+01   5.8287437E+01   1.3600402E+02   3.6914495E-01   2.1889477E-01   3.0448461E-01
   5.7971014E-01   3.7886834E+01   1.8943417E+01   5.6830251E+01   2.3212207E-01   2.8352151E-01   2.4329684E-01
   5.9420290E-01   7.3925530E+01   3.6962765E+01   1.1088830E+02   3.8750328E-01   3.9286489E-01   3.8678988E-01
   6.0869565E-01   3.6082699E+01   1.8041350E+01   5.4124049E+01   3.5694697E-01   3.1842263E-01   3.4405918E-01
   6.2318841E-01   1.7621783E+01   1.7621783E+01   3.5243567E+01   9.5674238E-05   4.8132055E-01   2.4070759E-01
   6.3768116E-01   3.4442577E+01   3.4442577E+01   6.8885153E+01   2.7265134E-01   1.9142617E-01   2.3124508E-01
   6.5217391E-01   5.0515779E+01   3.3677186E+01   8.4192965E+01   4.0384289E-01   3.4824577E-01   3.8160023E-01
   6.6666667E-01   0.0000000E+00   3.2945073E+01   3.2945073E+01   0.0000000E+00   2.4104170E-01   2.4104170E-01
   6.8115942E-01   4.8366171E+01   1.6122057E+01   6.4488228E+01   3.2233516E-01   5.3787207E-07   2.4175124E-01
   6.9565217E-01   3.1572362E+01   0.0000000E+00   3.1572362E+01   1.9037468E-01   0.0000000E+00   1.9037468E-01
   7.1014493E-01   1.5464014E+01   0.0000000E+00   1.5464014E+01   2.2644231E-01   0.0000000E+00   2.2644231E-01
   7.2463768E-01   0.0000000E+00   0.0000000E+00   0.0000000E+00   0.0000000E+00   0.0000000E+00   0.0000000E+00
   7.3913043E-01   1.4857582E+01   0.0000000E+00   1.4857582E+01   3.1926955E-01   0.0000000E+00   3.1926955E-01
   7.5362319E-01   0.0000000E+00   2.9143719E+01   2.9143719E+01   0.0000000E+00   3.6878983E-01   3.6878983E-01
   7.6811594E-01   0.0000000E+00   0.0000000E+00   0.0000000E+00   0.0000000E+00   0.0000000E+00   0.0000000E+00
   7.8260870E-01   0.0000000E+00   0.0000000E+00   0.0000000E+00   0.0000000E+00   0.0000000E+00   0.0000000E+00
   7.9710145E-01   1.3777031E+01   2.7554061E+01   4.1331092E+01   2.7051514E-01   1.0148109E-01   1.5394471E-01
   8.1159420E-01   2.7062024E+01   1.3531012E+01   4.0593037E+01   4.2259987E-01   3.4711723E-01   3.9713848E-01
   8.2608696E-01   1.3293626E+01   1.3293626E+01   2.6587252E+01   4.6267264E-01   3.8057440E-01   4.1701255E-01
   8.4057971E-01   1.3064426E+01   0.0000000E+00   1.3064426E+01   4.5364971E-01   0.0000000E+00   4.5364971E-01
   8.5507246E-01   0.0000000E+00   1.2842995E+01   1.2842995E+01   0.0000000E+00   3.6532799E-01   3.6532799E-01
   8.6956522E-01   2.5257889E+01   0.0000000E+00   2.5257889E+01   4.2197504E-01   0.0000000E+00   4.2197504E-01
   8.8405797E-01   0.0000000E+00   0.0000000E+00   0.0000000E+00   0.0000000E+00   0.0000000E+00   0.0000000E+00
   8.9855072E-01   2.4443119E+01   1.2221559E+01   3.6664678E+01   4.3475424E-01   3.3666156E-01   4.0188382E-01
   9.1304348E-01   0.0000000E+00   0.0000000E+00   0.0000000E+00   0.0000000E+00   0.0000000E+00   0.0000000E+00
   9.2753623E-01   0.0000000E+00   0.0000000E+00   0.0000000E+00   0.0000000E+00   0.0000000E+00   0.0000000E+00
   9.4202899E-01   0.0000000E+00   0.0000000E+00   0.0000000E+00   0.0000000E+00   0.0000000E+00   0.0000000E+00
   9.5652174E-01   0.0000000E+00   0.0000000E+00   0.0000000E+00   0.0000000E+00   0.0000000E+00   0.0000000E+00
   9.7101449E-01   0.0000000E+00   0.0000000E+00   0.0000000E+00   0.0000000E+00   0.0000000E+00   0.0000000E+00
   9.8550725E-01   0.0000000E+00   0.0000000E+00   0.0000000E+00   0.0000000E+00   0.0000000E+00   0.0000000E+00
   1.0000000E+00   0.0000000E+00   0.0000000E+00   0.0000000E+00   0.0000000E+00   0.0000000E+00   0.0000000E+00
