   0.0000000E+00   7.7076976E+07   3.8092939E+07   1.1516991E+08   1.6566860E-04   4.5446142E-04   9.9704285E-05
   1.4492754E-02   8.4075432E+07   4.2346115E+07   1.2641927E+08   4.6275865E-04   3.6027864E-04   4.2626434E-04
   2.8985507E-02   6.9924320E+07   3.5068054E+07   1.0499124E+08   2.9502419E-04   1.5316550E-04   2.1487381E-04
   4.3478261E-02   4.1334789E+07   2.0597556E+07   6.1931587E+07   2.9042721E-04   5.6850379E-05   2.0369821E-04
   5.7971014E-02   2.4363508E+07   1.2293520E+07   3.6657028E+07   6.1336366E-04   2.8238503E-04   3.1310811E-04
   7.2463768E-02   5.7544039E+06   2.8531817E+06   8.6074341E+06   2.8114614E-04   2.4818549E-04   2.6985249E-04
   8.6956522E-02   1.9260404E+06   9.3706770E+05   2.8631081E+06   1.3056090E-03   4.9496314E-04   8.0507322E-04
   1.0144928E-01   9.0484585E+05   4.5215230E+05   1.3569982E+06   2.0419898E-03   3.0426276E-04   1.3904350E-03
   1.1594203E-01   2.6122972E+05   1.3771864E+05   3.9894836E+05   1.3270871E-02   7.0489913E-04   8.5398078E-03
   1.3043478E-01   1.7259558E+04   5.8093146E+03   2.3068872E+04   1.0617442E-01   3.9798100E-03   8.0003556E-02
   1.4492754E-01   1.0153672E+04   3.1067204E+03   1.3260392E+04   1.3063874E-01   1.9096931E-02   1.0413217E-01
   1.5942029E-01   7.3018262E+03   1.8598991E+03   9.1617254E+03   1.7906242E-01   3.0303980E-02   1.4870078E-01
   1.7391304E-01   6.1250382E+03   2.2100653E+03   8.3351035E+03   1.7912378E-01   2.7464076E-02   1.3879280E-01
   1.8840580E-01   6.0036060E+03   1.6903357E+03   7.6939417E+03   1.9537102E-01   1.5208695E-02   1.5501013E-01
   2.0289855E-01   4.3840480E+03   1.3531012E+03   5.7371492E+03   2.2059454E-01   8.9116811E-06   1.6856952E-01
   2.1739130E-01   3.2835256E+03   1.5659891E+03   4.8495148E+03   2.7066573E-01   4.5906263E-05   1.8325122E-01
   2.3188406E-01   3.4098151E+03   9.4717086E+02   4.3569859E+03   2.0790933E-01   1.9106851E-06   1.6271163E-01
   2.4637681E-01   3.0309467E+03   1.3817551E+03   4.4127019E+03   1.8999802E-01   2.5037847E-02   1.3817564E-01
   2.6086957E-01   2.4836925E+03   7.5773668E+02   3.2414291E+03   2.7161263E-01   2.4364399E-02   2.1376503E-01
   2.7536232E-01   2.3529718E+03   7.9761756E+02   3.1505894E+03   2.6282820E-01   8.9061953E-03   1.9845077E-01
   2.8985507E-01   2.0080022E+03   6.8196302E+02   2.6899652E+03   2.5786002E-01   1.2023833E-02   1.9551997E-01
   3.0434783E-01   1.7680523E+03   6.1340589E+02   2.3814581E+03   2.6381898E-01   1.8482656E-02   2.0060621E-01
   3.1884058E-01   1.5843585E+03   5.5108122E+02   2.1354397E+03   2.5591325E-01   2.5452840E-06   1.8987166E-01
   3.3333333E-01   1.1860226E+03   3.6239581E+02   1.5484184E+03   3.0494864E-01   8.5839166E-06   2.3357969E-01
   3.4782609E-01   1.2628945E+03   2.2100653E+02   1.4839010E+03   2.5764850E-01   4.6653052E-02   2.2622217E-01
   3.6231884E-01   1.0911408E+03   1.8185680E+02   1.2729976E+03   2.4770220E-01   5.8115209E-05   2.1230810E-01
   3.7681159E-01   5.5373065E+02   2.3314975E+02   7.8688040E+02   2.2302464E-01   1.4187539E-04   1.5690197E-01
   3.9130435E-01   7.0160804E+02   1.4032161E+02   8.4192965E+02   2.6643613E-01   1.6076038E-05   2.2202746E-01
   4.0579710E-01   9.2010883E+02   2.4355822E+02   1.1636671E+03   2.7416320E-01   1.1305490E-06   2.1678042E-01
   4.2028986E-01   4.1806162E+02   1.5677311E+02   5.7483473E+02   3.2271184E-01   6.1721332E-02   2.5151440E-01
   4.3478261E-01   4.5464201E+02   2.0206312E+02   6.5670513E+02   2.7143517E-01   9.7175557E-07   1.8791666E-01
   4.4927536E-01   5.3774861E+02   1.9554495E+02   7.3329357E+02   2.4261326E-01   1.7380475E-06   1.7791686E-01
   4.6376812E-01   2.8415126E+02   9.4717086E+01   3.7886834E+02   2.3628590E-01   5.0491152E-06   1.7721316E-01
   4.7826087E-01   2.7554061E+02   9.1846871E+01   3.6738748E+02   3.1723533E-01   3.8146844E-06   2.3792555E-01
   4.9275362E-01   3.7886834E+02   2.2286373E+01   4.0115472E+02   3.0643531E-01   1.6468802E-05   2.8941201E-01
   5.0724638E-01   1.7319696E+02   2.1649620E+01   1.9484658E+02   2.0053321E-01   1.6447441E-04   1.7826992E-01
   5.2173913E-01   2.1048241E+02   6.3144724E+01   2.7362714E+02   2.4863390E-01   9.3892410E-06   1.9125898E-01
   5.3623188E-01   2.6623181E+02   0.0000000E+00   2.6623181E+02   2.0076083E-01   0.0000000E+00   2.0076083E-01
   5.5072464E-01   1.9940439E+02   7.9761756E+01   2.7916615E+02   2.4749426E-01   1.0729728E-05   1.7678468E-01
   5.6521739E-01   2.1372060E+02   5.8287437E+01   2.7200804E+02   2.6479770E-01   6.4295217E-06   2.0805423E-01
   5.7971014E-01   1.7049075E+02   1.8943417E+01   1.8943417E+02   2.9064268E-01   9.0932787E-06   2.6157751E-01
   5.9420290E-01   7.3925530E+01   0.0000000E+00   7.3925530E+01   2.7222504E-01   0.0000000E+00   2.7222504E-01
   6.0869565E-01   1.0824810E+02   1.8041350E+01   1.2628945E+02   2.5679493E-01   4.3838985E-06   2.2011057E-01
   6.2318841E-01   5.2865350E+01   3.5243567E+01   8.8108917E+01   3.7023945E-01   9.1992856E-06   2.2214731E-01
   6.3768116E-01   1.0332773E+02   1.7221288E+01   1.2054902E+02   2.4149345E-01   2.3073456E-05   2.0699109E-01
   6.5217391E-01   8.4192965E+01   5.0515779E+01   1.3470874E+02   2.7684625E-01   2.2772653E-06   1.7302806E-01
   6.6666667E-01   4.9417610E+01   4.9417610E+01   9.8835220E+01   3.2241071E-01   1.4399110E-05   1.6119817E-01
   6.8115942E-01   9.6732343E+01   6.4488228E+01   1.6122057E+02   2.3236147E-01   7.2914668E-06   1.3941397E-01
   6.9565217E-01   3.1572362E+01   3.1572362E+01   6.3144724E+01   3.4683508E-01   5.0657909E-06   1.7341501E-01
   7.1014493E-01   3.0928028E+01   0.0000000E+00   3.0928028E+01   2.1147123E-01   0.0000000E+00   2.1147123E-01
   7.2463768E-01   4.5464201E+01   1.5154734E+01   6.0618935E+01   1.2027054E-01   8.5527208E-06   9.0200767E-02
   7.3913043E-01   0.0000000E+00   1.4857582E+01   1.4857582E+01   0.0000000E+00   8.7138660E-06   8.7138660E-06
   7.5362319E-01   1.4571859E+01   0.0000000E+00   1.4571859E+01   3.5666928E-01   0.0000000E+00   3.5666928E-01
   7.6811594E-01   5.7187674E+01   1.4296919E+01   7.1484593E+01   1.9972795E-01   5.8076028E-04   1.5966660E-01
   7.8260870E-01   2.8064322E+01   0.0000000E+00   2.8064322E+01   1.9767067E-01   0.0000000E+00   1.9767067E-01
   7.9710145E-01   0.0000000E+00   1.3777031E+01   1.3777031E+01   0.0000000E+00   7.2976593E-06   7.2976593E-06
   8.1159420E-01   0.0000000E+00   0.0000000E+00   0.0000000E+00   0.0000000E+00   0.0000000E+00   0.0000000E+00
   8.2608696E-01   2.6587252E+01   0.0000000E+00   2.6587252E+01   2.8367987E-01   0.0000000E+00   2.8367987E-01
   8.4057971E-01   0.0000000E+00   1.3064426E+01   1.3064426E+01   0.0000000E+00   8.5245421E-07   8.5245421E-07
   8.5507246E-01   0.0000000E+00   1.2842995E+01   1.2842995E+01   0.0000000E+00   5.4893197E-06   5.4893197E-06
   8.6956522E-01   0.0000000E+00   0.0000000E+00   0.0000000E+00   0.0000000E+00   0.0000000E+00   0.0000000E+00
   8.8405797E-01   0.0000000E+00   0.0000000E+00   0.0000000E+00   0.0000000E+00   0.0000000E+00   0.0000000E+00
   8.9855072E-01   1.2221559E+01   0.0000000E+00   1.2221559E+01   4.1650011E-01   0.0000000E+00   4.1650011E-01
   9.1304348E-01   1.2027566E+01   2.4055133E+01   3.6082699E+01   2.2615807E-04   2.6824756E-06   7.3598506E-05
   9.2753623E-01   1.1839636E+01   0.0000000E+00   1.1839636E+01   4.1796379E-01   0.0000000E+00   4.1796379E-01
   9.4202899E-01   1.1657487E+01   0.0000000E+00   1.1657487E+01   2.4516348E-05   0.0000000E+00   2.4516348E-05
   9.5652174E-01   0.0000000E+00   0.0000000E+00   0.0000000E+00   0.0000000E+00   0.0000000E+00   0.0000000E+00
   9.7101449E-01   0.0000000E+00   0.0000000E+00   0.0000000E+00   0.0000000E+00   0.0000000E+00   0.0000000E+00
   9.8550725E-01   0.0000000E+00   0.0000000E+00   0.0000000E+00   0.0000000E+00   0.0000000E+00   0.0000000E+00
   1.0000000E+00   0.0000000E+00   0.0000000E+00   0.0000000E+00   0.0000000E+00   0.0000000E+00   0.0000000E+00
