   0.0000000E+00   7.1372734E+07   3.4122398E+07   1.0549513E+08   1.1474406E-03   3.6864220E-05   7.8820561E-04
   1.4492754E-02   6.8883569E+07   3.3602591E+07   1.0248540E+08   2.1293976E-03   5.9529106E-05   1.4458745E-03
   2.8985507E-02   5.8385127E+07   2.8738679E+07   8.7123427E+07   1.0647851E-03   6.1230772E-05   6.9291562E-04
   4.3478261E-02   4.0267895E+07   2.0095935E+07   6.0363577E+07   1.2543427E-03   3.4975567E-05   8.4597989E-04
   5.7971014E-02   2.3642521E+07   1.1926207E+07   3.5568728E+07   1.5205895E-03   2.1170952E-04   1.0699877E-03
   7.2463768E-02   1.0179889E+07   5.2552070E+06   1.5434945E+07   9.5199863E-04   1.7446150E-04   5.7423028E-04
   8.6956522E-02   4.3290760E+06   2.2841972E+06   6.6132732E+06   1.9441879E-03   2.3589490E-04   1.3541461E-03
   1.0144928E-01   1.8200835E+06   1.0195888E+06   2.8396723E+06   5.0170561E-03   3.5556964E-04   3.3361705E-03
   1.1594203E-01   4.9224469E+05   2.7808936E+05   7.7033406E+05   1.6982886E-02   1.0244807E-04   1.0886125E-02
   1.3043478E-01   2.5678854E+04   9.7663839E+03   3.5445238E+04   1.3367825E-01   1.1103204E-05   9.6844795E-02
   1.4492754E-01   1.3942355E+04   5.3041568E+03   1.9246512E+04   1.6349465E-01   4.0811016E-06   1.1843597E-01
   1.5942029E-01   1.1572706E+04   3.0998319E+03   1.4672538E+04   2.1603918E-01   1.0668187E-05   1.7039638E-01
   1.7391304E-01   8.9034060E+03   3.2835256E+03   1.2186932E+04   2.2406973E-01   1.7599606E-06   1.6369817E-01
   1.8840580E-01   5.9453186E+03   1.9234854E+03   7.8688040E+03   2.4921552E-01   8.7329321E-06   1.8829613E-01
   2.0289855E-01   4.4381720E+03   1.5154734E+03   5.9536454E+03   2.6199384E-01   2.1565505E-06   1.9530483E-01
   2.1739130E-01   3.3340414E+03   1.0608314E+03   4.3948728E+03   2.8119121E-01   3.8850349E-06   2.1331654E-01
   2.3188406E-01   2.7941540E+03   8.9981231E+02   3.6939663E+03   2.5997194E-01   3.8724108E-06   1.9664451E-01
   2.4637681E-01   2.7635103E+03   6.6859119E+02   3.4321015E+03   3.1815995E-01   1.1452421E-06   2.5618052E-01
   2.6086957E-01   2.3574030E+03   4.6306131E+02   2.8204643E+03   3.0769133E-01   3.7751073E-05   2.5718084E-01
   2.7536232E-01   1.2363072E+03   4.7857054E+02   1.7148778E+03   2.9962446E-01   1.2310510E-05   2.1600492E-01
   2.8985507E-01   1.0987182E+03   2.2732101E+02   1.3260392E+03   3.0165559E-01   7.5002901E-06   2.4994193E-01
   3.0434783E-01   9.0206748E+02   1.0824810E+02   1.0103156E+03   2.7423453E-01   1.1552350E-05   2.4485335E-01
   3.1884058E-01   7.5773668E+02   3.0998319E+02   1.0677199E+03   2.9855044E-01   1.0906112E-06   2.1187439E-01
   3.3333333E-01   5.2712117E+02   6.5890146E+01   5.9301132E+02   3.4483559E-01   5.9118135E-05   3.0652684E-01
   3.4782609E-01   4.7358543E+02   6.3144724E+01   5.3673015E+02   2.2454023E-01   4.7273387E-06   1.9812429E-01
   3.6231884E-01   3.9402308E+02   9.0928402E+01   4.8495148E+02   1.9663245E-01   5.9661326E-06   1.5976441E-01
   3.7681159E-01   2.9143719E+02   1.4571859E+02   4.3715578E+02   3.1562941E-01   5.0830472E-07   2.1041955E-01
   3.9130435E-01   8.4192965E+01   5.6128643E+01   1.4032161E+02   2.2990150E-01   1.5773985E-06   1.3794047E-01
   4.0579710E-01   1.6237215E+02   2.7062024E+01   1.8943417E+02   1.8918979E-01   5.2580548E-06   1.6216341E-01
   4.2028986E-01   7.8386554E+01   0.0000000E+00   7.8386554E+01   1.3325393E-06   0.0000000E+00   1.3325393E-06
   4.3478261E-01   2.2732101E+02   0.0000000E+00   2.2732101E+02   4.7302362E-02   0.0000000E+00   4.7302362E-02
   4.4927536E-01   1.4665871E+02   0.0000000E+00   1.4665871E+02   1.4282010E-01   0.0000000E+00   1.4282010E-01
   4.6376812E-01   4.7358543E+01   0.0000000E+00   4.7358543E+01   5.5200312E-06   0.0000000E+00   5.5200312E-06
   4.7826087E-01   1.1480859E+02   0.0000000E+00   1.1480859E+02   2.8445805E-01   0.0000000E+00   2.8445805E-01
   4.9275362E-01   8.9145492E+01   0.0000000E+00   8.9145492E+01   1.1933811E-01   0.0000000E+00   1.1933811E-01
   5.0724638E-01   6.4948859E+01   0.0000000E+00   6.4948859E+01   4.5331529E-06   0.0000000E+00   4.5331529E-06
   5.2173913E-01   1.6838593E+02   0.0000000E+00   1.6838593E+02   4.9182571E-02   0.0000000E+00   4.9182571E-02
   5.3623188E-01   2.0479370E+01   0.0000000E+00   2.0479370E+01   2.9228430E-05   0.0000000E+00   2.9228430E-05
   5.5072464E-01   9.9702195E+01   0.0000000E+00   9.9702195E+01   3.5066102E-04   0.0000000E+00   3.5066102E-04
   5.6521739E-01   9.7145729E+01   0.0000000E+00   9.7145729E+01   5.0482891E-06   0.0000000E+00   5.0482891E-06
   5.7971014E-01   5.6830251E+01   0.0000000E+00   5.6830251E+01   4.2285828E-06   0.0000000E+00   4.2285828E-06
   5.9420290E-01   9.2406913E+01   0.0000000E+00   9.2406913E+01   1.8698433E-05   0.0000000E+00   1.8698433E-05
   6.0869565E-01   2.3453755E+02   0.0000000E+00   2.3453755E+02   4.6764329E-05   0.0000000E+00   4.6764329E-05
   6.2318841E-01   2.2908318E+02   0.0000000E+00   2.2908318E+02   1.4210950E-06   0.0000000E+00   1.4210950E-06
   6.3768116E-01   1.5499159E+02   0.0000000E+00   1.5499159E+02   9.9404922E-07   0.0000000E+00   9.9404922E-07
   6.5217391E-01   1.3470874E+02   0.0000000E+00   1.3470874E+02   1.8384631E-04   0.0000000E+00   1.8384631E-04
   6.6666667E-01   1.9767044E+02   0.0000000E+00   1.9767044E+02   7.5306215E-06   0.0000000E+00   7.5306215E-06
   6.8115942E-01   1.6122057E+02   0.0000000E+00   1.6122057E+02   2.0600359E-05   0.0000000E+00   2.0600359E-05
   6.9565217E-01   1.8943417E+02   0.0000000E+00   1.8943417E+02   1.7029315E-05   0.0000000E+00   1.7029315E-05
   7.1014493E-01   1.0824810E+02   0.0000000E+00   1.0824810E+02   1.4121532E-06   0.0000000E+00   1.4121532E-06
   7.2463768E-01   7.5773668E+01   0.0000000E+00   7.5773668E+01   2.9933898E-05   0.0000000E+00   2.9933898E-05
   7.3913043E-01   1.6343340E+02   0.0000000E+00   1.6343340E+02   1.5694325E-05   0.0000000E+00   1.5694325E-05
   7.5362319E-01   1.1657487E+02   0.0000000E+00   1.1657487E+02   5.8439752E-06   0.0000000E+00   5.8439752E-06
   7.6811594E-01   8.5781511E+01   0.0000000E+00   8.5781511E+01   3.4270936E-06   0.0000000E+00   3.4270936E-06
   7.8260870E-01   4.2096482E+01   0.0000000E+00   4.2096482E+01   4.4484177E-06   0.0000000E+00   4.4484177E-06
   7.9710145E-01   4.1331092E+01   0.0000000E+00   4.1331092E+01   2.4831758E-06   0.0000000E+00   2.4831758E-06
   8.1159420E-01   2.7062024E+01   0.0000000E+00   2.7062024E+01   2.6739262E-05   0.0000000E+00   2.6739262E-05
   8.2608696E-01   2.6587252E+01   0.0000000E+00   2.6587252E+01   5.5127433E-07   0.0000000E+00   5.5127433E-07
   8.4057971E-01   0.0000000E+00   0.0000000E+00   0.0000000E+00   0.0000000E+00   0.0000000E+00   0.0000000E+00
   8.5507246E-01   1.2842995E+01   0.0000000E+00   1.2842995E+01   9.0688747E-06   0.0000000E+00   9.0688747E-06
   8.6956522E-01   2.5257889E+01   0.0000000E+00   2.5257889E+01   4.2494210E-05   0.0000000E+00   4.2494210E-05
   8.8405797E-01   0.0000000E+00   0.0000000E+00   0.0000000E+00   0.0000000E+00   0.0000000E+00   0.0000000E+00
   8.9855072E-01   1.2221559E+01   0.0000000E+00   1.2221559E+01   2.6682152E-05   0.0000000E+00   2.6682152E-05
   9.1304348E-01   1.2027566E+01   0.0000000E+00   1.2027566E+01   1.6129025E-05   0.0000000E+00   1.6129025E-05
   9.2753623E-01   0.0000000E+00   0.0000000E+00   0.0000000E+00   0.0000000E+00   0.0000000E+00   0.0000000E+00
   9.4202899E-01   0.0000000E+00   0.0000000E+00   0.0000000E+00   0.0000000E+00   0.0000000E+00   0.0000000E+00
   9.5652174E-01   0.0000000E+00   0.0000000E+00   0.0000000E+00   0.0000000E+00   0.0000000E+00   0.0000000E+00
   9.7101449E-01   0.0000000E+00   0.0000000E+00   0.0000000E+00   0.0000000E+00   0.0000000E+00   0.0000000E+00
   9.8550725E-01   0.0000000E+00   0.0000000E+00   0.0000000E+00   0.0000000E+00   0.0000000E+00   0.0000000E+00
   1.0000000E+00   0.0000000E+00   0.0000000E+00   0.0000000E+00   0.0000000E+00   0.0000000E+00   0.0000000E+00
