   0.0000000E+00   4.5773358E+07   3.0800481E+07   7.6573838E+07   1.9684752E-03   5.0710837E-04   1.0428378E-03
   1.4492754E-02   4.4416251E+07   3.0073811E+07   7.4490062E+07   1.0946900E-03   1.8320671E-04   5.8201100E-04
   2.8985507E-02   4.0853373E+07   2.6461680E+07   6.7314296E+07   6.3207678E-04   1.4494591E-04   4.3807400E-04
   4.3478261E-02   3.3912253E+07   1.9526622E+07   5.3438622E+07   1.0989951E-03   2.4668664E-04   6.5721080E-04
   5.7971014E-02   2.4900175E+07   1.2106170E+07   3.7006155E+07   7.5674378E-04   2.8108425E-04   5.4046364E-04
   7.2463768E-02   1.5060926E+07   5.8256312E+06   2.0886406E+07   1.1904255E-03   4.3065076E-04   9.5463814E-04
   8.6956522E-02   8.7133404E+06   2.8338089E+06   1.1547276E+07   1.7231351E-03   2.5383951E-04   1.3220410E-03
   1.0144928E-01   4.4563577E+06   1.3594879E+06   5.8158455E+06   1.2429600E-03   8.3588989E-04   1.1466932E-03
   1.1594203E-01   1.3525600E+06   4.0340007E+05   1.7559600E+06   1.2760000E-02   2.9874804E-03   1.0444814E-02
   1.3043478E-01   4.4117114E+04   7.7457528E+03   5.1862866E+04   7.8574433E-02   1.0529159E-02   6.8369296E-02
   1.4492754E-01   2.2125911E+04   5.3041568E+03   2.7430068E+04   1.0057782E-01   2.7700368E-02   8.5919455E-02
   1.5942029E-01   1.5085849E+04   3.1687170E+03   1.8254566E+04   1.0815593E-01   2.6972872E-02   9.4058036E-02
   1.7391304E-01   1.3702405E+04   2.6520784E+03   1.6354483E+04   1.1863709E-01   4.8825804E-02   1.0680590E-01
   1.8840580E-01   8.9179779E+03   2.2149226E+03   1.1132901E+04   1.4432231E-01   5.0619595E-02   1.2567014E-01
   2.0289855E-01   7.4691187E+03   1.6237215E+03   9.0928402E+03   1.2973671E-01   3.9331935E-02   1.1358880E-01
   2.1739130E-01   5.3546726E+03   1.3639260E+03   6.7185986E+03   1.1826935E-01   3.7541182E-02   1.0171554E-01
   2.3188406E-01   5.0673641E+03   9.9452940E+02   6.0618935E+03   1.0643701E-01   8.4598479E-03   9.0361869E-02
   2.4637681E-01   4.3681291E+03   7.5773668E+02   5.1258658E+03   1.1284151E-01   7.9100362E-02   1.0773915E-01
   2.6086957E-01   3.3256221E+03   4.6306131E+02   3.7886834E+03   9.2731235E-02   7.7529511E-02   9.0871832E-02
   2.7536232E-01   3.0708276E+03   3.5892790E+02   3.4297555E+03   8.8556526E-02   2.8782325E-02   8.1846254E-02
   2.8985507E-01   3.3719282E+03   1.5154734E+02   3.5234756E+03   9.3689520E-02   7.2015175E-06   8.9660172E-02
   3.0434783E-01   2.5618716E+03   2.1649620E+02   2.7783678E+03   1.5397986E-01   5.9983424E-02   1.4665332E-01
   3.1884058E-01   1.7221288E+03   2.7554061E+02   1.9976694E+03   1.3250711E-01   1.9489449E-04   1.1420654E-01
   3.3333333E-01   1.5154734E+03   1.9767044E+02   1.7131438E+03   1.2671354E-01   3.7956111E-02   1.1592475E-01
   3.4782609E-01   1.3260392E+03   9.4717086E+01   1.4207563E+03   9.3783725E-02   2.4436780E-01   1.0112128E-01
   3.6231884E-01   9.6990296E+02   6.0618935E+01   1.0305219E+03   9.0419141E-02   2.4937174E-01   9.8325183E-02
   3.7681159E-01   9.6174271E+02   1.1657487E+02   1.0783176E+03   1.2217809E-01   8.7886658E-05   1.0896130E-01
   3.9130435E-01   4.2096482E+02   5.6128643E+01   4.7709347E+02   1.5543148E-01   1.8682231E-01   1.5862665E-01
   4.0579710E-01   5.1417846E+02   8.1186073E+01   5.9536454E+02   1.2242802E-01   3.2422723E-06   1.0573373E-01
   4.2028986E-01   4.7031932E+02   5.2257702E+01   5.2257702E+02   1.0982282E-01   2.3952532E-01   1.2249405E-01
   4.3478261E-01   3.7886834E+02   0.0000000E+00   3.7886834E+02   7.0577730E-02   0.0000000E+00   7.0577730E-02
   4.4927536E-01   2.1998807E+02   4.8886238E+01   2.6887431E+02   9.2293403E-02   6.7850082E-06   7.5514018E-02
   4.6376812E-01   1.1839636E+02   0.0000000E+00   1.1839636E+02   7.0844614E-06   0.0000000E+00   7.0844614E-06
   4.7826087E-01   1.8369374E+02   2.2961718E+01   2.0665546E+02   5.7615844E-02   7.5179283E-05   5.1205736E-02
   4.9275362E-01   4.4572746E+01   2.2286373E+01   6.6859119E+01   1.9911695E-01   3.9025304E-01   2.6177697E-01
   5.0724638E-01   0.0000000E+00   0.0000000E+00   0.0000000E+00   0.0000000E+00   0.0000000E+00   0.0000000E+00
   5.2173913E-01   6.3144724E+01   2.1048241E+01   8.4192965E+01   1.6027749E-01   1.2661124E-06   1.2020843E-01
   5.3623188E-01   6.1438110E+01   0.0000000E+00   6.1438110E+01   1.6031600E-05   0.0000000E+00   1.6031600E-05
   5.5072464E-01   1.9940439E+01   0.0000000E+00   1.9940439E+01   7.8476187E-05   0.0000000E+00   7.8476187E-05
   5.6521739E-01   3.8858291E+01   0.0000000E+00   3.8858291E+01   1.6516502E-05   0.0000000E+00   1.6516502E-05
   5.7971014E-01   1.8943417E+01   0.0000000E+00   1.8943417E+01   1.9533225E-05   0.0000000E+00   1.9533225E-05
   5.9420290E-01   0.0000000E+00   0.0000000E+00   0.0000000E+00   0.0000000E+00   0.0000000E+00   0.0000000E+00
   6.0869565E-01   1.8041350E+01   0.0000000E+00   1.8041350E+01   4.8685424E-06   0.0000000E+00   4.8685424E-06
   6.2318841E-01   1.7621783E+01   0.0000000E+00   1.7621783E+01   4.5183880E-01   0.0000000E+00   4.5183880E-01
   6.3768116E-01   1.7221288E+01   0.0000000E+00   1.7221288E+01   5.8294737E-06   0.0000000E+00   5.8294737E-06
   6.5217391E-01   1.6838593E+01   0.0000000E+00   1.6838593E+01   4.9684605E-05   0.0000000E+00   4.9684605E-05
   6.6666667E-01   1.6472537E+01   0.0000000E+00   1.6472537E+01   4.3035800E-06   0.0000000E+00   4.3035800E-06
   6.8115942E-01   0.0000000E+00   0.0000000E+00   0.0000000E+00   0.0000000E+00   0.0000000E+00   0.0000000E+00
   6.9565217E-01   0.0000000E+00   0.0000000E+00   0.0000000E+00   0.0000000E+00   0.0000000E+00   0.0000000E+00
   7.1014493E-01   1.5464014E+01   0.0000000E+00   1.5464014E+01   3.5295282E-06   0.0000000E+00   3.5295282E-06
   7.2463768E-01   0.0000000E+00   0.0000000E+00   0.0000000E+00   0.0000000E+00   0.0000000E+00   0.0000000E+00
   7.3913043E-01   0.0000000E+00   0.0000000E+00   0.0000000E+00   0.0000000E+00   0.0000000E+00   0.0000000E+00
   7.5362319E-01   0.0000000E+00   0.0000000E+00   0.0000000E+00   0.0000000E+00   0.0000000E+00   0.0000000E+00
   7.6811594E-01   0.0000000E+00   0.0000000E+00   0.0000000E+00   0.0000000E+00   0.0000000E+00   0.0000000E+00
   7.8260870E-01   0.0000000E+00   0.0000000E+00   0.0000000E+00   0.0000000E+00   0.0000000E+00   0.0000000E+00
   7.9710145E-01   0.0000000E+00   0.0000000E+00   0.0000000E+00   0.0000000E+00   0.0000000E+00   0.0000000E+00
   8.1159420E-01   0.0000000E+00   0.0000000E+00   0.0000000E+00   0.0000000E+00   0.0000000E+00   0.0000000E+00
   8.2608696E-01   0.0000000E+00   1.3293626E+01   1.3293626E+01   0.0000000E+00   1.2804867E-03   1.2804867E-03
   8.4057971E-01   1.3064426E+01   0.0000000E+00   1.3064426E+01   3.0910891E-05   0.0000000E+00   3.0910891E-05
   8.5507246E-01   1.2842995E+01   0.0000000E+00   1.2842995E+01   1.0583640E-05   0.0000000E+00   1.0583640E-05
   8.6956522E-01   0.0000000E+00   0.0000000E+00   0.0000000E+00   0.0000000E+00   0.0000000E+00   0.0000000E+00
   8.8405797E-01   0.0000000E+00   0.0000000E+00   0.0000000E+00   0.0000000E+00   0.0000000E+00   0.0000000E+00
   8.9855072E-01   0.0000000E+00   0.0000000E+00   0.0000000E+00   0.0000000E+00   0.0000000E+00   0.0000000E+00
   9.1304348E-01   0.0000000E+00   0.0000000E+00   0.0000000E+00   0.0000000E+00   0.0000000E+00   0.0000000E+00
   9.2753623E-01   1.1839636E+01   0.0000000E+00   1.1839636E+01   4.5450767E-05   0.0000000E+00   4.5450767E-05
   9.4202899E-01   0.0000000E+00   0.0000000E+00   0.0000000E+00   0.0000000E+00   0.0000000E+00   0.0000000E+00
   9.5652174E-01   0.0000000E+00   0.0000000E+00   0.0000000E+00   0.0000000E+00   0.0000000E+00   0.0000000E+00
   9.7101449E-01   0.0000000E+00   0.0000000E+00   0.0000000E+00   0.0000000E+00   0.0000000E+00   0.0000000E+00
   9.8550725E-01   0.0000000E+00   0.0000000E+00   0.0000000E+00   0.0000000E+00   0.0000000E+00   0.0000000E+00
   1.0000000E+00   0.0000000E+00   0.0000000E+00   0.0000000E+00   0.0000000E+00   0.0000000E+00   0.0000000E+00
