   0.0000000E+00   3.1521846E+05   1.7579491E+05   4.9101337E+05   0.0000000E+00   0.0000000E+00   0.0000000E+00
   1.4492754E-02   2.9779052E+05   1.5685149E+05   4.5464201E+05   0.0000000E+00   0.0000000E+00   0.0000000E+00
   2.8985507E-02   3.0877770E+05   1.4472771E+05   4.5350541E+05   0.0000000E+00   0.0000000E+00   0.0000000E+00
   4.3478261E-02   3.0915657E+05   1.4902155E+05   4.5817811E+05   0.0000000E+00   0.0000000E+00   0.0000000E+00
   5.7971014E-02   3.0271581E+05   1.4775865E+05   4.5047446E+05   0.0000000E+00   0.0000000E+00   0.0000000E+00
   7.2463768E-02   2.9475957E+05   1.5745768E+05   4.5221725E+05   0.0000000E+00   0.0000000E+00   0.0000000E+00
   8.6956522E-02   2.9930599E+05   1.5053702E+05   4.4984301E+05   0.0000000E+00   0.0000000E+00   0.0000000E+00
   1.0144928E-01   3.0623387E+05   1.4873289E+05   4.5496675E+05   0.0000000E+00   0.0000000E+00   0.0000000E+00
   1.1594203E-01   3.0498902E+05   1.5353640E+05   4.5852541E+05   0.0000000E+00   0.0000000E+00   0.0000000E+00
   1.3043478E-01   3.0587304E+05   1.5053702E+05   4.5641006E+05   0.0000000E+00   0.0000000E+00   0.0000000E+00
   1.4492754E-01   3.1680971E+05   1.5730614E+05   4.7411584E+05   0.0000000E+00   0.0000000E+00   0.0000000E+00
   1.5942029E-01   3.1907603E+05   1.5375166E+05   4.7282769E+05   0.0000000E+00   0.0000000E+00   0.0000000E+00
   1.7391304E-01   3.2115406E+05   1.5975615E+05   4.8084707E+05   0.0000000E+00   0.0000000E+00   0.0000000E+00
   1.8840580E-01   3.1323669E+05   1.6582776E+05   4.7906445E+05   0.0000000E+00   0.0000000E+00   0.0000000E+00
   2.0289855E-01   3.2598915E+05   1.6713506E+05   4.9312421E+05   0.0000000E+00   0.0000000E+00   0.0000000E+00
   2.1739130E-01   3.3102990E+05   1.6751032E+05   4.9854022E+05   0.0000000E+00   0.0000000E+00   0.0000000E+00
   2.3188406E-01   3.3406716E+05   1.6826490E+05   5.0223735E+05   0.0000000E+00   0.0000000E+00   0.0000000E+00
   2.4637681E-01   3.3670252E+05   1.6772724E+05   5.0442977E+05   0.0000000E+00   0.0000000E+00   0.0000000E+00
   2.6086957E-01   3.3096255E+05   1.7764716E+05   5.0860970E+05   0.0000000E+00   0.0000000E+00   0.0000000E+00
   2.7536232E-01   3.5430172E+05   1.7483777E+05   5.2913949E+05   0.0000000E+00   0.0000000E+00   0.0000000E+00
   2.8985507E-01   3.4492174E+05   1.7946993E+05   5.2435379E+05   0.0000000E+00   0.0000000E+00   0.0000000E+00
   3.0434783E-01   3.5104858E+05   1.7676914E+05   5.2774556E+05   0.0000000E+00   0.0000000E+00   0.0000000E+00
   3.1884058E-01   3.5582626E+05   1.7958359E+05   5.3530652E+05   0.0000000E+00   0.0000000E+00   0.0000000E+00
   3.3333333E-01   3.5415954E+05   1.7981421E+05   5.3394080E+05   0.0000000E+00   0.0000000E+00   0.0000000E+00
   3.4782609E-01   3.5878832E+05   1.8125693E+05   5.4004525E+05   0.0000000E+00   0.0000000E+00   0.0000000E+00
   3.6231884E-01   3.5437829E+05   1.7934112E+05   5.3368910E+05   0.0000000E+00   0.0000000E+00   0.0000000E+00
   3.7681159E-01   3.6173184E+05   1.8290598E+05   5.4460867E+05   0.0000000E+00   0.0000000E+00   0.0000000E+00
   3.9130435E-01   3.5877429E+05   1.7770328E+05   5.3644951E+05   0.0000000E+00   0.0000000E+00   0.0000000E+00
   4.0579710E-01   3.5535144E+05   1.8161325E+05   5.3680232E+05   0.0000000E+00   0.0000000E+00   0.0000000E+00
   4.2028986E-01   3.5788687E+05   1.7947908E+05   5.3733982E+05   0.0000000E+00   0.0000000E+00   0.0000000E+00
   4.3478261E-01   3.6108679E+05   1.8026556E+05   5.4132709E+05   0.0000000E+00   0.0000000E+00   0.0000000E+00
   4.4927536E-01   3.5650289E+05   1.8224789E+05   5.3870190E+05   0.0000000E+00   0.0000000E+00   0.0000000E+00
   4.6376812E-01   3.6054059E+05   1.7790237E+05   5.3837191E+05   0.0000000E+00   0.0000000E+00   0.0000000E+00
   4.7826087E-01   3.5751394E+05   1.7590972E+05   5.3335478E+05   0.0000000E+00   0.0000000E+00   0.0000000E+00
   4.9275362E-01   3.4648624E+05   1.7374456E+05   5.2018623E+05   0.0000000E+00   0.0000000E+00   0.0000000E+00
   5.0724638E-01   3.4347121E+05   1.7681244E+05   5.2028366E+05   0.0000000E+00   0.0000000E+00   0.0000000E+00
   5.2173913E-01   3.3839257E+05   1.6983826E+05   5.0818874E+05   0.0000000E+00   0.0000000E+00   0.0000000E+00
   5.3623188E-01   3.4214883E+05   1.6748029E+05   5.0952672E+05   0.0000000E+00   0.0000000E+00   0.0000000E+00
   5.5072464E-01   3.3392259E+05   1.6532618E+05   4.9926871E+05   0.0000000E+00   0.0000000E+00   0.0000000E+00
   5.6521739E-01   3.2019232E+05   1.6194193E+05   4.8205654E+05   0.0000000E+00   0.0000000E+00   0.0000000E+00
   5.7971014E-01   3.1535106E+05   1.5679466E+05   4.7212678E+05   0.0000000E+00   0.0000000E+00   0.0000000E+00
   5.9420290E-01   3.0542333E+05   1.5282255E+05   4.5819044E+05   0.0000000E+00   0.0000000E+00   0.0000000E+00
   6.0869565E-01   2.9687041E+05   1.5048290E+05   4.4733526E+05   0.0000000E+00   0.0000000E+00   0.0000000E+00
   6.2318841E-01   2.8103220E+05   1.4404046E+05   4.2500217E+05   0.0000000E+00   0.0000000E+00   0.0000000E+00
   6.3768116E-01   2.7333629E+05   1.3634094E+05   4.0959112E+05   0.0000000E+00   0.0000000E+00   0.0000000E+00
   6.5217391E-01   2.6288411E+05   1.3172831E+05   3.9456191E+05   0.0000000E+00   0.0000000E+00   0.0000000E+00
   6.6666667E-01   2.4977307E+05   1.2412056E+05   3.7387716E+05   0.0000000E+00   0.0000000E+00   0.0000000E+00
   6.8115942E-01   2.4087966E+05   1.2139909E+05   3.6224650E+05   0.0000000E+00   0.0000000E+00   0.0000000E+00
   6.9565217E-01   2.3112547E+05   1.1639151E+05   3.4745384E+05   0.0000000E+00   0.0000000E+00   0.0000000E+00
   7.1014493E-01   2.2056323E+05   1.1199039E+05   3.3255362E+05   0.0000000E+00   0.0000000E+00   0.0000000E+00
   7.2463768E-01   2.1263607E+05   1.0550726E+05   3.1814332E+05   0.0000000E+00   0.0000000E+00   0.0000000E+00
   7.3913043E-01   1.9888359E+05   9.7807463E+04   2.9666134E+05   0.0000000E+00   0.0000000E+00   0.0000000E+00
   7.5362319E-01   1.8778755E+05   9.3347331E+04   2.8113488E+05   0.0000000E+00   0.0000000E+00   0.0000000E+00
   7.6811594E-01   1.7224927E+05   8.7497142E+04   2.5970353E+05   0.0000000E+00   0.0000000E+00   0.0000000E+00
   7.8260870E-01   1.6013502E+05   8.2775717E+04   2.4286864E+05   0.0000000E+00   0.0000000E+00   0.0000000E+00
   7.9710145E-01   1.5087226E+05   7.6007878E+04   2.2688014E+05   0.0000000E+00   0.0000000E+00   0.0000000E+00
   8.1159420E-01   1.4275218E+05   6.9657651E+04   2.1239630E+05   0.0000000E+00   0.0000000E+00   0.0000000E+00
   8.2608696E-01   1.3163349E+05   6.5431227E+04   1.9706471E+05   0.0000000E+00   0.0000000E+00   0.0000000E+00
   8.4057971E-01   1.1985304E+05   6.0148615E+04   1.8000166E+05   0.0000000E+00   0.0000000E+00   0.0000000E+00
   8.5507246E-01   1.1050113E+05   5.5019389E+04   1.6550767E+05   0.0000000E+00   0.0000000E+00   0.0000000E+00
   8.6956522E-01   9.9907582E+04   5.1096710E+04   1.5100429E+05   0.0000000E+00   0.0000000E+00   0.0000000E+00
   8.8405797E-01   8.8121050E+04   4.5327560E+04   1.3342377E+05   0.0000000E+00   0.0000000E+00   0.0000000E+00
   8.9855072E-01   7.9635681E+04   4.0306703E+04   1.1994238E+05   0.0000000E+00   0.0000000E+00   0.0000000E+00
   9.1304348E-01   6.9591499E+04   3.5012246E+04   1.0460375E+05   0.0000000E+00   0.0000000E+00   0.0000000E+00
   9.2753623E-01   5.8618036E+04   2.8959749E+04   8.7577785E+04   0.0000000E+00   0.0000000E+00   0.0000000E+00
   9.4202899E-01   4.9101337E+04   2.4107684E+04   7.3220679E+04   0.0000000E+00   0.0000000E+00   0.0000000E+00
   9.5652174E-01   3.9654886E+04   1.9230439E+04   5.8885325E+04   0.0000000E+00   0.0000000E+00   0.0000000E+00
   9.7101449E-01   2.7176735E+04   1.3560094E+04   4.0736829E+04   0.0000000E+00   0.0000000E+00   0.0000000E+00
   9.8550725E-01   9.2934176E+03   4.5352769E+03   1.3828694E+04   0.0000000E+00   0.0000000E+00   0.0000000E+00
   1.0000000E+00   0.0000000E+00   0.0000000E+00   0.0000000E+00   0.0000000E+00   0.0000000E+00   0.0000000E+00
