   0.0000000E+00   6.6074639E+05   4.1827065E+05   1.0790170E+06   2.1867390E-02   1.0440419E-02   1.0326082E-02
   1.4492754E-02   6.1982861E+05   4.1448197E+05   1.0343106E+06   7.2340440E-03   1.6674916E-03   3.9341083E-03
   2.8985507E-02   6.4142410E+05   4.7888958E+05   1.1203137E+06   6.1583183E-03   1.9347023E-03   4.1086024E-03
   4.3478261E-02   6.3826687E+05   4.9076079E+05   1.1290277E+06   2.9377091E-03   1.1608291E-03   1.1812256E-03
   5.7971014E-02   6.3271013E+05   4.8305714E+05   1.1157673E+06   4.9830666E-03   4.4504071E-04   2.7878497E-03
   7.2463768E-02   6.5695771E+05   5.1753416E+05   1.1744919E+06   3.9033926E-03   2.2366992E-03   2.7793489E-03
   8.6956522E-02   6.5859947E+05   4.9770671E+05   1.1563062E+06   9.1247101E-04   4.2719040E-04   6.8543529E-04
   1.0144928E-01   6.5208654E+05   4.8094630E+05   1.1330328E+06   2.8299612E-03   7.3885973E-04   1.8014924E-03
   1.1594203E-01   6.5335846E+05   4.5852541E+05   1.1118839E+06   6.7972117E-03   8.4758983E-04   4.1175994E-03
   1.3043478E-01   6.2193343E+05   4.4672787E+05   1.0686613E+06   5.7483092E-03   4.8532853E-04   3.1870851E-03
   1.4492754E-01   6.1217547E+05   4.1675518E+05   1.0289306E+06   3.1445730E-03   1.6431887E-03   2.4723207E-03
   1.5942029E-01   6.1349117E+05   4.0318480E+05   1.0166760E+06   7.6505441E-03   1.2241097E-03   4.1374555E-03
   1.7391304E-01   5.9034002E+05   3.8625627E+05   9.7659630E+05   1.1176220E-02   1.7024275E-03   7.3720823E-03
   1.8840580E-01   5.7040086E+05   3.5881746E+05   9.2921832E+05   9.5145100E-03   2.1699165E-04   5.8780911E-03
   2.0289855E-01   5.5964267E+05   3.4076501E+05   9.0040768E+05   1.0998077E-02   8.5903485E-04   7.1183380E-03
   2.1739130E-01   5.5279417E+05   3.2330099E+05   8.7609515E+05   1.3941464E-02   1.2020192E-03   8.8879486E-03
   2.3188406E-01   5.4182909E+05   3.1195072E+05   8.5382717E+05   1.5729117E-02   2.3751530E-04   1.0056897E-02
   2.4637681E-01   5.1855933E+05   2.9302123E+05   8.1149142E+05   1.4440789E-02   4.6447075E-04   9.3088799E-03
   2.6086957E-01   5.0869389E+05   2.8288836E+05   7.9154016E+05   1.7832822E-02   1.4377587E-03   1.1236107E-02
   2.7536232E-01   4.9460265E+05   2.6484891E+05   7.5941168E+05   1.6297515E-02   9.7657016E-04   1.0344310E-02
   2.8985507E-01   4.8218574E+05   2.6471531E+05   7.4690105E+05   2.0507870E-02   7.1442924E-04   1.2992829E-02
   3.0434783E-01   4.6463692E+05   2.4763556E+05   7.1227248E+05   2.1135164E-02   1.8835519E-03   1.4334173E-02
   3.1884058E-01   4.4992338E+05   2.3758489E+05   6.8747383E+05   2.0373117E-02   8.5912827E-04   1.3273811E-02
   3.3333333E-01   4.3823536E+05   2.3101085E+05   6.6924622E+05   2.3557581E-02   1.3277355E-03   1.5882033E-02
   3.4782609E-01   4.2947884E+05   2.1617596E+05   6.4562323E+05   2.5135681E-02   1.9791849E-03   1.7268066E-02
   3.6231884E-01   4.1360299E+05   2.0713490E+05   6.2073789E+05   2.4524411E-02   2.1204262E-03   1.7033090E-02
   3.7681159E-01   4.0436910E+05   1.9613723E+05   6.0050632E+05   2.6540248E-02   1.8429959E-03   1.8432704E-02
   3.9130435E-01   3.8737183E+05   1.9235286E+05   5.7972469E+05   2.8520778E-02   2.1914566E-03   1.9758878E-02
   4.0579710E-01   3.7751524E+05   1.8012483E+05   5.5764008E+05   2.5821414E-02   1.9466552E-03   1.7950577E-02
   4.2028986E-01   3.5961138E+05   1.7506330E+05   5.3464855E+05   2.5716672E-02   2.4874006E-03   1.8099777E-02
   4.3478261E-01   3.4477019E+05   1.6710620E+05   5.1187639E+05   3.2803505E-02   1.8417131E-03   2.2688707E-02
   4.4927536E-01   3.4110372E+05   1.6152013E+05   5.0262385E+05   3.2406285E-02   4.3501129E-03   2.3390237E-02
   4.6376812E-01   3.2620564E+05   1.5052913E+05   4.7671109E+05   3.3254621E-02   2.0965020E-03   2.3366338E-02
   4.7826087E-01   3.1551696E+05   1.4757496E+05   4.6306896E+05   3.3499913E-02   1.9889127E-03   2.3344844E-02
   4.9275362E-01   2.9863740E+05   1.4154076E+05   4.4015587E+05   3.6634356E-02   4.0375272E-03   2.6066598E-02
   5.0724638E-01   2.8226774E+05   1.3996479E+05   4.2223253E+05   3.6147964E-02   1.3503800E-03   2.4499579E-02
   5.2173913E-01   2.8168861E+05   1.2780492E+05   4.0947248E+05   4.0116821E-02   5.2566832E-03   2.9233845E-02
   5.3623188E-01   2.6725578E+05   1.2783223E+05   3.9506752E+05   3.8642926E-02   4.3582951E-03   2.7543824E-02
   5.5072464E-01   2.6239624E+05   1.2143727E+05   3.8383351E+05   4.0402981E-02   3.2829015E-03   2.8652601E-02
   5.6521739E-01   2.4638100E+05   1.1453481E+05   3.6091581E+05   4.3571773E-02   5.8540640E-03   3.1598524E-02
   5.7971014E-01   2.3802404E+05   1.0943612E+05   3.4746016E+05   4.1046871E-02   4.0681772E-03   2.9371602E-02
   5.9420290E-01   2.3081399E+05   1.0763557E+05   3.3841260E+05   4.3541696E-02   7.3052156E-03   3.1995601E-02
   6.0869565E-01   2.2075395E+05   1.0187950E+05   3.2263346E+05   4.4132511E-02   6.6734815E-03   3.2299182E-02
   6.2318841E-01   2.1209578E+05   9.7096026E+04   3.0919181E+05   4.7865293E-02   6.3778602E-03   3.4824071E-02
   6.3768116E-01   2.0371062E+05   9.3373825E+04   2.9708444E+05   4.4968428E-02   5.3726860E-03   3.2502254E-02
   6.5217391E-01   1.9590019E+05   8.8166873E+04   2.8406706E+05   4.9736574E-02   5.2946355E-03   3.5939501E-02
   6.6666667E-01   1.8637028E+05   8.3400453E+04   2.6975426E+05   5.1118875E-02   5.7155578E-03   3.7104693E-02
   6.8115942E-01   1.8100234E+05   7.8772371E+04   2.5977471E+05   5.1913024E-02   4.7220507E-03   3.7599170E-02
   6.9565217E-01   1.7251139E+05   7.5189580E+04   2.4770096E+05   5.5090441E-02   5.5271526E-03   3.9974096E-02
   7.1014493E-01   1.6572784E+05   7.2387049E+04   2.3809942E+05   5.5419847E-02   9.4064312E-03   4.1434374E-02
   7.2463768E-01   1.5509354E+05   7.0363428E+04   2.2545697E+05   5.8403499E-02   6.7679195E-03   4.2281831E-02
   7.3913043E-01   1.5126504E+05   6.6160813E+04   2.1742586E+05   6.0551372E-02   1.1221700E-02   4.5532845E-02
   7.5362319E-01   1.4088074E+05   6.2046977E+04   2.0292771E+05   6.4392575E-02   1.0904054E-02   4.7890223E-02
   7.6811594E-01   1.3537752E+05   5.9718229E+04   1.9509575E+05   6.5361864E-02   8.8805190E-03   4.8060508E-02
   7.8260870E-01   1.2930636E+05   5.7279280E+04   1.8658564E+05   6.7811674E-02   1.1410078E-02   5.0440322E-02
   7.9710145E-01   1.2180273E+05   5.3124230E+04   1.7492696E+05   6.5423030E-02   8.5561431E-03   4.8048386E-02
   8.1159420E-01   1.1579840E+05   5.0687172E+04   1.6648557E+05   6.7456581E-02   1.2330981E-02   5.0673369E-02
   8.2608696E-01   1.1202539E+05   4.6607453E+04   1.5863284E+05   7.3920620E-02   1.7221908E-02   5.7259864E-02
   8.4057971E-01   1.0505105E+05   4.5085333E+04   1.5013638E+05   8.1110284E-02   1.3069166E-02   6.0663635E-02
   8.5507246E-01   9.7362742E+04   4.0904938E+04   1.3826768E+05   8.3247159E-02   9.5975980E-03   6.1458657E-02
   8.6956522E-01   9.3441562E+04   3.8770860E+04   1.3221242E+05   8.3558363E-02   1.6627323E-02   6.3915165E-02
   8.8405797E-01   8.4170881E+04   3.7017300E+04   1.2118818E+05   8.5019944E-02   1.5198256E-02   6.3674979E-02
   8.9855072E-01   7.8853501E+04   3.2472683E+04   1.1132618E+05   9.5287338E-02   1.6954513E-02   7.2424781E-02
   9.1304348E-01   7.1876737E+04   2.9900530E+04   1.0177727E+05   9.9625419E-02   1.6400110E-02   7.5118247E-02
   9.2753623E-01   6.5011440E+04   2.7373238E+04   9.2384677E+04   1.0423650E-01   2.0195376E-02   7.9334157E-02
   9.4202899E-01   5.7354838E+04   2.3396577E+04   8.0751416E+04   1.0831279E-01   2.0602101E-02   8.2882243E-02
   9.5652174E-01   4.8173684E+04   1.9460056E+04   6.7633739E+04   1.1268193E-01   2.3227593E-02   8.6925862E-02
   9.7101449E-01   3.8554095E+04   1.5550566E+04   5.4104661E+04   1.1944862E-01   2.1675509E-02   9.1218066E-02
   9.8550725E-01   2.2832389E+04   9.0928402E+03   3.1925229E+04   1.3331081E-01   2.7895571E-02   1.0323133E-01
   1.0000000E+00   2.2978297E+03   7.2217503E+02   3.0200047E+03   1.5210661E-01   4.3972527E-02   1.1791360E-01
