   0.0000000E+00   8.0920216E+07   4.1063266E+07   1.2198348E+08   8.3603744E-04   5.9099601E-05   5.3555940E-04
   1.4492754E-02   8.4814983E+07   4.2497662E+07   1.2731189E+08   4.1632392E-04   8.0303552E-05   2.5772966E-04
   2.8985507E-02   6.9973952E+07   3.5138144E+07   1.0511096E+08   8.9041301E-04   8.4874004E-05   5.8789378E-04
   4.3478261E-02   4.1665920E+07   2.0882465E+07   6.2548132E+07   9.1868571E-04   2.5921144E-04   6.9536220E-04
   5.7971014E-02   2.3937849E+07   1.2025092E+07   3.5962562E+07   1.8370138E-03   4.7385256E-04   1.3811737E-03
   7.2463768E-02   5.9129224E+06   2.9378967E+06   8.8508191E+06   4.1035042E-03   1.2284407E-03   3.1485177E-03
   8.6956522E-02   1.7472145E+06   9.0309584E+05   2.6503103E+06   9.9181792E-03   2.3725208E-03   7.2981426E-03
   1.0144928E-01   8.3340210E+05   4.1827065E+05   1.2516728E+06   1.0687633E-02   1.5617024E-03   7.6380176E-03
   1.1594203E-01   2.1784930E+05   1.0864050E+05   3.2648979E+05   2.8848477E-02   8.2820828E-04   1.9515164E-02
   1.3043478E-01   3.7634255E+04   1.1366050E+04   4.9000306E+04   1.9182928E-01   9.2998172E-06   1.4733290E-01
   1.4492754E-01   3.3870830E+04   1.1820692E+04   4.5691522E+04   2.7152914E-01   8.8758388E-06   2.0128107E-01
   1.5942029E-01   2.5280851E+04   8.8172996E+03   3.4098151E+04   3.1480633E-01   1.1411993E-05   2.3340180E-01
   1.7391304E-01   1.4523286E+04   3.7886834E+03   1.8311970E+04   3.3672647E-01   3.0909781E-05   2.6706517E-01
   1.8840580E-01   8.6265407E+03   2.5063598E+03   1.1132901E+04   3.3820284E-01   1.4747090E-05   2.6205970E-01
   2.0289855E-01   4.3840480E+03   7.5773668E+02   5.1417846E+03   3.5027454E-01   3.6956345E-05   2.9864972E-01
   2.1739130E-01   1.9195996E+03   5.5567357E+02   2.4752732E+03   3.5366239E-01   7.0058013E-06   2.7426722E-01
   2.3188406E-01   7.5773668E+02   3.3150980E+02   1.0892465E+03   3.2436171E-01   2.4508632E-05   2.2563596E-01
   2.4637681E-01   3.1200922E+02   2.2286373E+02   5.3487295E+02   2.9110295E-01   6.3060253E-06   1.6981264E-01
   2.6086957E-01   3.3677186E+02   1.2628945E+02   4.6306131E+02   2.0330652E-01   4.1445532E-06   1.4785825E-01
   2.7536232E-01   1.9940439E+02   0.0000000E+00   1.9940439E+02   3.9143709E-01   0.0000000E+00   3.9143709E-01
   2.8985507E-01   2.2732101E+02   7.5773668E+01   3.0309467E+02   2.6527500E-01   2.5692556E-05   1.9894983E-01
   3.0434783E-01   1.8041350E+02   0.0000000E+00   1.8041350E+02   7.9913795E-02   0.0000000E+00   7.9913795E-02
   3.1884058E-01   3.4442577E+01   0.0000000E+00   3.4442577E+01   2.9724029E-06   0.0000000E+00   2.9724029E-06
   3.3333333E-01   1.3178029E+02   0.0000000E+00   1.3178029E+02   3.5763692E-06   0.0000000E+00   3.5763692E-06
   3.4782609E-01   6.3144724E+01   0.0000000E+00   6.3144724E+01   4.0811678E-05   0.0000000E+00   4.0811678E-05
   3.6231884E-01   0.0000000E+00   0.0000000E+00   0.0000000E+00   0.0000000E+00   0.0000000E+00   0.0000000E+00
   3.7681159E-01   5.8287437E+01   0.0000000E+00   5.8287437E+01   6.9718743E-07   0.0000000E+00   6.9718743E-07
   3.9130435E-01   5.6128643E+01   0.0000000E+00   5.6128643E+01   1.0179033E-05   0.0000000E+00   1.0179033E-05
   4.0579710E-01   5.4124049E+01   0.0000000E+00   5.4124049E+01   7.3177140E-06   0.0000000E+00   7.3177140E-06
   4.2028986E-01   7.8386554E+01   0.0000000E+00   7.8386554E+01   5.3357744E-06   0.0000000E+00   5.3357744E-06
   4.3478261E-01   5.0515779E+01   0.0000000E+00   5.0515779E+01   1.4581611E-06   0.0000000E+00   1.4581611E-06
   4.4927536E-01   4.8886238E+01   0.0000000E+00   4.8886238E+01   3.9105305E-06   0.0000000E+00   3.9105305E-06
   4.6376812E-01   4.7358543E+01   0.0000000E+00   4.7358543E+01   4.9442513E-05   0.0000000E+00   4.9442513E-05
   4.7826087E-01   2.2961718E+01   0.0000000E+00   2.2961718E+01   1.6890917E-07   0.0000000E+00   1.6890917E-07
   4.9275362E-01   4.4572746E+01   0.0000000E+00   4.4572746E+01   3.8657661E-06   0.0000000E+00   3.8657661E-06
   5.0724638E-01   6.4948859E+01   0.0000000E+00   6.4948859E+01   3.4314311E-05   0.0000000E+00   3.4314311E-05
   5.2173913E-01   8.4192965E+01   0.0000000E+00   8.4192965E+01   7.6616399E-07   0.0000000E+00   7.6616399E-07
   5.3623188E-01   8.1917479E+01   0.0000000E+00   8.1917479E+01   1.0278805E-05   0.0000000E+00   1.0278805E-05
   5.5072464E-01   5.9821317E+01   0.0000000E+00   5.9821317E+01   1.0132298E-07   0.0000000E+00   1.0132298E-07
   5.6521739E-01   9.7145729E+01   0.0000000E+00   9.7145729E+01   1.9075419E-06   0.0000000E+00   1.9075419E-06
   5.7971014E-01   9.4717086E+01   0.0000000E+00   9.4717086E+01   2.0051779E-05   0.0000000E+00   2.0051779E-05
   5.9420290E-01   1.4785106E+02   0.0000000E+00   1.4785106E+02   2.0744067E-06   0.0000000E+00   2.0744067E-06
   6.0869565E-01   1.4433080E+02   0.0000000E+00   1.4433080E+02   1.2782478E-06   0.0000000E+00   1.2782478E-06
   6.2318841E-01   7.0487133E+01   0.0000000E+00   7.0487133E+01   1.1958646E-05   0.0000000E+00   1.1958646E-05
   6.3768116E-01   6.8885153E+01   0.0000000E+00   6.8885153E+01   3.6955384E-06   0.0000000E+00   3.6955384E-06
   6.5217391E-01   1.8522452E+02   0.0000000E+00   1.8522452E+02   6.2378633E-06   0.0000000E+00   6.2378633E-06
   6.6666667E-01   9.8835220E+01   0.0000000E+00   9.8835220E+01   7.3193754E-07   0.0000000E+00   7.3193754E-07
   6.8115942E-01   4.8366171E+01   0.0000000E+00   4.8366171E+01   4.6022222E-06   0.0000000E+00   4.6022222E-06
   6.9565217E-01   1.2628945E+02   0.0000000E+00   1.2628945E+02   1.1838804E-05   0.0000000E+00   1.1838804E-05
   7.1014493E-01   1.0824810E+02   0.0000000E+00   1.0824810E+02   3.0572610E-06   0.0000000E+00   3.0572610E-06
   7.2463768E-01   6.0618935E+01   0.0000000E+00   6.0618935E+01   5.0296722E-06   0.0000000E+00   5.0296722E-06
   7.3913043E-01   1.4857582E+02   0.0000000E+00   1.4857582E+02   1.0275781E-05   0.0000000E+00   1.0275781E-05
   7.5362319E-01   1.3114673E+02   0.0000000E+00   1.3114673E+02   2.9638649E-06   0.0000000E+00   2.9638649E-06
   7.6811594E-01   1.1437535E+02   0.0000000E+00   1.1437535E+02   1.0443466E-05   0.0000000E+00   1.0443466E-05
   7.8260870E-01   1.1225729E+02   0.0000000E+00   1.1225729E+02   4.9031503E-05   0.0000000E+00   4.9031503E-05
   7.9710145E-01   6.8885153E+01   0.0000000E+00   6.8885153E+01   5.2951832E-07   0.0000000E+00   5.2951832E-07
   8.1159420E-01   8.1186073E+01   0.0000000E+00   8.1186073E+01   1.1605931E-04   0.0000000E+00   1.1605931E-04
   8.2608696E-01   1.3293626E+01   0.0000000E+00   1.3293626E+01   4.6742155E-06   0.0000000E+00   4.6742155E-06
   8.4057971E-01   2.6128851E+01   0.0000000E+00   2.6128851E+01   3.9150423E-05   0.0000000E+00   3.9150423E-05
   8.5507246E-01   1.2842995E+01   0.0000000E+00   1.2842995E+01   2.1390555E-06   0.0000000E+00   2.1390555E-06
   8.6956522E-01   0.0000000E+00   0.0000000E+00   0.0000000E+00   0.0000000E+00   0.0000000E+00   0.0000000E+00
   8.8405797E-01   0.0000000E+00   0.0000000E+00   0.0000000E+00   0.0000000E+00   0.0000000E+00   0.0000000E+00
   8.9855072E-01   0.0000000E+00   0.0000000E+00   0.0000000E+00   0.0000000E+00   0.0000000E+00   0.0000000E+00
   9.1304348E-01   0.0000000E+00   0.0000000E+00   0.0000000E+00   0.0000000E+00   0.0000000E+00   0.0000000E+00
   9.2753623E-01   0.0000000E+00   0.0000000E+00   0.0000000E+00   0.0000000E+00   0.0000000E+00   0.0000000E+00
   9.4202899E-01   0.0000000E+00   0.0000000E+00   0.0000000E+00   0.0000000E+00   0.0000000E+00   0.0000000E+00
   9.5652174E-01   1.1480859E+01   0.0000000E+00   1.1480859E+01   1.0624721E-06   0.0000000E+00   1.0624721E-06
   9.7101449E-01   0.0000000E+00   0.0000000E+00   0.0000000E+00   0.0000000E+00   0.0000000E+00   0.0000000E+00
   9.8550725E-01   0.0000000E+00   0.0000000E+00   0.0000000E+00   0.0000000E+00   0.0000000E+00   0.0000000E+00
   1.0000000E+00   0.0000000E+00   0.0000000E+00   0.0000000E+00   0.0000000E+00   0.0000000E+00   0.0000000E+00
