   0.0000000E+00   1.7124849E+07   8.1047516E+06   2.5229601E+07   4.5186319E-03   1.1418160E-04   3.0407566E-03
   1.4492754E-02   1.7517357E+07   8.5828834E+06   2.6097967E+07   1.4762727E-03   1.5485103E-05   9.9535987E-04
   2.8985507E-02   1.7457874E+07   8.6082676E+06   2.6063490E+07   9.5549385E-04   1.7210874E-05   6.3963960E-04
   4.3478261E-02   1.5292642E+07   7.5263459E+06   2.2816462E+07   1.5876865E-03   4.7970626E-06   1.0646376E-03
   5.7971014E-02   1.2728840E+07   6.2695133E+06   1.8997216E+07   9.2838210E-04   2.2817496E-05   6.2591482E-04
   7.2463768E-02   1.0151701E+07   5.0486480E+06   1.5199743E+07   1.5335052E-03   5.6364611E-06   1.0304188E-03
   8.6956522E-02   7.9259257E+06   3.9523545E+06   1.1877144E+07   1.8874262E-03   4.7100857E-05   1.2636841E-03
   1.0144928E-01   5.9840631E+06   2.9855908E+06   8.9688961E+06   1.7842272E-03   3.7769732E-05   1.2011227E-03
   1.1594203E-01   4.4571019E+06   2.2351338E+06   6.6918568E+06   8.2336349E-04   8.6982526E-05   5.4577768E-04
   1.3043478E-01   3.2759483E+06   1.6681994E+06   4.9439793E+06   2.0977962E-03   9.8930704E-05   1.4232632E-03
   1.4492754E-01   2.3977062E+06   1.1906317E+06   3.5881105E+06   1.4558757E-03   2.0213208E-04   1.0430978E-03
   1.5942029E-01   1.7616000E+06   8.9323378E+05   2.6549027E+06   1.1963513E-03   2.7104555E-04   7.4869020E-04
   1.7391304E-01   1.3013496E+06   6.6207243E+05   1.9634220E+06   2.7297160E-03   4.3782459E-04   1.9468980E-03
   1.8840580E-01   9.6296675E+05   4.9054707E+05   1.4533972E+06   2.3194338E-03   3.9651067E-04   1.6183560E-03
   2.0289855E-01   7.4923921E+05   3.8032969E+05   1.1295689E+06   4.9699666E-03   6.0043520E-04   3.4575519E-03
   2.1739130E-01   5.8128507E+05   2.9703278E+05   8.7831785E+05   2.8378105E-03   5.8885003E-04   2.0741922E-03
   2.3188406E-01   4.6458730E+05   2.4010781E+05   7.0469512E+05   3.4239443E-03   8.4126708E-04   2.4996254E-03
   2.4637681E-01   3.7458936E+05   1.8760669E+05   5.6215147E+05   3.7287235E-03   1.4324227E-03   2.6518812E-03
   2.6086957E-01   3.1168236E+05   1.5706198E+05   4.6874433E+05   1.4627936E-03   8.6577819E-04   7.2056577E-04
   2.7536232E-01   2.6042213E+05   1.3455808E+05   3.9498022E+05   7.4176346E-03   1.0649307E-03   5.2284799E-03
   2.8985507E-01   2.1894801E+05   1.1419092E+05   3.3313893E+05   4.8902089E-03   1.7021722E-03   3.6733474E-03
   3.0434783E-01   1.8618673E+05   9.2912951E+04   2.7909968E+05   8.2825739E-03   1.1489620E-03   5.6822071E-03
   3.1884058E-01   1.5530158E+05   8.0974497E+04   2.3627608E+05   7.3648884E-03   1.0875527E-03   4.9148589E-03
   3.3333333E-01   1.3240625E+05   6.6977334E+04   1.9938358E+05   4.6730795E-03   1.1437663E-03   3.4858406E-03
   3.4782609E-01   1.1069270E+05   5.8629876E+04   1.6932258E+05   6.0526517E-03   1.4056451E-03   3.4709941E-03
   3.6231884E-01   9.2019543E+04   5.0192478E+04   1.4221202E+05   5.0145636E-03   1.8188317E-03   3.8823611E-03
   3.7681159E-01   7.6502261E+04   4.0480625E+04   1.1698289E+05   8.0198978E-03   8.4543491E-04   5.5202368E-03
   3.9130435E-01   6.2836016E+04   3.2302034E+04   9.5138050E+04   7.6300471E-03   1.9058993E-03   5.5289867E-03
   4.0579710E-01   5.0091807E+04   2.5844233E+04   7.5936041E+04   4.4085239E-03   1.5815963E-03   3.3705739E-03
   4.2028986E-01   3.9872627E+04   2.0850823E+04   6.0723450E+04   5.2745819E-03   1.2584147E-03   3.3699689E-03
   4.3478261E-01   3.4249698E+04   1.7630007E+04   5.1879705E+04   1.3053500E-02   1.4673509E-03   9.1155779E-03
   4.4927536E-01   2.8329575E+04   1.5203620E+04   4.3533195E+04   1.2763441E-02   1.0714954E-03   8.6801182E-03
   4.6376812E-01   2.2447949E+04   1.3118316E+04   3.5566266E+04   1.7438751E-02   9.3738128E-04   1.1324307E-02
   4.7826087E-01   1.8438259E+04   1.0172041E+04   2.8610300E+04   1.3578324E-02   2.7809049E-03   8.4771846E-03
   4.9275362E-01   1.5221593E+04   9.1596993E+03   2.4381292E+04   1.0699318E-02   2.7542766E-03   7.5410574E-03
   5.0724638E-01   1.3379465E+04   6.8196302E+03   2.0199095E+04   7.5927193E-03   3.1865976E-03   5.6442563E-03
   5.2173913E-01   1.1302906E+04   6.3565688E+03   1.7659474E+04   1.0005192E-02   1.8820378E-03   6.6950691E-03
   5.3623188E-01   1.0362561E+04   5.2017599E+03   1.5564321E+04   1.7898866E-02   1.6831452E-03   1.2472091E-02
   5.5072464E-01   8.4946270E+03   4.1476113E+03   1.2642238E+04   1.7911748E-02   3.8833821E-03   1.3305672E-02
   5.6521739E-01   7.1887839E+03   3.2252382E+03   1.0414022E+04   1.0143738E-02   5.5397127E-06   7.0024370E-03
   5.7971014E-01   6.0618935E+03   3.0688336E+03   9.1307270E+03   6.3844206E-03   4.6469034E-06   4.2401104E-03
   5.9420290E-01   4.4355318E+03   2.9755026E+03   7.4110344E+03   2.6351311E-02   1.1138210E-03   1.6156503E-02
   6.0869565E-01   4.2397172E+03   1.8763004E+03   6.1160175E+03   2.3765433E-02   5.5271155E-03   1.7082336E-02
   6.2318841E-01   3.7005745E+03   1.7445566E+03   5.4451311E+03   4.4089834E-02   1.5251244E-05   2.9968711E-02
   6.3768116E-01   2.5659720E+03   1.5326947E+03   4.0986666E+03   2.4065464E-02   7.2586263E-05   1.5089358E-02
   6.5217391E-01   2.4247574E+03   1.3302488E+03   3.7550062E+03   6.0064306E-03   3.3189299E-03   3.2761785E-03
   6.6666667E-01   1.8613966E+03   1.1695501E+03   3.0309467E+03   2.6230420E-02   5.5408646E-03   1.6039607E-02
   6.8115942E-01   1.5315954E+03   1.0479337E+03   2.5795291E+03   6.7434581E-02   5.3538385E-03   4.1920003E-02
   6.9565217E-01   1.2313221E+03   8.2088141E+02   2.0522035E+03   2.6889698E-02   8.1363787E-03   1.7815678E-02
   7.1014493E-01   1.1288730E+03   4.9484845E+02   1.6237215E+03   4.7072206E-02   1.6959224E-06   3.2725939E-02
   7.2463768E-01   1.1669145E+03   4.8495148E+02   1.6518660E+03   5.6987110E-02   1.2380561E-05   4.0260257E-02
   7.3913043E-01   6.5373361E+02   5.0515779E+02   1.1588914E+03   5.1575206E-02   4.6353129E-06   2.9095560E-02
   7.5362319E-01   6.9944925E+02   2.9143719E+02   9.9088643E+02   3.7268236E-02   5.8664058E-06   2.6305301E-02
   7.6811594E-01   6.1476750E+02   3.2882913E+02   9.4359663E+02   1.1479063E-01   4.3136001E-06   7.4788850E-02
   7.8260870E-01   4.7709347E+02   2.6661106E+02   7.4370452E+02   2.3492017E-02   8.6722115E-06   1.5069713E-02
   7.9710145E-01   3.9953389E+02   1.7910140E+02   5.7863529E+02   6.5180807E-02   2.5254018E-05   4.4998001E-02
   8.1159420E-01   3.6533733E+02   1.6237215E+02   5.2770948E+02   6.6676708E-02   1.9582835E-06   4.6160476E-02
   8.2608696E-01   3.1904702E+02   9.3055382E+01   4.1210241E+02   7.0525865E-02   1.4993315E-05   5.4602056E-02
   8.4057971E-01   1.4370868E+02   1.4370868E+02   2.8741736E+02   8.5372120E-02   6.3231103E-05   4.2656319E-02
   8.5507246E-01   1.7980193E+02   8.9900963E+01   2.6970289E+02   1.1569562E-02   2.6182247E-06   7.7138287E-03
   8.6956522E-01   1.1366050E+02   5.0515779E+01   1.6417628E+02   1.1018056E-01   1.1686764E-05   7.6275458E-02
   8.8405797E-01   1.1179722E+02   3.7265739E+01   1.4906295E+02   6.5564280E-02   2.1655934E-05   4.9178065E-02
   8.9855072E-01   6.1107797E+01   4.8886238E+01   1.0999403E+02   8.5527457E-02   5.2851836E-06   4.7517176E-02
   9.1304348E-01   3.6082699E+01   6.0137832E+01   9.6220531E+01   1.4822860E-01   6.4715875E-02   7.8861997E-02
   9.2753623E-01   4.7358543E+01   2.3679271E+01   7.1037814E+01   2.3036190E-01   6.6114311E-06   1.5357570E-01
   9.4202899E-01   4.6629950E+01   4.6629950E+01   9.3259900E+01   2.3721910E-01   1.3174386E-01   1.8153591E-01
   9.5652174E-01   3.4442577E+01   1.1480859E+01   4.5923435E+01   1.5254062E-01   2.0019050E-05   1.1440578E-01
   9.7101449E-01   2.2619005E+01   2.2619005E+01   4.5238011E+01   1.5357378E-01   0.0000000E+00   7.6786888E-02
   9.8550725E-01   1.1143187E+01   0.0000000E+00   1.1143187E+01   2.1509942E-01   0.0000000E+00   2.1509942E-01
   1.0000000E+00   0.0000000E+00   0.0000000E+00   0.0000000E+00   0.0000000E+00   0.0000000E+00   0.0000000E+00
