   0.0000000E+00   2.9097089E+05   1.3336166E+05   4.2433254E+05   0.0000000E+00   0.0000000E+00   0.0000000E+00
   1.4492754E-02   2.9854825E+05   1.4245450E+05   4.4100275E+05   0.0000000E+00   0.0000000E+00   0.0000000E+00
   2.8985507E-02   3.0498902E+05   1.3866581E+05   4.4365483E+05   0.0000000E+00   0.0000000E+00   0.0000000E+00
   4.3478261E-02   2.9122347E+05   1.4573802E+05   4.3696149E+05   0.0000000E+00   0.0000000E+00   0.0000000E+00
   5.7971014E-02   3.0498902E+05   1.4984243E+05   4.5483144E+05   0.0000000E+00   0.0000000E+00   0.0000000E+00
   7.2463768E-02   2.9839671E+05   1.5351745E+05   4.5191416E+05   0.0000000E+00   0.0000000E+00   0.0000000E+00
   8.6956522E-02   3.0536788E+05   1.5104218E+05   4.5641006E+05   0.0000000E+00   0.0000000E+00   0.0000000E+00
   1.0144928E-01   2.9789876E+05   1.4310399E+05   4.4100275E+05   0.0000000E+00   0.0000000E+00   0.0000000E+00
   1.1594203E-01   3.1086147E+05   1.5382055E+05   4.6468202E+05   0.0000000E+00   0.0000000E+00   0.0000000E+00
   1.3043478E-01   3.1067204E+05   1.5508344E+05   4.6575548E+05   0.0000000E+00   0.0000000E+00   0.0000000E+00
   1.4492754E-01   3.1658239E+05   1.5988244E+05   4.7646483E+05   0.0000000E+00   0.0000000E+00   0.0000000E+00
   1.5942029E-01   3.2066039E+05   1.5822920E+05   4.7888958E+05   0.0000000E+00   0.0000000E+00   0.0000000E+00
   1.7391304E-01   3.1591305E+05   1.5603061E+05   4.7194366E+05   0.0000000E+00   0.0000000E+00   0.0000000E+00
   1.8840580E-01   3.2775026E+05   1.6209736E+05   4.8978934E+05   0.0000000E+00   0.0000000E+00   0.0000000E+00
   2.0289855E-01   3.2923659E+05   1.6594433E+05   4.9518092E+05   0.0000000E+00   0.0000000E+00   0.0000000E+00
   2.1739130E-01   3.3062577E+05   1.7347118E+05   5.0409696E+05   0.0000000E+00   0.0000000E+00   0.0000000E+00
   2.3188406E-01   3.3141508E+05   1.6428678E+05   4.9570187E+05   0.0000000E+00   0.0000000E+00   0.0000000E+00
   2.4637681E-01   3.3875287E+05   1.6901985E+05   5.0777272E+05   0.0000000E+00   0.0000000E+00   0.0000000E+00
   2.6086957E-01   3.4902194E+05   1.6788077E+05   5.1690271E+05   0.0000000E+00   0.0000000E+00   0.0000000E+00
   2.7536232E-01   3.4740233E+05   1.7260444E+05   5.1992701E+05   0.0000000E+00   0.0000000E+00   0.0000000E+00
   2.8985507E-01   3.3946603E+05   1.6886162E+05   5.0828977E+05   0.0000000E+00   0.0000000E+00   0.0000000E+00
   3.0434783E-01   3.4588875E+05   1.7254747E+05   5.1843622E+05   0.0000000E+00   0.0000000E+00   0.0000000E+00
   3.1884058E-01   3.5127984E+05   1.7782702E+05   5.2910686E+05   0.0000000E+00   0.0000000E+00   0.0000000E+00
   3.3333333E-01   3.4658217E+05   1.7790340E+05   5.2448557E+05   0.0000000E+00   0.0000000E+00   0.0000000E+00
   3.4782609E-01   3.6049323E+05   1.7510032E+05   5.3559355E+05   0.0000000E+00   0.0000000E+00   0.0000000E+00
   3.6231884E-01   3.5504510E+05   1.8240237E+05   5.3744748E+05   0.0000000E+00   0.0000000E+00   0.0000000E+00
   3.7681159E-01   3.5601967E+05   1.8360543E+05   5.3959595E+05   0.0000000E+00   0.0000000E+00   0.0000000E+00
   3.9130435E-01   3.6480812E+05   1.8034133E+05   5.4512138E+05   0.0000000E+00   0.0000000E+00   0.0000000E+00
   4.0579710E-01   3.6119684E+05   1.8115319E+05   5.4232297E+05   0.0000000E+00   0.0000000E+00   0.0000000E+00
   4.2028986E-01   3.5882751E+05   1.8237938E+05   5.4115464E+05   0.0000000E+00   0.0000000E+00   0.0000000E+00
   4.3478261E-01   3.5863677E+05   1.7922998E+05   5.3784150E+05   0.0000000E+00   0.0000000E+00   0.0000000E+00
   4.4927536E-01   3.5532962E+05   1.8163682E+05   5.3689311E+05   0.0000000E+00   0.0000000E+00   0.0000000E+00
   4.6376812E-01   3.5556794E+05   1.7934680E+05   5.3486738E+05   0.0000000E+00   0.0000000E+00   0.0000000E+00
   4.7826087E-01   3.5340380E+05   1.7721854E+05   5.3059937E+05   0.0000000E+00   0.0000000E+00   0.0000000E+00
   4.9275362E-01   3.5103266E+05   1.7358856E+05   5.2455436E+05   0.0000000E+00   0.0000000E+00   0.0000000E+00
   5.0724638E-01   3.4920836E+05   1.7731038E+05   5.2647545E+05   0.0000000E+00   0.0000000E+00   0.0000000E+00
   5.2173913E-01   3.4062369E+05   1.7318493E+05   5.1378757E+05   0.0000000E+00   0.0000000E+00   0.0000000E+00
   5.3623188E-01   3.3924076E+05   1.6819706E+05   5.0737639E+05   0.0000000E+00   0.0000000E+00   0.0000000E+00
   5.5072464E-01   3.2963540E+05   1.6195625E+05   4.9155176E+05   0.0000000E+00   0.0000000E+00   0.0000000E+00
   5.6521739E-01   3.1867685E+05   1.6135906E+05   4.7999705E+05   0.0000000E+00   0.0000000E+00   0.0000000E+00
   5.7971014E-01   3.1800314E+05   1.5755240E+05   4.7547977E+05   0.0000000E+00   0.0000000E+00   0.0000000E+00
   5.9420290E-01   3.0438837E+05   1.5459676E+05   4.5894817E+05   0.0000000E+00   0.0000000E+00   0.0000000E+00
   6.0869565E-01   2.9809722E+05   1.4829989E+05   4.4634299E+05   0.0000000E+00   0.0000000E+00   0.0000000E+00
   6.2318841E-01   2.9056559E+05   1.4301839E+05   4.3351349E+05   0.0000000E+00   0.0000000E+00   0.0000000E+00
   6.3768116E-01   2.7283687E+05   1.3690924E+05   4.0971167E+05   0.0000000E+00   0.0000000E+00   0.0000000E+00
   6.5217391E-01   2.6263153E+05   1.3123999E+05   3.9387153E+05   0.0000000E+00   0.0000000E+00   0.0000000E+00
   6.6666667E-01   2.5002016E+05   1.2611374E+05   3.7610096E+05   0.0000000E+00   0.0000000E+00   0.0000000E+00
   6.8115942E-01   2.3781646E+05   1.1972240E+05   3.5753886E+05   0.0000000E+00   0.0000000E+00   0.0000000E+00
   6.9565217E-01   2.3276724E+05   1.1670724E+05   3.4944290E+05   0.0000000E+00   0.0000000E+00   0.0000000E+00
   7.1014493E-01   2.2206324E+05   1.1028935E+05   3.3232166E+05   0.0000000E+00   0.0000000E+00   0.0000000E+00
   7.2463768E-01   2.1099936E+05   1.0626499E+05   3.1724919E+05   0.0000000E+00   0.0000000E+00   0.0000000E+00
   7.3913043E-01   1.9814071E+05   1.0131385E+05   2.9943971E+05   0.0000000E+00   0.0000000E+00   0.0000000E+00
   7.5362319E-01   1.8532491E+05   9.1467561E+04   2.7677790E+05   0.0000000E+00   0.0000000E+00   0.0000000E+00
   7.6811594E-01   1.7499428E+05   8.7439954E+04   2.6237705E+05   0.0000000E+00   0.0000000E+00   0.0000000E+00
   7.8260870E-01   1.6205743E+05   8.0292024E+04   2.4232139E+05   0.0000000E+00   0.0000000E+00   0.0000000E+00
   7.9710145E-01   1.5346234E+05   7.5153702E+04   2.2861605E+05   0.0000000E+00   0.0000000E+00   0.0000000E+00
   8.1159420E-01   1.4199444E+05   6.9062286E+04   2.1101614E+05   0.0000000E+00   0.0000000E+00   0.0000000E+00
   8.2608696E-01   1.3102198E+05   6.5417934E+04   1.9641332E+05   0.0000000E+00   0.0000000E+00   0.0000000E+00
   8.4057971E-01   1.2091126E+05   6.0148615E+04   1.8103375E+05   0.0000000E+00   0.0000000E+00   0.0000000E+00
   8.5507246E-01   1.1046260E+05   5.5404679E+04   1.6586728E+05   0.0000000E+00   0.0000000E+00   0.0000000E+00
   8.6956522E-01   1.0021068E+05   5.0023250E+04   1.5022130E+05   0.0000000E+00   0.0000000E+00   0.0000000E+00
   8.8405797E-01   9.0481213E+04   4.4880371E+04   1.3534916E+05   0.0000000E+00   0.0000000E+00   0.0000000E+00
   8.9855072E-01   8.2067772E+04   3.9402308E+04   1.2147008E+05   0.0000000E+00   0.0000000E+00   0.0000000E+00
   9.1304348E-01   7.0686008E+04   3.4350730E+04   1.0503674E+05   0.0000000E+00   0.0000000E+00   0.0000000E+00
   9.2753623E-01   5.9754641E+04   2.9326778E+04   8.9081419E+04   0.0000000E+00   0.0000000E+00   0.0000000E+00
   9.4202899E-01   4.8110451E+04   2.4515696E+04   7.2626147E+04   0.0000000E+00   0.0000000E+00   0.0000000E+00
   9.5652174E-01   3.8920111E+04   1.9942252E+04   5.8862363E+04   0.0000000E+00   0.0000000E+00   0.0000000E+00
   9.7101449E-01   2.7029712E+04   1.3254737E+04   4.0284449E+04   0.0000000E+00   0.0000000E+00   0.0000000E+00
   9.8550725E-01   8.7251151E+03   4.2344109E+03   1.2959526E+04   0.0000000E+00   0.0000000E+00   0.0000000E+00
   1.0000000E+00   0.0000000E+00   0.0000000E+00   0.0000000E+00   0.0000000E+00   0.0000000E+00   0.0000000E+00
