   0.0000000E+00   9.6384106E+05   7.4561290E+05   1.7094540E+06   1.0792917E-02   6.5387140E-03   8.5027565E-03
   1.4492754E-02   1.0123362E+06   8.0926278E+05   1.8215990E+06   2.1963693E-03   2.8994031E-03   8.6721177E-05
   2.8985507E-02   9.8543656E+05   7.9865446E+05   1.7840910E+06   3.3083791E-03   7.1259954E-04   2.0457984E-03
   4.3478261E-02   1.0507282E+06   8.1936593E+05   1.8700941E+06   1.0058094E-03   2.1946193E-03   4.0621250E-04
   5.7971014E-02   1.0661355E+06   8.9299268E+05   1.9591282E+06   4.5055608E-03   8.4305336E-04   2.4166896E-03
   7.2463768E-02   1.0618922E+06   9.0140356E+05   1.9629927E+06   3.7742877E-04   3.4450225E-04   2.2237979E-04
   8.6956522E-02   1.0548958E+06   8.8263695E+05   1.9375327E+06   7.2676465E-04   2.3368341E-04   3.2990843E-04
   1.0144928E-01   1.0260837E+06   8.3664955E+05   1.8627333E+06   4.6020355E-04   2.2716982E-04   3.3024407E-04
   1.1594203E-01   9.8922524E+05   8.0064352E+05   1.7897740E+06   1.3090520E-03   2.3647378E-04   8.2279215E-04
   1.3043478E-01   9.2157619E+05   7.6388277E+05   1.6853748E+06   1.6674807E-03   1.2533501E-03   1.4069578E-03
   1.4492754E-01   8.9299268E+05   6.9901209E+05   1.5919290E+06   3.8581785E-03   7.0072379E-04   1.9275605E-03
   1.5942029E-01   8.4225877E+05   6.3436337E+05   1.4765533E+06   3.2330720E-03   8.1110850E-04   1.6618199E-03
   1.7391304E-01   7.8198426E+05   5.8907713E+05   1.3710614E+06   3.3526169E-03   1.7840299E-03   2.5102943E-03
   1.8840580E-01   7.4911014E+05   5.4807677E+05   1.2970121E+06   3.7529719E-03   1.4222608E-03   2.7773545E-03
   2.0289855E-01   7.0772606E+05   4.9902373E+05   1.2067498E+06   4.9162970E-03   5.5107912E-04   3.0455398E-03
   2.1739130E-01   6.7574957E+05   4.6439156E+05   1.1400906E+06   3.9645874E-03   1.5171540E-03   2.9548263E-03
   2.3188406E-01   6.5046958E+05   4.2982613E+05   1.0802957E+06   5.1278456E-03   1.9021256E-03   3.7971634E-03
   2.4637681E-01   6.0467387E+05   3.8622285E+05   9.9089672E+05   8.0719214E-03   1.7662392E-03   5.5586140E-03
   2.6086957E-01   5.9381298E+05   3.6619730E+05   9.5996819E+05   7.3989021E-03   7.4690311E-04   4.8355513E-03
   2.7536232E-01   5.5777396E+05   3.4576721E+05   9.0350129E+05   6.4219864E-03   1.5060869E-03   4.5158350E-03
   2.8985507E-01   5.2901387E+05   3.1150555E+05   8.4051942E+05   9.1052808E-03   1.8130340E-03   6.4017004E-03
   3.0434783E-01   5.0360623E+05   2.9331626E+05   7.9685033E+05   9.5513203E-03   1.7492215E-03   6.6800594E-03
   3.1884058E-01   4.8588143E+05   2.7116641E+05   7.5704783E+05   9.3885186E-03   3.5230636E-03   7.2849838E-03
   3.3333333E-01   4.6307595E+05   2.4988838E+05   7.1296433E+05   1.0415337E-02   3.2957808E-03   7.9190697E-03
   3.4782609E-01   4.3926627E+05   2.3537196E+05   6.7460666E+05   1.1356125E-02   2.0630388E-03   8.1021224E-03
   3.6231884E-01   4.2424161E+05   2.1725826E+05   6.4143926E+05   1.2465392E-02   2.9878792E-03   9.2564697E-03
   3.7681159E-01   4.0366965E+05   1.9808986E+05   6.0173036E+05   1.2664442E-02   2.2809202E-03   9.2098014E-03
   3.9130435E-01   3.8369541E+05   1.9016384E+05   5.7385925E+05   1.2902536E-02   5.0777178E-03   1.0307200E-02
   4.0579710E-01   3.6195458E+05   1.7609259E+05   5.3802011E+05   1.3272760E-02   4.6763358E-03   1.0305264E-02
   4.2028986E-01   3.4761824E+05   1.6327919E+05   5.1084517E+05   1.6377143E-02   2.4732888E-03   1.1927418E-02
   4.3478261E-01   3.3908717E+05   1.5629582E+05   4.9535773E+05   1.5514635E-02   3.2887915E-03   1.1655873E-02
   4.4927536E-01   3.2233141E+05   1.4177009E+05   4.6410150E+05   1.3702819E-02   2.9902144E-03   1.0401321E-02
   4.6376812E-01   3.0506005E+05   1.3629789E+05   4.4135794E+05   1.5534389E-02   3.6368279E-03   1.1855265E-02
   4.7826087E-01   2.9682612E+05   1.2902189E+05   4.2577913E+05   1.7769443E-02   5.2904834E-03   1.3960220E-02
   4.9275362E-01   2.8399525E+05   1.1987840E+05   4.0387365E+05   1.8404577E-02   5.2233440E-03   1.4489717E-02
   5.0724638E-01   2.7174602E+05   1.1208008E+05   3.8382610E+05   1.7229079E-02   5.7252892E-03   1.3769379E-02
   5.2173913E-01   2.5918804E+05   1.0463081E+05   3.6375570E+05   2.0651770E-02   5.2199811E-03   1.6218519E-02
   5.3623188E-01   2.4657161E+05   9.9365902E+04   3.4593752E+05   1.9042877E-02   6.2407158E-03   1.5343744E-02
   5.5072464E-01   2.3782962E+05   9.5395060E+04   3.3322468E+05   2.3521993E-02   7.6263273E-03   1.8954302E-02
   5.6521739E-01   2.2652441E+05   8.4847079E+04   3.1137149E+05   2.3179504E-02   8.9120247E-03   1.9261212E-02
   5.7971014E-01   2.1409850E+05   8.3237375E+04   2.9733587E+05   2.2498908E-02   7.2800044E-03   1.8224821E-02
   5.9420290E-01   2.0935710E+05   7.7307623E+04   2.8666472E+05   2.4498448E-02   5.6264229E-03   1.9408390E-02
   6.0869565E-01   1.9798577E+05   7.0902504E+04   2.6888827E+05   2.6307188E-02   3.9678755E-03   2.0411694E-02
   6.2318841E-01   1.8677328E+05   6.6821802E+04   2.5359508E+05   2.7995061E-02   8.3684251E-03   2.2810192E-02
   6.3768116E-01   1.8058243E+05   6.1910531E+04   2.4247574E+05   2.8258763E-02   8.0975593E-03   2.3104747E-02
   6.5217391E-01   1.6929521E+05   6.0820998E+04   2.3011621E+05   2.9048707E-02   8.5270295E-03   2.3598507E-02
   6.6666667E-01   1.6235332E+05   5.7505625E+04   2.1985895E+05   2.9037828E-02   8.0696008E-03   2.3549498E-02
   6.8115942E-01   1.5314342E+05   5.1961390E+04   2.0508869E+05   2.9852900E-02   7.1681355E-03   2.3984041E-02
   6.9565217E-01   1.4576959E+05   4.6648165E+04   1.9243355E+05   2.9523407E-02   1.0652486E-02   2.4910854E-02
   7.1014493E-01   1.4030500E+05   4.5417809E+04   1.8572281E+05   3.2950141E-02   8.7800980E-03   2.6995413E-02
   7.2463768E-01   1.3231598E+05   4.3024289E+04   1.7534027E+05   3.1614041E-02   1.3306845E-02   2.7121840E-02
   7.3913043E-01   1.2416481E+05   4.0486911E+04   1.6465172E+05   3.4113848E-02   1.3657115E-02   2.9067545E-02
   7.5362319E-01   1.1693917E+05   3.6823088E+04   1.5376226E+05   3.3211674E-02   1.3732579E-02   2.8539804E-02
   7.6811594E-01   1.1394644E+05   3.4484168E+04   1.4843061E+05   4.0956397E-02   1.2920365E-02   3.4413643E-02
   7.8260870E-01   1.0518508E+05   3.2610742E+04   1.3778179E+05   3.9049488E-02   1.4138843E-02   3.3031028E-02
   7.9710145E-01   9.9208397E+04   3.0144143E+04   1.2935254E+05   4.0594508E-02   1.5085574E-02   3.4639200E-02
   8.1159420E-01   9.0563065E+04   2.8983428E+04   1.1953296E+05   4.2954076E-02   1.3746934E-02   3.5820032E-02
   8.2608696E-01   8.6833965E+04   2.5856103E+04   1.1269007E+05   4.3533186E-02   1.6446316E-02   3.7316015E-02
   8.4057971E-01   8.3207327E+04   2.3620481E+04   1.0682781E+05   4.4026473E-02   1.4915322E-02   3.7569056E-02
   8.5507246E-01   7.6646992E+04   2.1242313E+04   9.7889305E+04   4.6835938E-02   1.8893595E-02   4.0771018E-02
   8.6956522E-01   7.1530343E+04   2.0383117E+04   9.1913460E+04   5.0532943E-02   1.8495913E-02   4.3424177E-02
   8.8405797E-01   6.4693322E+04   1.8061461E+04   8.2754783E+04   4.8557966E-02   2.3354077E-02   4.3055179E-02
   8.9855072E-01   5.9543437E+04   1.6792423E+04   7.6335860E+04   5.4052782E-02   2.0443543E-02   4.6610010E-02
   9.1304348E-01   5.3811332E+04   1.4613493E+04   6.8424825E+04   6.0804940E-02   2.3346983E-02   5.2791340E-02
   9.2753623E-01   4.8613544E+04   1.3580062E+04   6.2193606E+04   6.2284019E-02   2.3614167E-02   5.3823481E-02
   9.4202899E-01   4.3086074E+04   1.1424338E+04   5.4510411E+04   6.6839549E-02   2.0848315E-02   5.7186490E-02
   9.5652174E-01   3.5556220E+04   9.5405937E+03   4.5096814E+04   6.7771875E-02   2.7519928E-02   5.9193856E-02
   9.7101449E-01   2.7335068E+04   7.9279614E+03   3.5263030E+04   7.1372388E-02   2.2211674E-02   6.0318837E-02
   9.8550725E-01   1.5232736E+04   4.2566973E+03   1.9489433E+04   8.4008547E-02   3.3847212E-02   7.2793966E-02
   1.0000000E+00   1.6850751E+03   3.5014547E+02   2.0352206E+03   6.9837871E-02   2.0374993E-02   6.0348614E-02
