   0.0000000E+00   1.2123787E+06   1.0729551E+06   2.2853338E+06   1.5261094E-03   1.1978749E-06   8.1015115E-04
   1.4492754E-02   1.1729764E+06   1.1600949E+06   2.3330713E+06   4.0589759E-03   5.0385595E-05   2.0633783E-03
   2.8985507E-02   1.1570639E+06   1.1809326E+06   2.3379965E+06   1.5886600E-03   1.0365816E-04   7.9235577E-04
   4.3478261E-02   1.2032859E+06   1.2252602E+06   2.4285461E+06   2.7885651E-03   1.1467661E-04   1.3273402E-03
   5.7971014E-02   1.2523493E+06   1.2898573E+06   2.5422066E+06   1.4842277E-03   3.4470295E-04   7.3474965E-04
   7.2463768E-02   1.2478408E+06   1.2693605E+06   2.5170497E+06   1.8232917E-03   8.4697357E-05   8.6862527E-04
   8.6956522E-02   1.2434459E+06   1.2502655E+06   2.4935851E+06   9.3898154E-05   1.0865821E-05   5.2109123E-05
   1.0144928E-01   1.1871569E+06   1.2308891E+06   2.4180460E+06   1.3467509E-03   8.9128666E-05   6.8303561E-04
   1.1594203E-01   1.1413409E+06   1.1335741E+06   2.2749150E+06   1.6303733E-03   9.2035538E-05   8.0742259E-04
   1.3043478E-01   1.0914776E+06   1.0559482E+06   2.1472574E+06   2.1981147E-03   3.7217688E-05   1.1279491E-03
   1.4492754E-01   1.0390843E+06   9.7255503E+05   2.0115636E+06   2.8638381E-03   6.4092610E-05   1.5007750E-03
   1.5942029E-01   9.7816917E+05   8.7814793E+05   1.8563171E+06   3.6727825E-03   2.1973447E-05   1.9451857E-03
   1.7391304E-01   9.1124151E+05   7.9429748E+05   1.7054758E+06   2.5685550E-03   1.1963901E-04   1.3788852E-03
   1.8840580E-01   8.7635162E+05   7.1839266E+05   1.5943946E+06   3.0258165E-03   9.0136412E-05   1.6679748E-03
   2.0289855E-01   8.2788145E+05   6.6123350E+05   1.4889526E+06   4.7181458E-03   3.0475650E-05   2.6174233E-03
   2.1739130E-01   7.8137807E+05   6.0043055E+05   1.3816066E+06   4.6104910E-03   1.3553409E-04   2.5553360E-03
   2.3188406E-01   7.4698629E+05   5.3950852E+05   1.2863527E+06   4.8323729E-03   2.0652090E-04   2.7650090E-03
   2.4637681E-01   6.9894523E+05   4.8918589E+05   1.1880865E+06   5.1851676E-03   1.3881805E-04   3.0196637E-03
   2.6086957E-01   6.6828166E+05   4.4188678E+05   1.1101684E+06   6.9734732E-03   1.7054249E-04   4.1409858E-03
   2.7536232E-01   6.4060655E+05   3.9717367E+05   1.0377403E+06   6.4501771E-03   1.6520701E-04   3.9608724E-03
   2.8985507E-01   6.1236490E+05   3.6053111E+05   9.7285813E+05   6.1918419E-03   3.7920655E-04   4.0349261E-03
   3.0434783E-01   5.8031805E+05   3.2456388E+05   9.0480977E+05   7.8487609E-03   3.7599817E-06   5.0339197E-03
   3.1884058E-01   5.5442215E+05   2.9675724E+05   8.5117939E+05   6.2751973E-03   2.0572353E-04   4.1572720E-03
   3.3333333E-01   5.2178407E+05   2.7080850E+05   7.9249374E+05   8.3720937E-03   1.0976148E-04   5.4860636E-03
   3.4782609E-01   5.0443163E+05   2.4459109E+05   7.4902271E+05   7.3018361E-03   1.5765339E-04   4.8694043E-03
   3.6231884E-01   4.8728531E+05   2.1562155E+05   7.0287655E+05   6.9533436E-03   2.2135876E-04   4.8788631E-03
   3.7681159E-01   4.5295167E+05   1.9948875E+05   6.5244043E+05   7.6544102E-03   8.3414741E-05   5.3218516E-03
   3.9130435E-01   4.3609149E+05   1.8474743E+05   6.2083892E+05   7.7729543E-03   1.9783737E-04   5.4680217E-03
   4.0579710E-01   4.0620099E+05   1.6280514E+05   5.6900613E+05   8.7393136E-03   2.2536034E-04   6.2892361E-03
   4.2028986E-01   3.8999923E+05   1.4950929E+05   5.3948239E+05   7.3765274E-03   9.6045933E-05   5.3403623E-03
   4.3478261E-01   3.7369047E+05   1.2747657E+05   5.0114178E+05   7.6426546E-03   2.5328990E-04   5.7620701E-03
   4.4927536E-01   3.5014768E+05   1.2187339E+05   4.7202107E+05   7.5416866E-03   1.1251131E-04   5.5663255E-03
   4.6376812E-01   3.2973385E+05   1.0982446E+05   4.3955831E+05   7.2991777E-03   6.2604321E-04   5.6267898E-03
   4.7826087E-01   3.1652728E+05   1.0059529E+05   4.1707664E+05   8.0503098E-03   6.0581175E-04   6.1509264E-03
   4.9275362E-01   3.0104433E+05   9.2221012E+04   3.9326534E+05   7.4064831E-03   3.0760324E-04   5.6447488E-03
   5.0724638E-01   2.8343682E+05   8.1597416E+04   3.6503424E+05   7.2672598E-03   3.7918920E-04   5.7275428E-03
   5.2173913E-01   2.6741790E+05   7.3500458E+04   3.4087627E+05   7.1733344E-03   3.2210713E-04   5.5683795E-03
   5.3623188E-01   2.4935681E+05   6.8872121E+04   3.1822893E+05   9.2348149E-03   4.2522046E-04   7.1507433E-03
   5.5072464E-01   2.3567605E+05   6.2254051E+04   2.9791016E+05   8.1802825E-03   1.5623094E-04   6.4530036E-03
   5.6521739E-01   2.1881104E+05   5.6325094E+04   2.7513613E+05   9.6010311E-03   5.6806870E-04   7.7509784E-03
   5.7971014E-01   2.0532770E+05   5.1980737E+04   2.5728949E+05   7.8487355E-03   1.1080879E-04   6.2675162E-03
   5.9420290E-01   1.9135623E+05   4.5593571E+04   2.3694981E+05   8.9402798E-03   6.4292302E-04   7.2171587E-03
   6.0869565E-01   1.7864544E+05   4.2541502E+04   2.2118695E+05   7.9158356E-03   1.0699654E-04   6.3771657E-03
   6.2318841E-01   1.7177714E+05   3.7023367E+04   2.0880051E+05   9.1954584E-03   2.3077177E-04   7.5653613E-03
   6.3768116E-01   1.5624875E+05   3.3581512E+04   1.8983026E+05   1.0219962E-02   3.1252392E-04   8.4625545E-03
   6.5217391E-01   1.4604112E+05   3.1370299E+04   1.7742825E+05   8.7358963E-03   2.3032287E-04   7.2253697E-03
   6.6666667E-01   1.3542072E+05   2.8118620E+04   1.6353934E+05   8.7967246E-03   4.8509653E-04   7.3467857E-03
   6.8115942E-01   1.2665488E+05   2.4102475E+04   1.5075736E+05   1.0742702E-02   1.0446439E-03   9.1855302E-03
   6.9565217E-01   1.1427616E+05   2.3331975E+04   1.3760814E+05   9.7507252E-03   4.0343724E-04   8.1157791E-03
   7.1014493E-01   1.0722747E+05   2.1711476E+04   1.2893895E+05   9.6594661E-03   1.0666109E-03   8.2060230E-03
   7.2463768E-01   1.0074867E+05   1.9549606E+04   1.2029828E+05   8.0173258E-03   6.4999045E-04   6.6930925E-03
   7.3913043E-01   9.2087293E+04   1.6982216E+04   1.0906951E+05   1.0675168E-02   1.8495845E-04   9.0258097E-03
   7.5362319E-01   8.4414781E+04   1.5577318E+04   9.9992099E+04   9.2865806E-03   6.8700640E-04   7.8575333E-03
   7.6811594E-01   7.7303439E+04   1.4482779E+04   9.1786217E+04   8.0054099E-03   9.1627209E-04   6.8570862E-03
   7.8260870E-01   6.9010167E+04   1.2376366E+04   8.1386533E+04   1.2873376E-02   8.6431311E-04   1.1046671E-02
   7.9710145E-01   6.6212409E+04   1.1035402E+04   7.7234034E+04   1.1372998E-02   1.1297480E-03   9.8221077E-03
   8.1159420E-01   5.9116992E+04   1.0635376E+04   6.9752368E+04   1.1295808E-02   6.3195581E-04   9.5587962E-03
   8.2608696E-01   5.3387202E+04   9.0396657E+03   6.2426868E+04   9.1343274E-03   8.5413828E-04   7.9272492E-03
   8.4057971E-01   4.8233859E+04   8.2828458E+03   5.6516705E+04   9.3879519E-03   9.9980987E-04   7.9708590E-03
   8.5507246E-01   4.3524909E+04   7.1021760E+03   5.0627085E+04   8.9445648E-03   1.7539479E-03   7.6584786E-03
   8.6956522E-01   3.7621626E+04   6.1629250E+03   4.3784551E+04   1.1791738E-02   3.3999569E-04   1.0155948E-02
   8.8405797E-01   3.5054638E+04   5.0557185E+03   4.0110357E+04   8.7289415E-03   9.1970933E-04   7.7445648E-03
   8.9855072E-01   3.0382797E+04   5.3041568E+03   3.5686954E+04   1.3673590E-02   2.8501032E-03   1.2056764E-02
   9.1304348E-01   2.6953776E+04   4.3299239E+03   3.1283700E+04   8.3662523E-03   1.1756109E-03   7.0766355E-03
   9.2753623E-01   2.3122808E+04   3.7768438E+03   2.6899652E+04   1.6900660E-02   1.8139682E-03   1.4611768E-02
   9.4202899E-01   1.9188224E+04   2.7511670E+03   2.1939391E+04   1.4598826E-02   8.0763859E-06   1.2767143E-02
   9.5652174E-01   1.5659891E+04   2.2158058E+03   1.7875697E+04   1.5937946E-02   5.5273220E-06   1.3961726E-02
   9.7101449E-01   1.1513074E+04   1.6398779E+03   1.3152952E+04   1.4120384E-02   1.8461479E-03   1.2551435E-02
   9.8550725E-01   6.6079096E+03   9.1374130E+02   7.5216509E+03   1.8338513E-02   3.5607056E-06   1.6110783E-02
   1.0000000E+00   3.9391366E+02   6.5652276E+01   4.5956593E+02   2.0567693E-02   1.3920710E-01   1.7126800E-02
