   0.0000000E+00   3.3340414E+05   1.1517598E+05   4.4858012E+05   0.0000000E+00   0.0000000E+00   0.0000000E+00
   1.4492754E-02   2.9248636E+05   1.4472771E+05   4.3721407E+05   0.0000000E+00   0.0000000E+00   0.0000000E+00
   2.8985507E-02   3.0461015E+05   1.6101905E+05   4.6562919E+05   0.0000000E+00   0.0000000E+00   0.0000000E+00
   4.3478261E-02   2.9425441E+05   1.4093902E+05   4.3519344E+05   0.0000000E+00   0.0000000E+00   0.0000000E+00
   5.7971014E-02   2.7714219E+05   1.5419942E+05   4.3134161E+05   0.0000000E+00   0.0000000E+00   0.0000000E+00
   7.2463768E-02   2.9733587E+05   1.5427519E+05   4.5161106E+05   0.0000000E+00   0.0000000E+00   0.0000000E+00
   8.6956522E-02   3.1307154E+05   1.4636947E+05   4.5944101E+05   0.0000000E+00   0.0000000E+00   0.0000000E+00
   1.0144928E-01   3.0125446E+05   1.5436179E+05   4.5561624E+05   0.0000000E+00   0.0000000E+00   0.0000000E+00
   1.1594203E-01   3.0669392E+05   1.5618847E+05   4.6278768E+05   0.0000000E+00   0.0000000E+00   0.0000000E+00
   1.3043478E-01   3.1555523E+05   1.5794600E+05   4.7350123E+05   0.0000000E+00   0.0000000E+00   0.0000000E+00
   1.4492754E-01   3.1718858E+05   1.5472983E+05   4.7191841E+05   0.0000000E+00   0.0000000E+00   0.0000000E+00
   1.5942029E-01   3.1370299E+05   1.5850474E+05   4.7220772E+05   0.0000000E+00   0.0000000E+00   0.0000000E+00
   1.7391304E-01   3.0858826E+05   1.6524974E+05   4.7383801E+05   0.0000000E+00   0.0000000E+00   0.0000000E+00
   1.8840580E-01   3.2489418E+05   1.6681865E+05   4.9165453E+05   0.0000000E+00   0.0000000E+00   0.0000000E+00
   2.0289855E-01   3.3329589E+05   1.6599846E+05   4.9929435E+05   0.0000000E+00   0.0000000E+00   0.0000000E+00
   2.1739130E-01   3.2961546E+05   1.6670207E+05   4.9631753E+05   0.0000000E+00   0.0000000E+00   0.0000000E+00
   2.3188406E-01   3.3520377E+05   1.6144527E+05   4.9655432E+05   0.0000000E+00   0.0000000E+00   0.0000000E+00
   2.4637681E-01   3.3853001E+05   1.7031246E+05   5.0879790E+05   0.0000000E+00   0.0000000E+00   0.0000000E+00
   2.6086957E-01   3.4346520E+05   1.7276396E+05   5.1618707E+05   0.0000000E+00   0.0000000E+00   0.0000000E+00
   2.7536232E-01   3.4337436E+05   1.7408003E+05   5.1741451E+05   0.0000000E+00   0.0000000E+00   0.0000000E+00
   2.8985507E-01   3.4958182E+05   1.7606012E+05   5.2560405E+05   0.0000000E+00   0.0000000E+00   0.0000000E+00
   3.0434783E-01   3.5324963E+05   1.7384644E+05   5.2698782E+05   0.0000000E+00   0.0000000E+00   0.0000000E+00
   3.1884058E-01   3.6361028E+05   1.7686263E+05   5.4043847E+05   0.0000000E+00   0.0000000E+00   0.0000000E+00
   3.3333333E-01   3.4780114E+05   1.7823285E+05   5.2603398E+05   0.0000000E+00   0.0000000E+00   0.0000000E+00
   3.4782609E-01   3.5730442E+05   1.7544761E+05   5.3278361E+05   0.0000000E+00   0.0000000E+00   0.0000000E+00
   3.6231884E-01   3.5683336E+05   1.7679512E+05   5.3359817E+05   0.0000000E+00   0.0000000E+00   0.0000000E+00
   3.7681159E-01   3.5887575E+05   1.7996246E+05   5.3875078E+05   0.0000000E+00   0.0000000E+00   0.0000000E+00
   3.9130435E-01   3.5389110E+05   1.7795586E+05   5.3184696E+05   0.0000000E+00   0.0000000E+00   0.0000000E+00
   4.0579710E-01   3.6114272E+05   1.8169443E+05   5.4283715E+05   0.0000000E+00   0.0000000E+00   0.0000000E+00
   4.2028986E-01   3.6099621E+05   1.7882586E+05   5.3979594E+05   0.0000000E+00   0.0000000E+00   0.0000000E+00
   4.3478261E-01   3.5338313E+05   1.8314496E+05   5.3647757E+05   0.0000000E+00   0.0000000E+00   0.0000000E+00
   4.4927536E-01   3.6087821E+05   1.8029244E+05   5.4109732E+05   0.0000000E+00   0.0000000E+00   0.0000000E+00
   4.6376812E-01   3.5805426E+05   1.7704991E+05   5.3503314E+05   0.0000000E+00   0.0000000E+00   0.0000000E+00
   4.7826087E-01   3.5964938E+05   1.7809108E+05   5.3764862E+05   0.0000000E+00   0.0000000E+00   0.0000000E+00
   4.9275362E-01   3.5196869E+05   1.7561662E+05   5.2756302E+05   0.0000000E+00   0.0000000E+00   0.0000000E+00
   5.0724638E-01   3.5496716E+05   1.7204953E+05   5.2697339E+05   0.0000000E+00   0.0000000E+00   0.0000000E+00
   5.2173913E-01   3.4306528E+05   1.7314283E+05   5.1612392E+05   0.0000000E+00   0.0000000E+00   0.0000000E+00
   5.3623188E-01   3.3678324E+05   1.6915959E+05   5.0586091E+05   0.0000000E+00   0.0000000E+00   0.0000000E+00
   5.5072464E-01   3.2951576E+05   1.6355148E+05   4.9302736E+05   0.0000000E+00   0.0000000E+00   0.0000000E+00
   5.6521739E-01   3.1764710E+05   1.6054303E+05   4.7815128E+05   0.0000000E+00   0.0000000E+00   0.0000000E+00
   5.7971014E-01   3.1423340E+05   1.5825331E+05   4.7242988E+05   0.0000000E+00   0.0000000E+00   0.0000000E+00
   5.9420290E-01   3.0727147E+05   1.5570565E+05   4.6288471E+05   0.0000000E+00   0.0000000E+00   0.0000000E+00
   6.0869565E-01   2.9663587E+05   1.4967104E+05   4.4623474E+05   0.0000000E+00   0.0000000E+00   0.0000000E+00
   6.2318841E-01   2.8820427E+05   1.4125622E+05   4.2942524E+05   0.0000000E+00   0.0000000E+00   0.0000000E+00
   6.3768116E-01   2.7164860E+05   1.3814917E+05   4.0972889E+05   0.0000000E+00   0.0000000E+00   0.0000000E+00
   6.5217391E-01   2.6214322E+05   1.3233450E+05   3.9441036E+05   0.0000000E+00   0.0000000E+00   0.0000000E+00
   6.6666667E-01   2.4970718E+05   1.2301690E+05   3.7270761E+05   0.0000000E+00   0.0000000E+00   0.0000000E+00
   6.8115942E-01   2.3784871E+05   1.2007708E+05   3.5789355E+05   0.0000000E+00   0.0000000E+00   0.0000000E+00
   6.9565217E-01   2.3399856E+05   1.1310799E+05   3.4707497E+05   0.0000000E+00   0.0000000E+00   0.0000000E+00
   7.1014493E-01   2.2169210E+05   1.1174296E+05   3.3338868E+05   0.0000000E+00   0.0000000E+00   0.0000000E+00
   7.2463768E-01   2.0904440E+05   1.0668933E+05   3.1573372E+05   0.0000000E+00   0.0000000E+00   0.0000000E+00
   7.3913043E-01   2.0451462E+05   9.9426939E+04   3.0391184E+05   0.0000000E+00   0.0000000E+00   0.0000000E+00
   7.5362319E-01   1.8203167E+05   9.3565909E+04   2.7558300E+05   0.0000000E+00   0.0000000E+00   0.0000000E+00
   7.6811594E-01   1.7596647E+05   8.7611517E+04   2.6352080E+05   0.0000000E+00   0.0000000E+00   0.0000000E+00
   7.8260870E-01   1.6504628E+05   8.0600732E+04   2.4563298E+05   0.0000000E+00   0.0000000E+00   0.0000000E+00
   7.9710145E-01   1.5037629E+05   7.6007878E+04   2.2635661E+05   0.0000000E+00   0.0000000E+00   0.0000000E+00
   8.1159420E-01   1.4053309E+05   7.2309729E+04   2.1282929E+05   0.0000000E+00   0.0000000E+00   0.0000000E+00
   8.2608696E-01   1.2824361E+05   6.5444521E+04   1.9368813E+05   0.0000000E+00   0.0000000E+00   0.0000000E+00
   8.4057971E-01   1.2021884E+05   5.9364750E+04   1.7957053E+05   0.0000000E+00   0.0000000E+00   0.0000000E+00
   8.5507246E-01   1.0860036E+05   5.4402925E+04   1.6300329E+05   0.0000000E+00   0.0000000E+00   0.0000000E+00
   8.6956522E-01   1.0069058E+05   5.0250571E+04   1.5094115E+05   0.0000000E+00   0.0000000E+00   0.0000000E+00
   8.8405797E-01   8.9624101E+04   4.3538805E+04   1.3315048E+05   0.0000000E+00   0.0000000E+00   0.0000000E+00
   8.9855072E-01   8.0161208E+04   3.9304535E+04   1.1945352E+05   0.0000000E+00   0.0000000E+00   0.0000000E+00
   9.1304348E-01   6.9555417E+04   3.5084411E+04   1.0463983E+05   0.0000000E+00   0.0000000E+00   0.0000000E+00
   9.2753623E-01   5.8286526E+04   3.0380505E+04   8.8667032E+04   0.0000000E+00   0.0000000E+00   0.0000000E+00
   9.4202899E-01   4.9334487E+04   2.4037739E+04   7.3360569E+04   0.0000000E+00   0.0000000E+00   0.0000000E+00
   9.5652174E-01   3.7967200E+04   1.8989341E+04   5.6956541E+04   0.0000000E+00   0.0000000E+00   0.0000000E+00
   9.7101449E-01   2.6656498E+04   1.3141642E+04   3.9798140E+04   0.0000000E+00   0.0000000E+00   0.0000000E+00
   9.8550725E-01   9.3937062E+03   5.2595840E+03   1.4653290E+04   0.0000000E+00   0.0000000E+00   0.0000000E+00
   1.0000000E+00   0.0000000E+00   0.0000000E+00   0.0000000E+00   0.0000000E+00   0.0000000E+00   0.0000000E+00
