   0.0000000E+00   1.2063168E+06   9.2140781E+05   2.1277246E+06   8.5884289E-03   2.2488360E-03   4.8854589E-03
   1.4492754E-02   1.0699242E+06   1.0305219E+06   2.1004461E+06   2.8032134E-03   4.5636066E-04   1.5949176E-03
   2.8985507E-02   1.1510020E+06   9.8922524E+05   2.1402273E+06   3.5788879E-03   4.5575364E-04   1.8281231E-03
   4.3478261E-02   1.1992446E+06   1.0716923E+06   2.2706843E+06   6.9358978E-04   4.6834998E-04   1.4528517E-04
   5.7971014E-02   1.2163568E+06   1.1059167E+06   2.3222735E+06   7.3382277E-05   2.2364790E-04   8.4683589E-05
   7.2463768E-02   1.2404150E+06   1.1400906E+06   2.3803540E+06   8.1501793E-05   1.3095444E-04   7.7181103E-05
   8.6956522E-02   1.2116210E+06   1.1060430E+06   2.3175376E+06   5.4268996E-04   1.9748631E-05   2.8607566E-04
   1.0144928E-01   1.1612856E+06   1.0635376E+06   2.2247149E+06   1.5107533E-03   1.9134771E-04   8.7797899E-04
   1.1594203E-01   1.1173775E+06   1.0094000E+06   2.1265880E+06   4.3375902E-04   3.4652990E-04   2.8967409E-04
   1.3043478E-01   1.0608314E+06   9.4018284E+05   2.0009300E+06   3.2055505E-03   2.4609598E-04   1.7224597E-03
   1.4492754E-01   9.9513559E+05   8.5252954E+05   1.8475136E+06   2.4917858E-03   7.8631686E-05   1.3623326E-03
   1.5942029E-01   9.3835356E+05   7.9707011E+05   1.7353548E+06   1.3889030E-03   5.1110607E-04   9.4956853E-04
   1.7391304E-01   8.8661507E+05   7.1890268E+05   1.6053283E+06   1.8246223E-03   1.2512821E-04   1.0605185E-03
   1.8840580E-01   8.3257775E+05   6.5829832E+05   1.4907595E+06   5.3173085E-03   6.6329826E-04   3.2537023E-03
   2.0289855E-01   7.6785788E+05   6.0997803E+05   1.3776735E+06   5.3529285E-03   3.3489279E-04   3.0313775E-03
   2.1739130E-01   7.3217570E+05   5.4289308E+05   1.2750183E+06   3.0814483E-03   1.0496106E-03   2.1998115E-03
   2.3188406E-01   6.8755132E+05   4.9792772E+05   1.1854317E+06   4.6685331E-03   5.0540059E-04   2.8304827E-03
   2.4637681E-01   6.4487849E+05   4.5334940E+05   1.0982279E+06   4.0503244E-03   1.1096986E-03   2.8297219E-03
   2.6086957E-01   6.0930449E+05   4.1793388E+05   1.0271542E+06   6.1790772E-03   8.2630989E-04   3.9914345E-03
   2.7536232E-01   5.8190189E+05   3.7424216E+05   9.5606429E+05   5.1658281E-03   9.5445564E-04   3.5152462E-03
   2.8985507E-01   5.5151865E+05   3.5571949E+05   9.0716236E+05   7.8131575E-03   4.2861889E-04   4.8433782E-03
   3.0434783E-01   5.1421455E+05   3.2084736E+05   8.3502583E+05   7.0365612E-03   2.4237970E-04   4.3458037E-03
   3.1884058E-01   4.9373433E+05   2.8869768E+05   7.8236313E+05   6.7983537E-03   4.6952260E-04   4.1611807E-03
   3.3333333E-01   4.6854483E+05   2.6382415E+05   7.3233603E+05   5.7776835E-03   9.9799780E-04   4.0539325E-03
   3.4782609E-01   4.4662263E+05   2.4159171E+05   6.8821434E+05   9.2521873E-03   1.0093445E-03   6.3085097E-03
   3.6231884E-01   4.2236243E+05   2.2092571E+05   6.4328814E+05   8.4694782E-03   4.3713622E-04   5.6370965E-03
   3.7681159E-01   4.0372793E+05   2.0380202E+05   6.0747167E+05   7.7541163E-03   9.7891362E-04   5.3704459E-03
   3.9130435E-01   3.7566901E+05   1.8213745E+05   5.5775033E+05   9.8250410E-03   6.9768649E-04   6.7966262E-03
   4.0579710E-01   3.6460666E+05   1.6683738E+05   5.3144404E+05   1.0066435E-02   6.5947321E-04   7.1017311E-03
   4.2028986E-01   3.5138079E+05   1.5692988E+05   5.0823228E+05   1.1003209E-02   8.8463563E-04   7.8783900E-03
   4.3478261E-01   3.3353043E+05   1.4384368E+05   4.7734885E+05   1.1560968E-02   5.5114638E-04   8.2421470E-03
   4.4927536E-01   3.1837162E+05   1.3223727E+05   4.5056001E+05   1.0575133E-02   1.0829523E-03   7.7584950E-03
   4.6376812E-01   2.9899816E+05   1.2064589E+05   4.1962037E+05   9.8863437E-03   7.2331274E-04   7.2523330E-03
   4.7826087E-01   2.9218786E+05   1.1021624E+05   4.0240410E+05   1.2906336E-02   1.0313728E-03   9.5787117E-03
   4.9275362E-01   2.7820079E+05   1.0340877E+05   3.8160957E+05   1.2641582E-02   9.8912013E-04   9.3883431E-03
   5.0724638E-01   2.6691816E+05   9.4110896E+04   3.6102906E+05   1.2049325E-02   1.2565997E-03   9.1040712E-03
   5.2173913E-01   2.5857764E+05   8.7287056E+04   3.4582260E+05   1.3230228E-02   1.4854204E-03   1.0210729E-02
   5.3623188E-01   2.4282389E+05   7.9357558E+04   3.2218145E+05   1.0977927E-02   1.2835146E-03   8.5640939E-03
   5.5072464E-01   2.3154838E+05   7.2603139E+04   3.0415152E+05   1.3570286E-02   1.8412179E-03   1.0761940E-02
   5.6521739E-01   2.1918019E+05   6.8992897E+04   2.8817309E+05   1.2799682E-02   1.2065829E-03   9.7589163E-03
   5.7971014E-01   2.0962785E+05   6.1187237E+04   2.7079615E+05   1.4500932E-02   1.3791480E-03   1.1534958E-02
   5.9420290E-01   1.9874879E+05   5.8086985E+04   2.5681729E+05   1.5068070E-02   1.3551015E-03   1.1569407E-02
   6.0869565E-01   1.9235687E+05   5.3077651E+04   2.4541648E+05   1.4898909E-02   1.8189276E-03   1.2001377E-02
   6.2318841E-01   1.7577729E+05   4.8724231E+04   2.2448390E+05   1.4705889E-02   2.5217360E-03   1.2062094E-02
   6.3768116E-01   1.7260897E+05   4.3208212E+04   2.1579996E+05   1.6061464E-02   1.4852940E-03   1.2985342E-02
   6.5217391E-01   1.6471512E+05   4.2416416E+04   2.0713153E+05   1.5758770E-02   1.8370847E-03   1.2625525E-02
   6.6666667E-01   1.5540191E+05   3.7820944E+04   1.9322285E+05   1.5141804E-02   1.7948704E-03   1.2529145E-02
   6.8115942E-01   1.4651725E+05   3.5000986E+04   1.8151824E+05   1.8301527E-02   2.1493413E-03   1.5055802E-02
   6.9565217E-01   1.4022865E+05   3.1114563E+04   1.7134321E+05   1.8332993E-02   1.3748513E-03   1.5249607E-02
   7.1014493E-01   1.3337712E+05   2.9953795E+04   1.6333092E+05   1.7046680E-02   1.9208830E-03   1.4227536E-02
   7.2463768E-01   1.2428397E+05   2.6929962E+04   1.5121393E+05   1.9878677E-02   4.4947005E-04   1.6399966E-02
   7.3913043E-01   1.1773148E+05   2.3757274E+04   1.4148875E+05   1.8822746E-02   6.6389304E-04   1.5729605E-02
   7.5362319E-01   1.1182445E+05   2.2557238E+04   1.3438169E+05   1.9933278E-02   3.0341528E-03   1.7032003E-02
   7.6811594E-01   1.0219437E+05   2.1073658E+04   1.2326803E+05   1.9505837E-02   2.0929633E-03   1.6525624E-02
   7.8260870E-01   9.7579646E+04   1.9616961E+04   1.1718257E+05   2.1870629E-02   1.2673706E-03   1.8373870E-02
   7.9710145E-01   8.9068503E+04   1.7510606E+04   1.0656533E+05   2.3953607E-02   2.3172033E-03   2.0327917E-02
   8.1159420E-01   8.5204784E+04   1.5601257E+04   1.0080604E+05   2.3422106E-02   3.3645443E-03   2.0292574E-02
   8.2608696E-01   7.8232989E+04   1.5008504E+04   9.3241493E+04   2.2673178E-02   4.0863368E-03   1.9674227E-02
   8.4057971E-01   7.2207080E+04   1.1653468E+04   8.3860548E+04   2.0975634E-02   3.8169411E-03   1.8580735E-02
   8.5507246E-01   6.6616613E+04   1.1211934E+04   7.7828548E+04   2.1900213E-02   2.7566255E-03   1.9096733E-02
   8.6956522E-01   6.0442129E+04   1.0734603E+04   7.1176733E+04   2.3851592E-02   5.9795718E-03   2.1044379E-02
   8.8405797E-01   5.7016580E+04   8.9561992E+03   6.5972779E+04   3.0199586E-02   1.2842624E-03   2.6055087E-02
   8.9855072E-01   5.0059507E+04   7.3451572E+03   5.7404665E+04   2.6318120E-02   3.4041015E-03   2.3386121E-02
   9.1304348E-01   4.4081031E+04   7.0842366E+03   5.1165268E+04   2.6642124E-02   4.2960218E-03   2.3468870E-02
   9.2753623E-01   3.7792117E+04   5.8014215E+03   4.3593539E+04   2.7062755E-02   6.6233331E-03   2.4234377E-02
   9.4202899E-01   3.1988146E+04   4.8028848E+03   3.6791030E+04   2.9671182E-02   5.3080329E-03   2.6427053E-02
   9.5652174E-01   2.4844579E+04   3.9723772E+03   2.8816956E+04   2.7176374E-02   3.1260342E-03   2.3846262E-02
   9.7101449E-01   1.8524965E+04   2.6577331E+03   2.1182699E+04   2.9651473E-02   2.0049666E-03   2.6063272E-02
   9.8550725E-01   9.2377016E+03   1.4820438E+03   1.0719745E+04   2.9295451E-02   3.3793856E-03   2.5379610E-02
   1.0000000E+00   7.6594322E+02   6.5652276E+01   8.3159549E+02   3.1979875E-02   8.9847036E-07   2.9455196E-02
